       0.0000000000000001       0.0000000000000000       0.0000000000065387
       0.0000000000000200       0.0000000000000000       0.0000000047073845
       0.0000000000000613       0.0000000000000000       0.0000000143948883
       0.0000000000001653       0.0000000000000000       0.0000000388341163
       0.0000000000004163       0.0000000000000000       0.0000000977998705
       0.0000000000010064       0.0000000000000000       0.0000002364161468
       0.0000000000023719       0.0000000000000000       0.0000005572167311
       0.0000000000055013       0.0000000000000000       0.0000012923922295
       0.0000000000126280       0.0000000000000000       0.0000029666110702
       0.0000000000287911       0.0000000000000000       0.0000067637032698
       0.0000000000653502       0.0000000000000000       0.0000153523117168
       0.0000000001478965       0.0000000000000000       0.0000347444103993
       0.0000000003340581       0.0000000000000000       0.0000784782184850
       0.0000000007535704       0.0000000000000000       0.0001770316817800
       0.0000000016984462       0.0000000000000000       0.0003990055489442
       0.0000000030640615       0.0000000000000000       0.0007198122411024
       0.0000000048296638       0.0000000000000000       0.0011345789120281
       0.0000000069952519       0.0000000000000000       0.0016433055502303
       0.0000000095608257       0.0000000000000000       0.0022459921331259
       0.0000000125263850       0.0000000000000000       0.0029426386669930
       0.0000000158919294       0.0000000000000000       0.0037332451554288
       0.0000000196574589       0.0000000000000000       0.0046178115998023
       0.0000000238229735       0.0000000000000000       0.0055963380130850
       0.0000000283884732       0.0000000000000000       0.0066688243917104
       0.0000000333539582       0.0000000000000000       0.0078352707467588
       0.0000000387194283       0.0000000000000000       0.0090956770824547
       0.0000000444848836       0.0000000000000000       0.0104500433981347
       0.0000000506503242       0.0000000000000000       0.0118983697152952
       0.0000000572157498       0.0000000000000000       0.0134406560254338
       0.0000000641811607       0.0000000000000000       0.0150769023453566
       0.0000000715465567       0.0000000000000000       0.0168071086826964
       0.0000000793119379       0.0000000000000000       0.0186312750430884
       0.0000000874773043       0.0000000000000000       0.0205494014349342
       0.0000000960426558       0.0000000000000000       0.0225614878660107
       0.0000001050079926       0.0000000000000000       0.0246675343558242
       0.0000001143733144       0.0000000000000000       0.0268675409048091
       0.0000001241386215       0.0000000000000000       0.0291615075271864
       0.0000001343039138       0.0000000000000000       0.0315494342315108
       0.0000001448691912       0.0000000000000000       0.0340313210336009
       0.0000001558344538       0.0000000000000000       0.0366071679413583
       0.0000001671997016       0.0000000000000000       0.0392769749724363
       0.0000001789649345       0.0000000000000000       0.0420407421342643
       0.0000001911301527       0.0000000000000000       0.0448984694472676
       0.0000002036953560       0.0000000000000000       0.0478501569174327
       0.0000002166605445       0.0000000000000000       0.0508958045605836
       0.0000002300257181       0.0000000000000000       0.0540354123999233
       0.0000002437908770       0.0000000000000000       0.0572689804437555
       0.0000002579560210       0.0000000000000000       0.0605965087124106
       0.0000002725211502       0.0000000000000000       0.0640179972147254
       0.0000002874862645       0.0000000000000000       0.0675334459708639
       0.0000003028513641       0.0000000000000000       0.0711428549979421
       0.0000003186164488       0.0000000000000000       0.0748462243165837
       0.0000003347815187       0.0000000000000000       0.0786435539422714
       0.0000003513465738       0.0000000000000000       0.0825348438972496
       0.0000003683116140       0.0000000000000000       0.0865200941945587
       0.0000003856766394       0.0000000000000000       0.0905993048561943
       0.0000004034416500       0.0000000000000000       0.0947724759006235
       0.0000004216066458       0.0000000000000000       0.0990396073503330
       0.0000004401716268       0.0000000000000000       0.1034006992285093
       0.0000004591365929       0.0000000000000000       0.1078557515493368
       0.0000004785015442       0.0000000000000000       0.1124047643431891
       0.0000004982664807       0.0000000000000000       0.1170477376261310
       0.0000005184314023       0.0000000000000000       0.1217846714262568
       0.0000005389963092       0.0000000000000000       0.1266155657599826
       0.0000005599612012       0.0000000000000000       0.1315404206532102
       0.0000005813260784       0.0000000000000002       0.1365592361369058
       0.0000006030909408       0.0000000000000008       0.1416720122098846
       0.0000006252557884       0.0000000000000032       0.1468787488515735
       0.0000006478206213       0.0000000000000126       0.1521794459208869
       0.0000006707854398       0.0000000000000476       0.1575741028042081
       0.0000006941502451       0.0000000000001751       0.1630627172378348
       0.0000007179150411       0.0000000000006225       0.1686452815147263
       0.0000007420798376       0.0000000000020818       0.1743217720789798
       0.0000007666446489       0.0000000000062592       0.1800921305918796
       0.0000007916094635       0.0000000000167388       0.1859562341526464
       0.0000008169742367       0.0000000000436403       0.1919137410312810
       0.0000008427389595       0.0000000001217823       0.1979634861683283
       0.0000008689036695       0.0000000003623158       0.2041017515263206
       0.0000008954684079       0.0000000010956579       0.2103174692461533
       0.0000009224332002       0.0000000032188643       0.2165805203782017
       0.0000009497980464       0.0000000087132992       0.2228239146591549
       0.0000009775629064       0.0000000201407559       0.2289582957153732
       0.0000010057276943       0.0000000371978586       0.2349828038364085
       0.0000010342923557       0.0000000550212544       0.2410460245852334
       0.0000010632569465       0.0000000692033828       0.2472936880056772
       0.0000010926215650       0.0000000789890785       0.2537536967554598
       0.0000011223862223       0.0000000855107786       0.2603985978760524
       0.0000011525508861       0.0000000900864521       0.2671928591865339
       0.0000011831155415       0.0000000936515755       0.2741059509690663
       0.0000012140801617       0.0000000966892426       0.2811245381553817
       0.0000012454447522       0.0000000994709427       0.2882408224939096
       0.0000012772093352       0.0000001021387128       0.2954489579821953
       0.0000013093739051       0.0000001047385726       0.3027506962588480
       0.0000013419384680       0.0000001073433750       0.3101428119545986
       0.0000013749030175       0.0000001099728367       0.3176243901519538
       0.0000014082675499       0.0000001126318167       0.3251952159602904
       0.0000014420320635       0.0000001153216945       0.3328552285470289
       0.0000014761965612       0.0000001180428605       0.3406044122047718
       0.0000015107610439       0.0000001207954500       0.3484427621599788
       0.0000015457255124       0.0000001235795185       0.3563702766985176
       0.0000015810899670       0.0000001263950919       0.3643869548356450
       0.0000016168544085       0.0000001292421784       0.3724927968507533
       0.0000016530188363       0.0000001321207905       0.3806878023032313
       0.0000016895832508       0.0000001350309320       0.3889719710466259
       0.0000017265476519       0.0000001379726043       0.3973453030788331
       0.0000017639120398       0.0000001409458076       0.4058077984069650
       0.0000018016764143       0.0000001439505420       0.4143594570667814
       0.0000018398407756       0.0000001469868077       0.4230002790961697
       0.0000018784051235       0.0000001500546045       0.4317302645188472
       0.0000019173694581       0.0000001531539326       0.4405494133727719
       0.0000019567337794       0.0000001562847919       0.4494577256944338
       0.0000019964980874       0.0000001594471825       0.4584552015157844
       0.0000019999289525       0.0000001597193481       0.4592307647696955
       0.0000019997293810       0.0000001597348922       0.4591826203927676
       0.0000019995294123       0.0000001597501099       0.4591345043487355
       0.0000019992294756       0.0000001597722246       0.4590623751521992
       0.0000019987796125       0.0000001598038662       0.4589542859746726
       0.0000019981049159       0.0000001598481082       0.4587923776162341
       0.0000019970930859       0.0000001599078980       0.4585499861172899
       0.0000019955758207       0.0000001599847281       0.4581873523315136
       0.0000019933010023       0.0000001600762502       0.4576453091624923
       0.0000019898912055       0.0000001601730926       0.4568357317328792
       0.0000019847819811       0.0000001602559979       0.4556274956841843
       0.0000019771304559       0.0000001602962188       0.4538253447167068
       0.0000019656808717       0.0000001602628470       0.4511384932821178
       0.0000019485688341       0.0000001601404719       0.4471341218336490
       0.0000019230410457       0.0000001599548058       0.4411705590281857
       0.0000018850649718       0.0000001597850490       0.4323041331731080
       0.0000018464321628       0.0000001597006321       0.4232862558073555
       0.0000018081992128       0.0000001596642058       0.4143618528419900
       0.0000017703662485       0.0000001596496388       0.4055309752960140
       0.0000017329332699       0.0000001596441355       0.3967938272085586
       0.0000016959002765       0.0000001596421499       0.3881505376321838
       0.0000016592672683       0.0000001596414610       0.3796011683054538
       0.0000016230342452       0.0000001596412303       0.3711457451224533
       0.0000015872012071       0.0000001596411555       0.3627842780949469
       0.0000015517681543       0.0000001596411320       0.3545167708507684
       0.0000015167350866       0.0000001596411248       0.3463432246202506
       0.0000014821020042       0.0000001596411227       0.3382636397989103
       0.0000014478689069       0.0000001596411221       0.3302780164796615
       0.0000014140357948       0.0000001596411219       0.3223863546653915
       0.0000013806026679       0.0000001596411218       0.3145886543327124
       0.0000013475695261       0.0000001596411218       0.3068849154444199
       0.0000013149363696       0.0000001596411218       0.2992751379699383
       0.0000012827031982       0.0000001596411218       0.2917593218669829
       0.0000012508700120       0.0000001596411218       0.2843374671014536
       0.0000012194368110       0.0000001596411218       0.2770095736386414
       0.0000011884035951       0.0000001596411218       0.2697756414398487
       0.0000011577703644       0.0000001596411218       0.2626356704660930
       0.0000011275371190       0.0000001596411218       0.2555896606890364
       0.0000010977038586       0.0000001596411218       0.2486376120710395
       0.0000010682705835       0.0000001596411218       0.2417795245782358
       0.0000010392372936       0.0000001596411218       0.2350153981801167
       0.0000010106039888       0.0000001596411218       0.2283452328400263
       0.0000009823706692       0.0000001596411218       0.2217690285246074
       0.0000009545373348       0.0000001596411218       0.2152867852039263
       0.0000009271039856       0.0000001596411218       0.2088985028447336
       0.0000009000706215       0.0000001596411218       0.2026041814213025
       0.0000008734372426       0.0000001596411218       0.1964038208943764
       0.0000008472038489       0.0000001596411218       0.1902974212372210
       0.0000008213704404       0.0000001596411218       0.1842849824229847
       0.0000007959370171       0.0000001596411218       0.1783665044207134
       0.0000007709035789       0.0000001596411218       0.1725419871964002
       0.0000007462701259       0.0000001596411218       0.1668114307236301
       0.0000007220366581       0.0000001596411218       0.1611748349842208
       0.0000006982031754       0.0000001596411218       0.1556321999382577
       0.0000006747696780       0.0000001596411218       0.1501835255601558
       0.0000006517361657       0.0000001596411218       0.1448288118313936
       0.0000006291026386       0.0000001596411218       0.1395680587198617
       0.0000006068690967       0.0000001596411218       0.1344012661942868
       0.0000005850355399       0.0000001596411218       0.1293284342408581
       0.0000005636019684       0.0000001596411218       0.1243495628324176
       0.0000005425683820       0.0000001596411218       0.1194646519374249
       0.0000005219347808       0.0000001596411218       0.1146737015354235
       0.0000005017011647       0.0000001596411218       0.1099767116057192
       0.0000004818675339       0.0000001596411218       0.1053736821238007
       0.0000004624338882       0.0000001596411218       0.1008646130663718
       0.0000004434002277       0.0000001596411218       0.0964495044113817
       0.0000004247665523       0.0000001596411218       0.0921283561355696
       0.0000004065328622       0.0000001596411218       0.0879011682198767
       0.0000003886991572       0.0000001596411218       0.0837679406467694
       0.0000003712654374       0.0000001596411218       0.0797286733912012
       0.0000003542317028       0.0000001596411218       0.0757833664360284
       0.0000003375979533       0.0000001596411218       0.0719320197580897
       0.0000003213641891       0.0000001596411218       0.0681746333465360
       0.0000003055304100       0.0000001596411218       0.0645112071720027
       0.0000002900966160       0.0000001596411218       0.0609417412251931
       0.0000002750628073       0.0000001596411218       0.0574662354872512
       0.0000002604289837       0.0000001596411218       0.0540846899370878
       0.0000002461951454       0.0000001596411218       0.0507971045632221
       0.0000002323612922       0.0000001596411218       0.0476034793476607
       0.0000002189274241       0.0000001596411218       0.0445038142726840
       0.0000002058935412       0.0000001596411218       0.0414981093242660
       0.0000001932596436       0.0000001596411218       0.0385863644889682
       0.0000001810257311       0.0000001596411218       0.0357685797496370
       0.0000001691918037       0.0000001596411218       0.0330447550970773
       0.0000001577578616       0.0000001596411218       0.0304148905147560
       0.0000001467239046       0.0000001596411218       0.0278789859905685
       0.0000001360899328       0.0000001596411218       0.0254370415124352
       0.0000001258559462       0.0000001596411218       0.0230890570659024
       0.0000001160219447       0.0000001596411218       0.0208350326419441
       0.0000001065879284       0.0000001596411218       0.0186749682281481
       0.0000000975538973       0.0000001596411218       0.0166088638199321
       0.0000000889198514       0.0000001596411218       0.0146367194010426
       0.0000000806857907       0.0000001596411218       0.0127585349605750
       0.0000000728517151       0.0000001596411218       0.0109743104890257
       0.0000000654176247       0.0000001596411218       0.0092840459836405
       0.0000000583835195       0.0000001596411218       0.0076877414323817
       0.0000000517493994       0.0000001596411218       0.0061853968275096
       0.0000000455152645       0.0000001596411218       0.0047770121648093
       0.0000000396811149       0.0000001596411218       0.0034625874323071
       0.0000000342469503       0.0000001596411218       0.0022421226243323
       0.0000000292127710       0.0000001596411218       0.0011156177387083
       0.0000000245785768       0.0000001596411218       0.0000830727659916
       0.0000000203443678       0.0000001596411218      -0.0008555122934997
       0.0000000165101440       0.0000001596411218      -0.0017001374521886
       0.0000000130759054       0.0000001596411218      -0.0024508027090340
       0.0000000100416519       0.0000001596411218      -0.0031075080708271
       0.0000000074073836       0.0000001596411218      -0.0036702535344065
       0.0000000051731005       0.0000001596411218      -0.0041390391091639
       0.0000000033388025       0.0000001596411218      -0.0045138647991272
       0.0000000019044898       0.0000001596411218      -0.0047947305974261
       0.0000000008701622       0.0000001596411218      -0.0049816365102312
       0.0000000002358198       0.0000001596411218      -0.0050745825406595
       0.0000000000014625       0.0000001596411218      -0.0050735686884932
       0.0000000001670905       0.0000001596411218      -0.0049785949486007
       0.0000000007327036       0.0000001596411218      -0.0047896613236271
       0.0000000016983019       0.0000001596411218      -0.0045067678172607
       0.0000000030638854       0.0000001596411218      -0.0041299144219018
       0.0000000048294540       0.0000001596411218      -0.0036591011368776
       0.0000000069950078       0.0000001596411218      -0.0030943279646625
       0.0000000095605468       0.0000001596411218      -0.0024355948969488
       0.0000000125260710       0.0000001596411218      -0.0016829019319227
       0.0000000158915803       0.0000001596411218      -0.0008362490638027
       0.0000000196570748       0.0000001596411218       0.0001043637045916
       0.0000000238225545       0.0000001596411218       0.0011389363823387
       0.0000000283880194       0.0000001596411218       0.0022674689762457
       0.0000000333534694       0.0000001596411218       0.0034899614873738
       0.0000000387189046       0.0000001596411218       0.0048064139294236
       0.0000000444843250       0.0000001596411218       0.0062168263013744
       0.0000000506497306       0.0000001596411217       0.0077211986115938
       0.0000000572151213       0.0000001596411213       0.0093195308820618
       0.0000000641804972       0.0000001596411196       0.0110118231481900
       0.0000000715458581       0.0000001596411133       0.0127980755263579
       0.0000000793112038       0.0000001596410902       0.0146782884261195
       0.0000000874765333       0.0000001596410078       0.0166524632619238
       0.0000000960418430       0.0000001596407236       0.0187206047103965
       0.0000001050071227       0.0000001596398010       0.0208827270541608
       0.0000001143723506       0.0000001596371830       0.0231388642229674
       0.0000001241375120       0.0000001596315457       0.0254890582444008
       0.0000001343026709       0.0000001596235455       0.0279332869502737
       0.0000001448679232       0.0000001596161763       0.0304714535897950
       0.0000001558332555       0.0000001596112852       0.0331034957621627
       0.0000001671985868       0.0000001596085914       0.0358294239229068
       0.0000001789638746       0.0000001596071300       0.0386492686718032
       0.0000001911291102       0.0000001596057902       0.0415630668620070
       0.0000002036943035       0.0000001596027699       0.0445708769220464
       0.0000002166594646       0.0000001595934772       0.0476728442639022
       0.0000002300245954       0.0000001595648348       0.0508693816898717
       0.0000002437896967       0.0000001594802171       0.0541616437044338
       0.0000002579547795       0.0000001592377176       0.0575528408372871
       0.0000002725198510       0.0000001585523015       0.0610519377670450
       0.0000002874849078       0.0000001566445037       0.0646833764793651
       0.0000003028499485       0.0000001515931788       0.0685070424575370
       0.0000003186149661       0.0000001398676567       0.0726315380102157
       0.0000003347800088       0.0000001187356684       0.0771369125888461
       0.0000003513452152       0.0000000919632678       0.0818990857654886
       0.0000003683106296       0.0000000682201938       0.0866433389316008
       0.0000003856760914       0.0000000523457089       0.0912147312655241
       0.0000004034413811       0.0000000436557199       0.0956421811407136
       0.0000004216064505       0.0000000397187871       0.1000034636362369
       0.0000004401714009       0.0000000384648854       0.1043641819596365
       0.0000004591363456       0.0000000385897609       0.1087709065504665
       0.0000004785013159       0.0000000394469586       0.1132439353059552
       0.0000004982662858       0.0000000406874969       0.1177945059630379
       0.0000005184312456       0.0000000421331205       0.1224315026555028
       0.0000005389962090       0.0000000437425275       0.1271511792486064
       0.0000005599611584       0.0000000454134826       0.1319584664272551
       0.0000005813260976       0.0000000471224279       0.1368545983393497
       0.0000006030910279       0.0000000488641128       0.1418398250409698
       0.0000006252559563       0.0000000506368852       0.1469142218739743
       0.0000006478208738       0.0000000524402350       0.1520778020798796
       0.0000006707857656       0.0000000542743840       0.1573305615710767
       0.0000006941506204       0.0000000561403123       0.1626724729394667
       0.0000007179154445       0.0000000580387324       0.1681035160114421
       0.0000007420802527       0.0000000599696928       0.1736236907575630
       0.0000007666450516       0.0000000619329239       0.1792330052797630
       0.0000007916098422       0.0000000639281380       0.1849314679095813
       0.0000008169746242       0.0000000659551275       0.1907190857822192
       0.0000008427393952       0.0000000680137829       0.1965958620833695
       0.0000008689041542       0.0000000701040406       0.2025617987212516
       0.0000008954689005       0.0000000722258662       0.2086168967543412
       0.0000009224336341       0.0000000743792417       0.2147611571342442
       0.0000009497983539       0.0000000765641637       0.2209945793700702
       0.0000009775630609       0.0000000787806208       0.2273171640227151
       0.0000010057277545       0.0000000810286098       0.2337289112455915
       0.0000010342924350       0.0000000833081299       0.2402298211109827
       0.0000010632571022       0.0000000856191811       0.2468198936559715
       0.0000010926217560       0.0000000879617632       0.2534991289001433
       0.0000011223863966       0.0000000903358763       0.2602675268747721
       0.0000011525510238       0.0000000927415203       0.2671250876070816
       0.0000011831156378       0.0000000951786952       0.2740718111285865
       0.0000012140802385       0.0000000976474012       0.2811076974611332
       0.0000012454448258       0.0000001001476381       0.2882327466341182
       0.0000012772093998       0.0000001026794060       0.2954469586722326
       0.0000013093739606       0.0000001052427049       0.3027503336101487
       0.0000013419385080       0.0000001078375349       0.3101428714668857
       0.0000013749030422       0.0000001104638959       0.3176245722863332
       0.0000014082675630       0.0000001131217879       0.3251954360854898
       0.0000014420320705       0.0000001158112110       0.3328554628998815
       0.0000014761965648       0.0000001185321652       0.3406046527589537
       0.0000015107610457       0.0000001212846504       0.3484430056885757
       0.0000015457255134       0.0000001240686668       0.3563705217276131
       0.0000015810899677       0.0000001268842143       0.3643872008985360
       0.0000016168544087       0.0000001297312928       0.3724930432357544
       0.0000016530188364       0.0000001326099026       0.3806880487728057
       0.0000016895832509       0.0000001355200434       0.3889722175401876
       0.0000017265476520       0.0000001384617155       0.3973455495760272
       0.0000017639120398       0.0000001414349187       0.4058080449074711
       0.0000018016764143       0.0000001444396531       0.4143597035721658
       0.0000018398407756       0.0000001474759187       0.4230005255948936
       0.0000018784051235       0.0000001505437156       0.4317305110219863
       0.0000019173694581       0.0000001536430437       0.4405496598715724
       0.0000019567337794       0.0000001567739030       0.4494579721969220
       0.0000019964980875       0.0000001599362936       0.4584554480199957
       0.0000019999289526       0.0000001602084592       0.4592310112714605
       0.0000019997293810       0.0000001602240033       0.4591828668942514
       0.0000019995294123       0.0000001602392210       0.4591347508465950
       0.0000019992294756       0.0000001602613357       0.4590626216528538
       0.0000019987796125       0.0000001602929773       0.4589545324799701
       0.0000019981049159       0.0000001603372193       0.4587926241168753
       0.0000019970930859       0.0000001603970091       0.4585502326180221
       0.0000019955758207       0.0000001604738392       0.4581875988307356
       0.0000019933010023       0.0000001605653613       0.4576455556647139
       0.0000019898912055       0.0000001606622037       0.4568359782350698
       0.0000019847819811       0.0000001607451090       0.4556277421841975
       0.0000019771304559       0.0000001607853298       0.4538255912184070
       0.0000019656808717       0.0000001607519581       0.4511387397800940
       0.0000019485688341       0.0000001606295830       0.4471343683360956
       0.0000019230410457       0.0000001604439169       0.4411708055290200
       0.0000018850649718       0.0000001602741600       0.4323043796739502
       0.0000018464321628       0.0000001601897432       0.4232865023112872
       0.0000018081992129       0.0000001601533169       0.4143620993466692
       0.0000017703662485       0.0000001601387499       0.4055312217943685
       0.0000017329332699       0.0000001601332466       0.3967940737076337
       0.0000016959002766       0.0000001601312609       0.3881507841356258
       0.0000016592672683       0.0000001601305721       0.3796014148085498
       0.0000016230342452       0.0000001601303414       0.3711459916234061
       0.0000015872012071       0.0000001601302666       0.3627845245973836
       0.0000015517681543       0.0000001601302431       0.3545170173501584
       0.0000015167350866       0.0000001601302359       0.3463434711226062
       0.0000014821020042       0.0000001601302338       0.3382638863028805
       0.0000014478689069       0.0000001601302331       0.3302782629830355
       0.0000014140357948       0.0000001601302330       0.3223866011681352
       0.0000013806026679       0.0000001601302329       0.3145889008340391
       0.0000013475695261       0.0000001601302329       0.3068851619485490
       0.0000013149363696       0.0000001601302329       0.2992753844752910
       0.0000012827031982       0.0000001601302329       0.2917595683742992
       0.0000012508700120       0.0000001601302329       0.2843377136110153
       0.0000012194368110       0.0000001601302329       0.2770098201437154
       0.0000011884035951       0.0000001601302329       0.2697758879447733
       0.0000011577703645       0.0000001601302329       0.2626359169734830
       0.0000011275371190       0.0000001601302329       0.2555899071963201
       0.0000010977038587       0.0000001601302329       0.2486378585773118
       0.0000010682705835       0.0000001601302329       0.2417797710897187
       0.0000010392372936       0.0000001601302329       0.2350156446882095
       0.0000010106039888       0.0000001601302329       0.2283454793462926
       0.0000009823706692       0.0000001601302329       0.2217692750332358
       0.0000009545373348       0.0000001601302329       0.2152870317125567
       0.0000009271039856       0.0000001601302329       0.2088987493573911
       0.0000009000706215       0.0000001601302329       0.2026044279299219
       0.0000008734372426       0.0000001601302329       0.1964040674070486
       0.0000008472038489       0.0000001601302329       0.1902976677486125
       0.0000008213704404       0.0000001601302329       0.1842852289354218
       0.0000007959370171       0.0000001601302329       0.1783667509302815
       0.0000007709035789       0.0000001601302329       0.1725422337065371
       0.0000007462701259       0.0000001601302329       0.1668116772419434
       0.0000007220366581       0.0000001601302329       0.1611750814932672
       0.0000006982031754       0.0000001601302329       0.1556324464478961
       0.0000006747696780       0.0000001601302329       0.1501837720740037
       0.0000006517361657       0.0000001601302329       0.1448290583426259
       0.0000006291026386       0.0000001601302329       0.1395683052310761
       0.0000006068690967       0.0000001601302329       0.1344015127101917
       0.0000005850355400       0.0000001601302329       0.1293286807595072
       0.0000005636019684       0.0000001601302329       0.1243498093495409
       0.0000005425683820       0.0000001601302329       0.1194648984538736
       0.0000005219347808       0.0000001601302329       0.1146739480484159
       0.0000005017011647       0.0000001601302329       0.1099769581209423
       0.0000004818675339       0.0000001601302329       0.1053739286384594
       0.0000004624338882       0.0000001601302329       0.1008648595806376
       0.0000004434002277       0.0000001601302329       0.0964497509244261
       0.0000004247665524       0.0000001601302329       0.0921286026524795
       0.0000004065328622       0.0000001601302329       0.0879014147408206
       0.0000003886991572       0.0000001601302329       0.0837681871638121
       0.0000003712654374       0.0000001601302329       0.0797289199075264
       0.0000003542317028       0.0000001601302329       0.0757836129539546
       0.0000003375979533       0.0000001601302329       0.0719322662776396
       0.0000003213641891       0.0000001601302329       0.0681748798645017
       0.0000003055304100       0.0000001601302329       0.0645114536918383
       0.0000002900966161       0.0000001601302329       0.0609419877455031
       0.0000002750628073       0.0000001601302329       0.0574664820088059
       0.0000002604289838       0.0000001601302329       0.0540849364584603
       0.0000002461951454       0.0000001601302329       0.0507973510831511
       0.0000002323612922       0.0000001601302329       0.0476037258672888
       0.0000002189274241       0.0000001601302329       0.0445040607930729
       0.0000002058935413       0.0000001601302329       0.0414983558428113
       0.0000001932596436       0.0000001601302329       0.0385866110095291
       0.0000001810257311       0.0000001601302329       0.0357688262733443
       0.0000001691918037       0.0000001601302329       0.0330450016185891
       0.0000001577578616       0.0000001601302329       0.0304151370344291
       0.0000001467239046       0.0000001601302329       0.0278792325134494
       0.0000001360899328       0.0000001601302329       0.0254372880354085
       0.0000001258559462       0.0000001601302329       0.0230893035883596
       0.0000001160219447       0.0000001601302329       0.0208352791646820
       0.0000001065879284       0.0000001601302329       0.0186752147550675
       0.0000000975538973       0.0000001601302329       0.0166091103453917
       0.0000000889198514       0.0000001601302329       0.0146369659255579
       0.0000000806857907       0.0000001601302329       0.0127587814850702
       0.0000000728517151       0.0000001601302329       0.0109745570162179
       0.0000000654176247       0.0000001601302329       0.0092842925111889
       0.0000000583835195       0.0000001601302329       0.0076879879589719
       0.0000000517493994       0.0000001601302329       0.0061856433610051
       0.0000000455152645       0.0000001601302329       0.0047772586892547
       0.0000000396811149       0.0000001601302329       0.0034628339588155
       0.0000000342469503       0.0000001601302329       0.0022423691516755
       0.0000000292127710       0.0000001601302329       0.0011158642664177
       0.0000000245785768       0.0000001601302329       0.0000833192952504
       0.0000000203443678       0.0000001601302329      -0.0008552657663861
       0.0000000165101440       0.0000001601302329      -0.0016998909241971
       0.0000000130759054       0.0000001601302329      -0.0024505561806626
       0.0000000100416519       0.0000001601302329      -0.0031072615378684
       0.0000000074073836       0.0000001601302329      -0.0036700070042779
       0.0000000051731005       0.0000001601302329      -0.0041387925806364
       0.0000000033388026       0.0000001601302329      -0.0045136182654953
       0.0000000019044898       0.0000001601302329      -0.0047944840658231
       0.0000000008701622       0.0000001601302329      -0.0049813899772921
       0.0000000002358198       0.0000001601302329      -0.0050743360105306
       0.0000000000014626       0.0000001601302329      -0.0050733221529305
      -0.0000000000000022       0.0000001601302329      -0.0050688635319467
