       0.0000000000000000       0.0000000000000000       0.0000000001257195
      -0.0000000000000050       0.0000000000000000      -0.0000000014133622
      -0.0000000000000200       0.0000000000000000      -0.0000000043284298
      -0.0000000000000612       0.0000000000000000      -0.0000000116824801
      -0.0000000000001653       0.0000000000000000      -0.0000000294214449
      -0.0000000000004162       0.0000000000000000      -0.0000000711229868
      -0.0000000000010061       0.0000000000000000      -0.0000001676347088
      -0.0000000000023713       0.0000000000000000      -0.0000003888109838
      -0.0000000000054999       0.0000000000000000      -0.0000008924948605
      -0.0000000000126247       0.0000000000000000      -0.0000020348394652
      -0.0000000000287835       0.0000000000000000      -0.0000046186986367
      -0.0000000000653331       0.0000000000000000      -0.0000104527575386
      -0.0000000001478579       0.0000000000000000      -0.0000236099536638
      -0.0000000003339711       0.0000000000000000      -0.0000532594903798
      -0.0000000007533740       0.0000000000000000      -0.0001200397160449
      -0.0000000016979678       0.0000000000000000      -0.0002165536612932
      -0.0000000030631287       0.0000000000000000      -0.0003413353519021
      -0.0000000048281222       0.0000000000000000      -0.0004943847870728
      -0.0000000069929481       0.0000000000000000      -0.0006757019657316
      -0.0000000095576067       0.0000000000000000      -0.0008852868866490
      -0.0000000125220977       0.0000000000000000      -0.0011231395482648
      -0.0000000158864212       0.0000000000000000      -0.0013892599489500
      -0.0000000196505772       0.0000000000000000      -0.0016836480868471
      -0.0000000238145657       0.0000000000000000      -0.0020063039598656
      -0.0000000283783866       0.0000000000000000      -0.0023572275657121
      -0.0000000333420399       0.0000000000000000      -0.0027364189018715
      -0.0000000387055257       0.0000000000000000      -0.0031438779656637
      -0.0000000444688438       0.0000000000000000      -0.0035796047541937
      -0.0000000506319944       0.0000000000000000      -0.0040435992643992
      -0.0000000571949772       0.0000000000000000      -0.0045358614929300
      -0.0000000641577924       0.0000000000000000      -0.0050563914362988
      -0.0000000715204399       0.0000000000000000      -0.0056051890907614
      -0.0000000792829197       0.0000000000000000      -0.0061822544524453
      -0.0000000874452316       0.0000000000000000      -0.0067875875171831
      -0.0000000960073758       0.0000000000000000      -0.0074211882807354
      -0.0000001049693522       0.0000000000000000      -0.0080830567384539
      -0.0000001143311606       0.0000000000000000      -0.0087731928857048
      -0.0000001240928012       0.0000000000000000      -0.0094915967175505
      -0.0000001342542738       0.0000000000000000      -0.0102382682287934
      -0.0000001448155785       0.0000000000000000      -0.0110132074141940
      -0.0000001557767151       0.0000000000000000      -0.0118164142680916
      -0.0000001671376837       0.0000000000000000      -0.0126478887848083
      -0.0000001788984842       0.0000000000000000      -0.0135076309584186
      -0.0000001910591165       0.0000000000000000      -0.0143956407827047
      -0.0000002036195806       0.0000000000000000      -0.0153119182513148
      -0.0000002165798765       0.0000000000000000      -0.0162564633577177
      -0.0000002299400040       0.0000000000000000      -0.0172292760951897
      -0.0000002436999632       0.0000000000000000      -0.0182303564566688
      -0.0000002578597541       0.0000000000000000      -0.0192597044350429
      -0.0000002724193764       0.0000000000000000      -0.0203173200229079
      -0.0000002873788303       0.0000000000000000      -0.0214032032127151
      -0.0000003027381155       0.0000000000000000      -0.0225173539966415
      -0.0000003184972322       0.0000000000000000      -0.0236597723667743
      -0.0000003346561801       0.0000000000000000      -0.0248304583148740
      -0.0000003512149593       0.0000000000000000      -0.0260294118328135
      -0.0000003681735697       0.0000000000000001      -0.0272566329129917
      -0.0000003855320112       0.0000000000000004      -0.0285121215524765
      -0.0000004032902835       0.0000000000000021      -0.0297958777727291
      -0.0000004214483857       0.0000000000000110      -0.0311079017183853
      -0.0000004400063135       0.0000000000000543      -0.0324481941142075
      -0.0000004589640492       0.0000000000002499      -0.0338167581356132
      -0.0000004783215427       0.0000000000009678      -0.0352136039786785
      -0.0000004980787784       0.0000000000026138      -0.0366387441356554
      -0.0000005182359292       0.0000000000046257      -0.0380921669072762
      -0.0000005387930580       0.0000000000061504      -0.0395738509800317
      -0.0000005597500285       0.0000000000070897      -0.0410837920674250
      -0.0000005811067796       0.0000000000076774      -0.0426219944818670
      -0.0000006028633261       0.0000000000080974      -0.0441884617598303
      -0.0000006250196832       0.0000000000084491      -0.0457831960809451
      -0.0000006475758632       0.0000000000087731      -0.0474061981966859
      -0.0000006705318683       0.0000000000090883      -0.0490574685302415
      -0.0000006938877019       0.0000000000094002      -0.0507370070195997
      -0.0000007176433611       0.0000000000097172      -0.0524448139128791
      -0.0000007417988481       0.0000000000100395      -0.0541808892001632
      -0.0000007663541627       0.0000000000103670      -0.0559452328660533
      -0.0000007913093051       0.0000000000106998      -0.0577378448982368
      -0.0000008166642751       0.0000000000110377      -0.0595587252839673
      -0.0000008424190725       0.0000000000113808      -0.0614078740102469
      -0.0000008685736973       0.0000000000117292      -0.0632852910637108
      -0.0000008951281493       0.0000000000120828      -0.0651909764309109
      -0.0000009220824286       0.0000000000124416      -0.0671249300981312
      -0.0000009494365349       0.0000000000128056      -0.0690871520514748
      -0.0000009771904681       0.0000000000131748      -0.0710776422768831
      -0.0000010053442282       0.0000000000135492      -0.0730964007600372
      -0.0000010338978151       0.0000000000139288      -0.0751434274864808
      -0.0000010628512286       0.0000000000143137      -0.0772187224414424
      -0.0000010922044686       0.0000000000147037      -0.0793222856100436
      -0.0000011219575351       0.0000000000150990      -0.0814541169772218
      -0.0000011521104278       0.0000000000154995      -0.0836142165276022
      -0.0000011826631468       0.0000000000159052      -0.0858025842457094
      -0.0000012136156918       0.0000000000163161      -0.0880192201157711
      -0.0000012449680628       0.0000000000167323      -0.0902641241219122
      -0.0000012767202596       0.0000000000171536      -0.0925372962480078
      -0.0000013088722821       0.0000000000175802      -0.0948387364776755
      -0.0000013414241303       0.0000000000180119      -0.0971684447944207
      -0.0000013743758039       0.0000000000184489      -0.0995264211815138
      -0.0000014077273028       0.0000000000188911      -0.1019126656220243
      -0.0000014414786270       0.0000000000193385      -0.1043271780987474
      -0.0000014756297763       0.0000000000197911      -0.1067699585943763
      -0.0000015101807505       0.0000000000202490      -0.1092410070913254
      -0.0000015451315496       0.0000000000207120      -0.1117403235718983
      -0.0000015804821733       0.0000000000211803      -0.1142679080180670
      -0.0000016162326216       0.0000000000216537      -0.1168237604117530
      -0.0000016523828944       0.0000000000221324      -0.1194078807345322
      -0.0000016889329914       0.0000000000226163      -0.1220202689678234
      -0.0000017258829126       0.0000000000231054      -0.1246609250928672
      -0.0000017632326578       0.0000000000235998      -0.1273298490906985
      -0.0000018009822269       0.0000000000240993      -0.1300270409421460
      -0.0000018391316197       0.0000000000246040      -0.1327525006278056
      -0.0000018776808361       0.0000000000251140      -0.1355062281280900
      -0.0000019166298759       0.0000000000256292      -0.1382882234232240
      -0.0000019559787390       0.0000000000261496      -0.1410984864931863
      -0.0000019957266075       0.0000000000261944      -0.1413406620904584
      -0.0000019991518933       0.0000000000261969      -0.1413265289586453
      -0.0000019989519625       0.0000000000261994      -0.1413123964600495
      -0.0000019987520606       0.0000000000262029      -0.1412911990353454
      -0.0000019984522306       0.0000000000262079      -0.1412594058873519
      -0.0000019980025210       0.0000000000262147      -0.1412117228408832
      -0.0000019973280461       0.0000000000262235      -0.1411402132646761
      -0.0000019963165469       0.0000000000262342      -0.1410329826571801
      -0.0000019947997811       0.0000000000262458      -0.1408722127955166
      -0.0000019925257164       0.0000000000262563      -0.1406312293110696
      -0.0000019891170541       0.0000000000262625      -0.1402701399371382
      -0.0000019840095353       0.0000000000262605      -0.1397293748370899
      -0.0000019763605713       0.0000000000262480      -0.1389201836906968
      -0.0000019649148274       0.0000000000262267      -0.1377108011918379
      -0.0000019478085353       0.0000000000262052      -0.1359066397500173
      -0.0000019222893279       0.0000000000261928      -0.1332227019830398
      -0.0000018843265487       0.0000000000261889      -0.1304924499591916
      -0.0000018457087235       0.0000000000261879      -0.1277904647612713
      -0.0000018074907244       0.0000000000261877      -0.1251167464014064
      -0.0000017696725507       0.0000000000261876      -0.1224712948893011
      -0.0000017322542026       0.0000000000261876      -0.1198541102399175
      -0.0000016952356806       0.0000000000261876      -0.1172651924710507
      -0.0000016586169850       0.0000000000261876      -0.1147045416012824
      -0.0000016223981158       0.0000000000261876      -0.1121721576492179
      -0.0000015865790731       0.0000000000261876      -0.1096680406330571
      -0.0000015511598571       0.0000000000261876      -0.1071921905709510
      -0.0000015161404678       0.0000000000261876      -0.1047446074806886
      -0.0000014815209056       0.0000000000261876      -0.1023252913799048
      -0.0000014473011703       0.0000000000261876      -0.0999342422861099
      -0.0000014134812623       0.0000000000261876      -0.0975714602165274
      -0.0000013800611815       0.0000000000261876      -0.0952369451882138
      -0.0000013470409283       0.0000000000261876      -0.0929306972180473
      -0.0000013144205025       0.0000000000261876      -0.0906527163226203
      -0.0000012821999045       0.0000000000261876      -0.0884030025183665
      -0.0000012503791342       0.0000000000261876      -0.0861815558215397
      -0.0000012189581919       0.0000000000261876      -0.0839883762482309
      -0.0000011879370776       0.0000000000261876      -0.0818234638141540
      -0.0000011573157915       0.0000000000261876      -0.0796868185350132
      -0.0000011270943336       0.0000000000261876      -0.0775784404262328
      -0.0000010972727042       0.0000000000261876      -0.0754983295029336
      -0.0000010678509032       0.0000000000261876      -0.0734464857802481
      -0.0000010388289308       0.0000000000261876      -0.0714229092729176
      -0.0000010102067871       0.0000000000261876      -0.0694275999955847
      -0.0000009819844723       0.0000000000261876      -0.0674605579626234
      -0.0000009541619864       0.0000000000261876      -0.0655217831882676
      -0.0000009267393295       0.0000000000261876      -0.0636112756865156
      -0.0000008997165017       0.0000000000261876      -0.0617290354710925
      -0.0000008730935032       0.0000000000261876      -0.0598750625556541
      -0.0000008468703340       0.0000000000261876      -0.0580493569535519
      -0.0000008210469942       0.0000000000261876      -0.0562519186779825
      -0.0000007956234840       0.0000000000261876      -0.0544827477419127
      -0.0000007705998034       0.0000000000261876      -0.0527418441581442
      -0.0000007459759525       0.0000000000261876      -0.0510292079392450
      -0.0000007217519313       0.0000000000261876      -0.0493448390975375
      -0.0000006979277401       0.0000000000261876      -0.0476887376452141
      -0.0000006745033789       0.0000000000261876      -0.0460609035942708
      -0.0000006514788477       0.0000000000261876      -0.0444613369564055
      -0.0000006288541467       0.0000000000261876      -0.0428900377431997
      -0.0000006066292760       0.0000000000261876      -0.0413470059660122
      -0.0000005848042355       0.0000000000261876      -0.0398322416359804
      -0.0000005633790255       0.0000000000261876      -0.0383457447640504
      -0.0000005423536460       0.0000000000261876      -0.0368875153609253
      -0.0000005217280970       0.0000000000261876      -0.0354575534372100
      -0.0000005015023786       0.0000000000261876      -0.0340558590031961
      -0.0000004816764910       0.0000000000261876      -0.0326824320690083
      -0.0000004622504341       0.0000000000261876      -0.0313372726445799
      -0.0000004432242081       0.0000000000261876      -0.0300203807396349
      -0.0000004245978131       0.0000000000261876      -0.0287317563636832
      -0.0000004063712490       0.0000000000261876      -0.0274713995260753
      -0.0000003885445160       0.0000000000261876      -0.0262393102358686
      -0.0000003711176142       0.0000000000261876      -0.0250354885020049
      -0.0000003540905435       0.0000000000261876      -0.0238599343331770
      -0.0000003374633041       0.0000000000261876      -0.0227126477378863
      -0.0000003212358960       0.0000000000261876      -0.0215936287244509
      -0.0000003054083194       0.0000000000261876      -0.0205028773009064
      -0.0000002899805741       0.0000000000261876      -0.0194403934752341
      -0.0000002749526603       0.0000000000261876      -0.0184061772550400
      -0.0000002603245782       0.0000000000261876      -0.0174002286478303
      -0.0000002460963276       0.0000000000261876      -0.0164225476609048
      -0.0000002322679086       0.0000000000261876      -0.0154731343012982
      -0.0000002188393214       0.0000000000261876      -0.0145519885759374
      -0.0000002058105660       0.0000000000261876      -0.0136591104914464
      -0.0000001931816423       0.0000000000261876      -0.0127945000543240
      -0.0000001809525505       0.0000000000261876      -0.0119581572707720
      -0.0000001691232906       0.0000000000261876      -0.0111500821469340
      -0.0000001576938627       0.0000000000261876      -0.0103702746886149
      -0.0000001466642667       0.0000000000261876      -0.0096187349014892
      -0.0000001360345028       0.0000000000261876      -0.0088954627909862
      -0.0000001258045709       0.0000000000261876      -0.0082004583623226
      -0.0000001159744712       0.0000000000261876      -0.0075337216206067
      -0.0000001065442036       0.0000000000261876      -0.0068952525706068
      -0.0000000975137681       0.0000000000261876      -0.0062850512169788
      -0.0000000888831649       0.0000000000261876      -0.0057031175642019
      -0.0000000806523939       0.0000000000261876      -0.0051494516164458
      -0.0000000728214551       0.0000000000261876      -0.0046240533777430
      -0.0000000653903487       0.0000000000261876      -0.0041269228519420
      -0.0000000583590746       0.0000000000261876      -0.0036580600426072
      -0.0000000517276328       0.0000000000261876      -0.0032174649531950
      -0.0000000454960235       0.0000000000261876      -0.0028051375868981
      -0.0000000396642465       0.0000000000261876      -0.0024210779467044
      -0.0000000342323019       0.0000000000261876      -0.0020652860354749
      -0.0000000292001898       0.0000000000261876      -0.0017377618557071
      -0.0000000245679101       0.0000000000261876      -0.0014385054098926
      -0.0000000203354629       0.0000000000261876      -0.0011675167002040
      -0.0000000165028481       0.0000000000261876      -0.0009247957285787
      -0.0000000130700659       0.0000000000261876      -0.0007103424966182
      -0.0000000100371162       0.0000000000261875      -0.0005241570053138
      -0.0000000074039990       0.0000000000261872      -0.0003662392520545
      -0.0000000051707146       0.0000000000261858      -0.0002365892175228
      -0.0000000033372636       0.0000000000261782      -0.0001352067996078
      -0.0000000019036493       0.0000000000261412      -0.0000620914986825
      -0.0000000008698869       0.0000000000259679      -0.0000172409943994
      -0.0000000002360358       0.0000000000252221      -0.0000006454100516
      -0.0000000000022476       0.0000000000226292      -0.0000122729157736
      -0.0000000001685256       0.0000000000168897      -0.0000520859582337
      -0.0000000007342881       0.0000000000099200      -0.0001201356805456
      -0.0000000016993089       0.0000000000048637      -0.0002165058806287
      -0.0000000030640747       0.0000000000022011      -0.0003412055603458
      -0.0000000048288461       0.0000000000010065      -0.0004942093172258
      -0.0000000069935757       0.0000000000005252      -0.0006754988993064
      -0.0000000095582166       0.0000000000003417      -0.0008850636635998
      -0.0000000125227149       0.0000000000002940      -0.0011229000565938
      -0.0000000158870573       0.0000000000003063      -0.0013890064137640
      -0.0000000196512387       0.0000000000003462      -0.0016833816921370
      -0.0000000238152464       0.0000000000004087      -0.0020060264102614
      -0.0000000283790906       0.0000000000004755      -0.0023569398459383
      -0.0000000333427649       0.0000000000005475      -0.0027361220291071
      -0.0000000387062697       0.0000000000006248      -0.0031435729603023
      -0.0000000444696050       0.0000000000007073      -0.0035792926362373
      -0.0000000506327707       0.0000000000007950      -0.0040432810539795
      -0.0000000571957668       0.0000000000008879      -0.0045355382101504
      -0.0000000641585932       0.0000000000009861      -0.0050560641012297
      -0.0000000715212501       0.0000000000010894      -0.0056048587235877
      -0.0000000792837372       0.0000000000011980      -0.0061819220732486
      -0.0000000874460547       0.0000000000013118      -0.0067872541460780
      -0.0000000960082024       0.0000000000014307      -0.0074208549378115
      -0.0000001049701803       0.0000000000015549      -0.0080827244439049
      -0.0000001143319884       0.0000000000016843      -0.0087728626595595
      -0.0000001240936267       0.0000000000018190      -0.0094912695799361
      -0.0000001342550951       0.0000000000019588      -0.0102379451998637
      -0.0000001448163936       0.0000000000021039      -0.0110128895139873
      -0.0000001557775221       0.0000000000022541      -0.0118161025167719
      -0.0000001671384806       0.0000000000024096      -0.0126475842025031
      -0.0000001788992690       0.0000000000025703      -0.0135073345651851
      -0.0000001910598874       0.0000000000027362      -0.0143953535986929
      -0.0000002036203356       0.0000000000029073      -0.0153116412966581
      -0.0000002165806136       0.0000000000030836      -0.0162561976524882
      -0.0000002299407214       0.0000000000032652      -0.0172290226594628
      -0.0000002437006589       0.0000000000034519      -0.0182301163106245
      -0.0000002578604261       0.0000000000036439      -0.0192594785987859
      -0.0000002724200228       0.0000000000038411      -0.0203171095165231
      -0.0000002873794491       0.0000000000040435      -0.0214030090563040
      -0.0000003027387049       0.0000000000042511      -0.0225171772103726
      -0.0000003184977902       0.0000000000044639      -0.0236596139707254
      -0.0000003346567047       0.0000000000046819      -0.0248303193291112
      -0.0000003512154486       0.0000000000049052      -0.0260292932771926
      -0.0000003681740218       0.0000000000051337      -0.0272565358063789
      -0.0000003855324241       0.0000000000053673      -0.0285120469078842
      -0.0000004032906555       0.0000000000056062      -0.0297958265726138
      -0.0000004214487160       0.0000000000058503      -0.0311078747914813
      -0.0000004400066055       0.0000000000060996      -0.0324481915549974
      -0.0000004589643238       0.0000000000063541      -0.0338167768535853
      -0.0000004783218710       0.0000000000066139      -0.0352136306773628
      -0.0000004980792470       0.0000000000068788      -0.0366387530163895
      -0.0000005182364516       0.0000000000071490      -0.0380921438604187
      -0.0000005387934849       0.0000000000074244      -0.0395738031990138
      -0.0000005597503466       0.0000000000077050      -0.0410837310215510
      -0.0000005811070368       0.0000000000079908      -0.0426219273171571
      -0.0000006028635554       0.0000000000082818      -0.0441883920748312
      -0.0000006250199023       0.0000000000085780      -0.0457831252833514
      -0.0000006475760773       0.0000000000088795      -0.0474061269312019
      -0.0000006705320805       0.0000000000091861      -0.0490573970067917
      -0.0000006938879117       0.0000000000094980      -0.0507369354982489
      -0.0000007176435708       0.0000000000098151      -0.0524447423935380
      -0.0000007417990578       0.0000000000101374      -0.0541808176803576
      -0.0000007663543725       0.0000000000104649      -0.0559451613462501
      -0.0000007913095149       0.0000000000107976      -0.0577377733785864
      -0.0000008166644849       0.0000000000111355      -0.0595586537644594
      -0.0000008424192823       0.0000000000114787      -0.0614078024908188
      -0.0000008685739071       0.0000000000118270      -0.0632852195443649
      -0.0000008951283591       0.0000000000121806      -0.0651909049116548
      -0.0000009220826383       0.0000000000125394      -0.0671248585789347
      -0.0000009494367446       0.0000000000129034      -0.0690870805323643
      -0.0000009771906779       0.0000000000132726      -0.0710775707578740
      -0.0000010053444380       0.0000000000136470      -0.0730963292411314
      -0.0000010338980249       0.0000000000140267      -0.0751433559676522
      -0.0000010628514384       0.0000000000144115      -0.0772186509227095
      -0.0000010922046784       0.0000000000148016      -0.0793222140913986
      -0.0000011219577449       0.0000000000151969      -0.0814540454586789
      -0.0000011521106376       0.0000000000155973      -0.0836141450091545
      -0.0000011826633566       0.0000000000160031      -0.0858025127273309
      -0.0000012136159016       0.0000000000164140      -0.0880191485975038
      -0.0000012449682726       0.0000000000168301      -0.0902640526037592
      -0.0000012767204694       0.0000000000172514      -0.0925372247299122
      -0.0000013088724919       0.0000000000176780      -0.0948386649597033
      -0.0000013414243401       0.0000000000181098      -0.0971683732765437
      -0.0000013743760137       0.0000000000185467      -0.0995263496637506
      -0.0000014077275126       0.0000000000189889      -0.1019125941043089
      -0.0000014414788368       0.0000000000194363      -0.1043271065811295
      -0.0000014756299861       0.0000000000198890      -0.1067698870768738
      -0.0000015101809603       0.0000000000203468      -0.1092409355739427
      -0.0000015451317594       0.0000000000208098      -0.1117402520546092
      -0.0000015804823831       0.0000000000212781      -0.1142678365009069
      -0.0000016162328314       0.0000000000217516      -0.1168236888946674
      -0.0000016523831042       0.0000000000222303      -0.1194078092175321
      -0.0000016889332012       0.0000000000227142      -0.1220201974509449
      -0.0000017258831224       0.0000000000232033      -0.1246608535761019
      -0.0000017632328676       0.0000000000236976      -0.1273297775740460
      -0.0000018009824367       0.0000000000241971      -0.1300269694256013
      -0.0000018391318295       0.0000000000247019      -0.1327524291113494
      -0.0000018776810459       0.0000000000252118      -0.1355061566117382
      -0.0000019166300857       0.0000000000257270      -0.1382881519069794
      -0.0000019559789488       0.0000000000262474      -0.1410984149770658
      -0.0000019957268173       0.0000000000262922      -0.1413405905743608
      -0.0000019991521031       0.0000000000262948      -0.1413264574425485
      -0.0000019989521723       0.0000000000262972      -0.1413123249439519
      -0.0000019987522704       0.0000000000263008      -0.1412911275192202
      -0.0000019984524404       0.0000000000263057      -0.1412593343712472
      -0.0000019980027308       0.0000000000263125      -0.1412116513247504
      -0.0000019973282559       0.0000000000263213      -0.1411401417485305
      -0.0000019963167567       0.0000000000263320      -0.1410329111410354
      -0.0000019947999909       0.0000000000263436      -0.1408721412793839
      -0.0000019925259262       0.0000000000263541      -0.1406311577949232
      -0.0000019891172639       0.0000000000263603      -0.1402700684209516
      -0.0000019840097451       0.0000000000263584      -0.1397293033208711
      -0.0000019763607811       0.0000000000263458      -0.1389201121744794
      -0.0000019649150372       0.0000000000263245      -0.1377107296755599
      -0.0000019478087451       0.0000000000263030      -0.1359065682336472
      -0.0000019222895377       0.0000000000262906      -0.1332226304665753
      -0.0000018843267585       0.0000000000262868      -0.1304923784426201
      -0.0000018457089332       0.0000000000262857      -0.1277903932445648
      -0.0000018074909342       0.0000000000262855      -0.1251166748845953
      -0.0000017696727605       0.0000000000262854      -0.1224712233723821
      -0.0000017322544124       0.0000000000262854      -0.1198540387228791
      -0.0000016952358904       0.0000000000262854      -0.1172651209539085
      -0.0000016586171948       0.0000000000262854      -0.1147044700840507
      -0.0000016223983256       0.0000000000262854      -0.1121720861318489
      -0.0000015865792829       0.0000000000262854      -0.1096679691156125
      -0.0000015511600669       0.0000000000262854      -0.1071921190533741
      -0.0000015161406776       0.0000000000262854      -0.1047445359630201
      -0.0000014815211153       0.0000000000262854      -0.1023252198621339
      -0.0000014473013801       0.0000000000262854      -0.0999341707682327
      -0.0000014134814721       0.0000000000262854      -0.0975713886985783
      -0.0000013800613913       0.0000000000262854      -0.0952368736701531
      -0.0000013470411380       0.0000000000262854      -0.0929306256998902
      -0.0000013144207123       0.0000000000262854      -0.0906526448043451
      -0.0000012822001143       0.0000000000262854      -0.0884029309999719
      -0.0000012503793440       0.0000000000262854      -0.0861814843030898
      -0.0000012189584017       0.0000000000262854      -0.0839883047296266
      -0.0000011879372874       0.0000000000262854      -0.0818233922954561
      -0.0000011573160013       0.0000000000262854      -0.0796867470162325
      -0.0000011270945434       0.0000000000262854      -0.0775783689073272
      -0.0000010972729140       0.0000000000262854      -0.0754982579839754
      -0.0000010678511130       0.0000000000262854      -0.0734464142612036
      -0.0000010388291406       0.0000000000262854      -0.0714228377537831
      -0.0000010102069969       0.0000000000262854      -0.0694275284763374
      -0.0000009819846821       0.0000000000262854      -0.0674604864433212
      -0.0000009541621962       0.0000000000262854      -0.0655217116688631
      -0.0000009267395393       0.0000000000262854      -0.0636112041670083
      -0.0000008997167115       0.0000000000262854      -0.0617289639514955
      -0.0000008730937130       0.0000000000262854      -0.0598749910359579
      -0.0000008468705438       0.0000000000262854      -0.0580492854337665
      -0.0000008210472040       0.0000000000262854      -0.0562518471581439
      -0.0000007956236938       0.0000000000262854      -0.0544826762220081
      -0.0000007706000132       0.0000000000262854      -0.0527417726381288
      -0.0000007459761622       0.0000000000262854      -0.0510291364190986
      -0.0000007217521411       0.0000000000262854      -0.0493447675773443
      -0.0000006979279499       0.0000000000262854      -0.0476886661249333
      -0.0000006745035887       0.0000000000262854      -0.0460608320738990
      -0.0000006514790575       0.0000000000262854      -0.0444612654359723
      -0.0000006288543565       0.0000000000262854      -0.0428899662226784
      -0.0000006066294858       0.0000000000262854      -0.0413469344454224
      -0.0000005848044453       0.0000000000262854      -0.0398321701153163
      -0.0000005633792353       0.0000000000262854      -0.0383456732433126
      -0.0000005423538557       0.0000000000262854      -0.0368874438401251
      -0.0000005217283067       0.0000000000262854      -0.0354574819163319
      -0.0000005015025884       0.0000000000262854      -0.0340557874822216
      -0.0000004816767008       0.0000000000262854      -0.0326823605479796
      -0.0000004622506439       0.0000000000262854      -0.0313372011234656
      -0.0000004432244179       0.0000000000262854      -0.0300203092184584
      -0.0000004245980229       0.0000000000262854      -0.0287316848424361
      -0.0000004063714588       0.0000000000262854      -0.0274713280047534
      -0.0000003885447258       0.0000000000262854      -0.0262392387144599
      -0.0000003711178240       0.0000000000262854      -0.0250354169805519
      -0.0000003540907533       0.0000000000262854      -0.0238598628116604
      -0.0000003374635139       0.0000000000262854      -0.0227125762162973
      -0.0000003212361058       0.0000000000262854      -0.0215935572027851
      -0.0000003054085291       0.0000000000262854      -0.0205028057792228
      -0.0000002899807839       0.0000000000262854      -0.0194403219534710
      -0.0000002749528701       0.0000000000262854      -0.0184061057331991
      -0.0000002603247879       0.0000000000262854      -0.0174001571259441
      -0.0000002460965373       0.0000000000262854      -0.0164224761389376
      -0.0000002322681184       0.0000000000262854      -0.0154730627792880
      -0.0000002188395312       0.0000000000262854      -0.0145519170538676
      -0.0000002058107757       0.0000000000262854      -0.0136590389693324
      -0.0000001931818521       0.0000000000262854      -0.0127944285321145
      -0.0000001809527603       0.0000000000262854      -0.0119580857485689
      -0.0000001691235004       0.0000000000262854      -0.0111500106246540
      -0.0000001576940725       0.0000000000262854      -0.0103702031662631
      -0.0000001466644765       0.0000000000262854      -0.0096186633790838
      -0.0000001360347126       0.0000000000262854      -0.0088953912685280
      -0.0000001258047807       0.0000000000262854      -0.0082003868397973
      -0.0000001159746810       0.0000000000262854      -0.0075336500980173
      -0.0000001065444133       0.0000000000262854      -0.0068951810479778
      -0.0000000975139779       0.0000000000262854      -0.0062849796943481
      -0.0000000888833747       0.0000000000262854      -0.0057030460414853
      -0.0000000806526037       0.0000000000262854      -0.0051493800936804
      -0.0000000728216649       0.0000000000262854      -0.0046239818549511
      -0.0000000653905585       0.0000000000262854      -0.0041268513290853
      -0.0000000583592844       0.0000000000262854      -0.0036579885197107
      -0.0000000517278426       0.0000000000262854      -0.0032173934302380
      -0.0000000454962332       0.0000000000262854      -0.0028050660638708
      -0.0000000396644562       0.0000000000262854      -0.0024210064236735
      -0.0000000342325117       0.0000000000262854      -0.0020652145123700
      -0.0000000292003995       0.0000000000262854      -0.0017376903326130
      -0.0000000245681199       0.0000000000262854      -0.0014384338867543
      -0.0000000203356726       0.0000000000262854      -0.0011674451770095
      -0.0000000165030579       0.0000000000262854      -0.0009247242053185
      -0.0000000130702757       0.0000000000262854      -0.0007102709733783
      -0.0000000100373260       0.0000000000262854      -0.0005240854820124
      -0.0000000074042088       0.0000000000262851      -0.0003661677286927
      -0.0000000051709244       0.0000000000262836      -0.0002365176941550
      -0.0000000033374733       0.0000000000262761      -0.0001351352762073
      -0.0000000019038591       0.0000000000262391      -0.0000620199752472
      -0.0000000008700967       0.0000000000260658      -0.0000171694710017
      -0.0000000002362455       0.0000000000253199      -0.0000005738868300
      -0.0000000000018966       0.0000000000252476      -0.0000004665659167
