       0.0000000000000000       0.0000000000000000       0.0000000000000000       0.0000000000000000       0.0000000000000000       0.0000000000000000       0.0000000000000000       0.0000000000000000       0.0000000000000000       0.0000000000000000       0.0000000000000000       0.0000000000000000
       0.0000000000000000       0.0000000000000000       0.0000000000000000       0.0000000000000000       0.0000000000000000       0.0000000000000000       0.0000000000000000       0.0000000000000000       0.0000000000000000       0.0000000000000000       0.0000000000000000       0.0000000000000000
       0.0000000000000000       0.0000000000000000       0.0000000000000000       0.0000000000000000       0.0000000000000000       0.0000000000000000       0.0000000000000000       0.0000000000000000       0.0000000000000000       0.0000000000000000       0.0000000000000000       0.0000000000000000
       0.0000000000000000       0.0000000000000000       0.0000000000000000       0.0000000000000000       0.0000000000000000       0.0000000000000000       0.0000000000000000       0.0000000000000000       0.0000000000000000       0.0000000000000000       0.0000000000000000       0.0000000000000000
       0.0000000000000000       0.0000000000000000       0.0000000000000000       0.0000000000000000       0.0000000000000000       0.0000000000000000       0.0000000000000000       0.0000000000000000       0.0000000000000000       0.0000000000000000       0.0000000000000000       0.0000000000000000
       0.0000000000000000       0.0000000000000000       0.0000000000000000       0.0000000000000000       0.0000000000000000       0.0000000000000000       0.0000000000000000       0.0000000000000000       0.0000000000000000       0.0000000000000000       0.0000000000000000       0.0000000000000000
       0.0000000000000000       0.0000000000000000       0.0000000000000000       0.0000000000000000       0.0000000000000000       0.0000000000000000       0.0000000000000000       0.0000000000000000       0.0000000000000000       0.0000000000000000       0.0000000000000000       0.0000000000000000
       0.0000000000000000       0.0000000000000000       0.0000000000000000       0.0000000000000000       0.0000000000000000       0.0000000000000000       0.0000000000000000       0.0000000000000000       0.0000000000000000       0.0000000000000000       0.0000000000000000       0.0000000000000000
       0.0000000000000000       0.0000000000000000       0.0000000000000000       0.0000000000000000       0.0000000000000000       0.0000000000000000       0.0000000000000000       0.0000000000000000       0.0000000000000000       0.0000000000000000       0.0000000000000000       0.0000000000000000
       0.0000000000000000       0.0000000000000000       0.0000000000000000       0.0000000000000000       0.0000000000000000       0.0000000000000000       0.0000000000000000       0.0000000000000000       0.0000000000000000       0.0000000000000000       0.0000000000000000       0.0000000000000000
       0.0000000000000000       0.0000000000000000       0.0000000000000000       0.0000000000000000       0.0000000000000000       0.0000000000000000       0.0000000000000000       0.0000000000000000       0.0000000000000000       0.0000000000000000       0.0000000000000000       0.0000000000000000
       0.0000000000000000       0.0000000000000000       0.0000000000000000       0.0000000000000000       0.0000000000000000       0.0000000000000000       0.0000000000000000       0.0000000000000000       0.0000000000000000       0.0000000000000000       0.0000000000000000       0.0000000000000000
       0.0000000000000000       0.0000000000000000       0.0000000000000000       0.0000000000000000       0.0000000000000000       0.0000000000000000       0.0000000000000000       0.0000000000000000       0.0000000000000000       0.0000000000000000       0.0000000000000000       0.0000000000000000
       0.0000000000000000       0.0000000000000000       0.0000000000000000       0.0000000000000000       0.0000000000000000       0.0000000000000000       0.0000000000000000       0.0000000000000000       0.0000000000000000       0.0000000000000000       0.0000000000000000       0.0000000000000000
       0.0000000000000000       0.0000000000000000       0.0000000000000000       0.0000000000000000       0.0000000000000000       0.0000000000000000       0.0000000000000000       0.0000000000000000       0.0000000000000000       0.0000000000000000       0.0000000000000000       0.0000000000000000
       0.0000000000000000       0.0000000000000000       0.0000000000000000       0.0000000000000000       0.0000000000000000       0.0000000000000000       0.0000000000000000       0.0000000000000000       0.0000000000000000       0.0000000000000000       0.0000000000000000       0.0000000000000000
       0.0000000000000000       0.0000000000000000       0.0000000000000000       0.0000000000000000       0.0000000000000000       0.0000000000000000       0.0000000000000000       0.0000000000000000       0.0000000000000000       0.0000000000000000       0.0000000000000000       0.0000000000000000
       0.0000000000000000       0.0000000000000000       0.0000000000000000       0.0000000000000000       0.0000000000000000       0.0000000000000000       0.0000000000000000       0.0000000000000000       0.0000000000000000       0.0000000000000000       0.0000000000000000       0.0000000000000000
       0.0000000000000000       0.0000000000000000       0.0000000000000000       0.0000000000000000       0.0000000000000000       0.0000000000000000       0.0000000000000000       0.0000000000000000       0.0000000000000000       0.0000000000000000       0.0000000000000000       0.0000000000000000
       0.0000000000000000       0.0000000000000000       0.0000000000000000       0.0000000000000000       0.0000000000000000       0.0000000000000000       0.0000000000000000       0.0000000000000000       0.0000000000000000       0.0000000000000000       0.0000000000000000       0.0000000000000000
       0.0000000000000000       0.0000000000000000       0.0000000000000000       0.0000000000000000       0.0000000000000000       0.0000000000000000       0.0000000000000000       0.0000000000000000       0.0000000000000000       0.0000000000000000       0.0000000000000000       0.0000000000000000
       0.0000000000000000       0.0000000000000000       0.0000000000000000       0.0000000000000000       0.0000000000000000       0.0000000000000000       0.0000000000000000       0.0000000000000000       0.0000000000000000       0.0000000000000000       0.0000000000000000       0.0000000000000000
       0.0000000000000000       0.0000000000000000       0.0000000000000000       0.0000000000000000       0.0000000000000000       0.0000000000000000       0.0000000000000000       0.0000000000000000       0.0000000000000000       0.0000000000000000       0.0000000000000000       0.0000000000000000
       0.0000000000000000       0.0000000000000000       0.0000000000000000       0.0000000000000000       0.0000000000000000       0.0000000000000000       0.0000000000000000       0.0000000000000000       0.0000000000000000       0.0000000000000000       0.0000000000000000       0.0000000000000000
       0.0000000000000000       0.0000000000000000       0.0000000000000000       0.0000000000000000       0.0000000000000000       0.0000000000000000       0.0000000000000000       0.0000000000000000       0.0000000000000000       0.0000000000000000       0.0000000000000000       0.0000000000000000
       0.0000000000000000       0.0000000000000000       0.0000000000000000       0.0000000000000000       0.0000000000000000       0.0000000000000000       0.0000000000000000       0.0000000000000000       0.0000000000000000       0.0000000000000000       0.0000000000000000       0.0000000000000000
       0.0000000000000000       0.0000000000000000       0.0000000000000000       0.0000000000000000       0.0000000000000000       0.0000000000000000       0.0000000000000000       0.0000000000000000       0.0000000000000000       0.0000000000000000       0.0000000000000000       0.0000000000000000
       0.0000000000000000       0.0000000000000000       0.0000000000000000       0.0000000000000000       0.0000000000000000       0.0000000000000000       0.0000000000000000       0.0000000000000000       0.0000000000000000       0.0000000000000000       0.0000000000000000       0.0000000000000000
       0.0000000000000000       0.0000000000000000       0.0000000000000000       0.0000000000000000       0.0000000000000000       0.0000000000000000       0.0000000000000000       0.0000000000000000       0.0000000000000000       0.0000000000000000       0.0000000000000000       0.0000000000000000
       0.0000000000000000       0.0000000000000000       0.0000000000000000       0.0000000000000000       0.0000000000000000       0.0000000000000000       0.0000000000000000       0.0000000000000000       0.0000000000000000       0.0000000000000000       0.0000000000000000       0.0000000000000000
       0.0000000000000000       0.0000000000000000       0.0000000000000000       0.0000000000000000       0.0000000000000000       0.0000000000000000       0.0000000000000000       0.0000000000000000       0.0000000000000000       0.0000000000000000       0.0000000000000000       0.0000000000000000
       0.0000000000000000       0.0000000000000000       0.0000000000000000       0.0000000000000000       0.0000000000000000       0.0000000000000000       0.0000000000000000       0.0000000000000000       0.0000000000000000       0.0000000000000000       0.0000000000000000       0.0000000000000000
       0.0000000000000000       0.0000000000000000       0.0000000000000000       0.0000000000000000       0.0000000000000000       0.0000000000000000       0.0000000000000000       0.0000000000000000       0.0000000000000000       0.0000000000000000       0.0000000000000000       0.0000000000000000
       0.0000000000000000       0.0000000000000000       0.0000000000000000       0.0000000000000000       0.0000000000000000       0.0000000000000000       0.0000000000000000       0.0000000000000000       0.0000000000000000       0.0000000000000000       0.0000000000000000       0.0000000000000000
       0.0000000000000000       0.0000000000000000       0.0000000000000000       0.0000000000000000       0.0000000000000000       0.0000000000000000       0.0000000000000000       0.0000000000000000       0.0000000000000000       0.0000000000000000       0.0000000000000000       0.0000000000000000
       0.0000000000000000       0.0000000000000000       0.0000000000000000       0.0000000000000000       0.0000000000000000       0.0000000000000000       0.0000000000000000       0.0000000000000000       0.0000000000000000       0.0000000000000000       0.0000000000000000       0.0000000000000000
       0.0000000000000000       0.0000000000000000       0.0000000000000000       0.0000000000000000       0.0000000000000000       0.0000000000000000       0.0000000000000000       0.0000000000000000       0.0000000000000000       0.0000000000000000       0.0000000000000000       0.0000000000000000
       0.0000000000000000       0.0000000000000000       0.0000000000000000       0.0000000000000000       0.0000000000000000       0.0000000000000000       0.0000000000000000       0.0000000000000000       0.0000000000000000       0.0000000000000000       0.0000000000000000       0.0000000000000000
       0.0000000000000000       0.0000000000000000       0.0000000000000000       0.0000000000000000       0.0000000000000000       0.0000000000000000       0.0000000000000000       0.0000000000000000       0.0000000000000000       0.0000000000000000       0.0000000000000000       0.0000000000000000
       0.0000000000000000       0.0000000000000000       0.0000000000000000       0.0000000000000000       0.0000000000000000       0.0000000000000000       0.0000000000000000       0.0000000000000000       0.0000000000000000       0.0000000000000000       0.0000000000000000       0.0000000000000000
       0.0000000000000000       0.0000000000000000       0.0000000000000000       0.0000000000000000       0.0000000000000000       0.0000000000000000       0.0000000000000000       0.0000000000000000       0.0000000000000000       0.0000000000000000       0.0000000000000000       0.0000000000000000
       0.0000000000000000       0.0000000000000000       0.0000000000000000       0.0000000000000000       0.0000000000000000       0.0000000000000000       0.0000000000000000       0.0000000000000000       0.0000000000000000       0.0000000000000000       0.0000000000000000       0.0000000000000000
       0.0000000000000000      -0.0000000000000002       0.0000000000000000       0.0000000000000000       0.0000000000000000       0.0000000000000000       0.0000000000000000      -0.0000000000000002       0.0000000000000000       0.0000000000000000       0.0000000000000000       0.0000000000000000
       0.0000000000000000      -0.0000000000000018       0.0000000000000000       0.0000000000000000       0.0000000000000000       0.0000000000000000       0.0000000000000000      -0.0000000000000018       0.0000000000000000       0.0000000000000000       0.0000000000000000       0.0000000000000000
       0.0000000000000000      -0.0000000000000182       0.0000000000000000       0.0000000000000000       0.0000000000000000       0.0000000000000000       0.0000000000000000      -0.0000000000000182       0.0000000000000000       0.0000000000000000       0.0000000000000000       0.0000000000000000
       0.0000000000000000      -0.0000000000001739       0.0000000000000000       0.0000000000000000       0.0000000000000000       0.0000000000000000       0.0000000000000000      -0.0000000000001740       0.0000000000000000       0.0000000000000000       0.0000000000000000       0.0000000000000000
       0.0000000000000000      -0.0000000000015558       0.0000000000000000       0.0000000000000000       0.0000000000000000       0.0000000000000000       0.0000000000000000      -0.0000000000015559       0.0000000000000000       0.0000000000000000       0.0000000000000000       0.0000000000000000
       0.0000000000000000      -0.0000000000130854       0.0000000000000000       0.0000000000000000       0.0000000000000000       0.0000000000000000       0.0000000000000000      -0.0000000000130865       0.0000000000000000       0.0000000000000000       0.0000000000000000       0.0000000000000000
       0.0000000000000000      -0.0000000001038523       0.0000000000000000       0.0000000000000000       0.0000000000000000       0.0000000000000000       0.0000000000000000      -0.0000000001038580       0.0000000000000000       0.0000000000000000       0.0000000000000000       0.0000000000000000
       0.0000000000000000      -0.0000000007825487       0.0000000000000000       0.0000000000000000       0.0000000000000000       0.0000000000000000       0.0000000000000000      -0.0000000007825688       0.0000000000000000       0.0000000000000000       0.0000000000000000       0.0000000000000000
       0.0000000000000000      -0.0000000055777813       0.0000000000000000       0.0000000000000000       0.0000000000000000       0.0000000000000000       0.0000000000000000      -0.0000000055777626       0.0000000000000000       0.0000000000000000       0.0000000000000000       0.0000000000000000
       0.0000000000000000      -0.0000000378262877       0.0000000000000000       0.0000000000000000       0.0000000000000000       0.0000000000000000       0.0000000000000000      -0.0000000378250316       0.0000000000000000       0.0000000000000000       0.0000000000000000       0.0000000000000000
       0.0000000000000000      -0.0000002447587325       0.0000000000000000       0.0000000000000000       0.0000000000000000       0.0000000000000000       0.0000000000000000      -0.0000002447430728       0.0000000000000000       0.0000000000000000       0.0000000000000000       0.0000000000000000
       0.0000000000000000      -0.0000015145823715       0.0000000000000000       0.0000000000000000       0.0000000000000000       0.0000000000000000       0.0000000000000000      -0.0000015144373897       0.0000000000000000       0.0000000000000000       0.0000000000000000       0.0000000000000000
       0.0000000000000000      -0.0000089817768468       0.0000000000000000       0.0000000000000000       0.0000000000000000       0.0000000000000000       0.0000000000000000      -0.0000089806228347       0.0000000000000000       0.0000000000000000       0.0000000000000000       0.0000000000000000
       0.0000000000000000      -0.0000511403443385       0.0000000000000000       0.0000000000000000       0.0000000000000000       0.0000000000000000       0.0000000000000000      -0.0000511320442144       0.0000000000000000       0.0000000000000000       0.0000000000000000       0.0000000000000000
       0.0000000000000000      -0.0002799911708568       0.0000000000000000       0.0000000000000000       0.0000000000000000       0.0000000000000000       0.0000000000000000      -0.0002799359668293       0.0000000000000000       0.0000000000000000       0.0000000000000000       0.0000000000000000
       0.0000000000000000      -0.0014741521580288       0.0000000000000000       0.0000000000000000       0.0000000000000000       0.0000000000000000       0.0000000000000000      -0.0014738090685043       0.0000000000000000       0.0000000000000000       0.0000000000000000       0.0000000000000000
       0.0000000000000000      -0.0074138047334153       0.0000000000000000       0.0000000000000000       0.0000000000000000       0.0000000000000000       0.0000000000000000      -0.0074117931185135       0.0000000000000000       0.0000000000000000       0.0000000000000000       0.0000000000000000
       0.0000000000000000      -0.0346146229105765       0.0000000000000000       0.0000000000000000       0.0000000000000000       0.0000000000000000       0.0000000000000000      -0.0346045373952586       0.0000000000000000       0.0000000000000000       0.0000000000000000       0.0000000000000000
       0.0000000000000000      -0.1360675080795684       0.0000000000000000       0.0000000000000000       0.0000000000000000       0.0000000000000000       0.0000000000000000      -0.1360294024679958       0.0000000000000000       0.0000000000000000       0.0000000000000000       0.0000000000000000
       0.0000000000000001      -0.3932531093930106       0.0000000000000000       0.0000000000000000       0.0000000000000000       0.0000000000000000       0.0000000000000001      -0.3931623269413957       0.0000000000000000       0.0000000000000000       0.0000000000000000       0.0000000000000000
       0.0000000000000005      -0.8247511178951237       0.0000000000000000       0.0000000000000000       0.0000000000000000       0.0000000000000000       0.0000000000000005      -0.8246039944402731       0.0000000000000000       0.0000000000000000       0.0000000000000000       0.0000000000000000
       0.0000000000000023      -1.3746470425935506       0.0000000000000000       0.0000000000000000       0.0000000000000000       0.0000000000000000       0.0000000000000023      -1.3744540986298990       0.0000000000000000       0.0000000000000000       0.0000000000000000       0.0000000000000000
       0.0000000000000097      -1.9840004209520830       0.0000000000000000       0.0000000000000000       0.0000000000000000       0.0000000000000000       0.0000000000000097      -1.9837703011042580       0.0000000000000000       0.0000000000000000       0.0000000000000000       0.0000000000000000
       0.0000000000000480      -2.6203559251570510       0.0000000000000000       0.0000000000000000       0.0000000000000000       0.0000000000000000       0.0000000000000479      -2.6200931697864145       0.0000000000000000       0.0000000000000000       0.0000000000000000       0.0000000000000000
       0.0000000000001963      -3.2671895392340047       0.0000000000000000       0.0000000000000000       0.0000000000000000       0.0000000000000000       0.0000000000001960      -3.2668948119587848       0.0000000000000000       0.0000000000000000       0.0000000000000000       0.0000000000000000
       0.0000000000007576      -3.9186027193148085       0.0000000000000000       0.0000000000000000       0.0000000000000000       0.0000000000000000       0.0000000000007563      -3.9182754659842378       0.0000000000000000       0.0000000000000000       0.0000000000000000       0.0000000000000000
       0.0000000000021780      -4.5709694018993963       0.0000000000000000       0.0000000000000000       0.0000000000000000       0.0000000000000000       0.0000000000021742      -4.5706087999656031       0.0000000000000000       0.0000000000000000       0.0000000000000000       0.0000000000000000
       0.0000000000073310      -5.2257688361941375       0.0000000000000000       0.0000000000000000       0.0000000000000000       0.0000000000000000       0.0000000000073172      -5.2253722056341285       0.0000000000000000       0.0000000000000000       0.0000000000000000       0.0000000000000000
       0.0000000000256291      -5.8805032985498880       0.0000000000000000       0.0000000000000000       0.0000000000000000       0.0000000000000000       0.0000000000255773      -5.8800684209147898       0.0000000000000000       0.0000000000000000       0.0000000000000000       0.0000000000000000
       0.0000000000892606      -6.5353140094479993       0.0000000000000000       0.0000000000000000       0.0000000000000000       0.0000000000000000       0.0000000000890670      -6.5348381137775711       0.0000000000000000       0.0000000000000000       0.0000000000000000       0.0000000000000000
       0.0000000003061285      -7.1901771363981020       0.0000000000000000       0.0000000000000000       0.0000000000000000       0.0000000000000000       0.0000000003054169      -7.1896575874371136       0.0000000000000000       0.0000000000000000       0.0000000000000000       0.0000000000000000
       0.0000000010309709      -7.8451073275014176       0.0000000000000000       0.0000000000000000       0.0000000000000000       0.0000000000000000       0.0000000010284050      -7.8445409288285166       0.0000000000000000       0.0000000000000000       0.0000000000000000       0.0000000000000000
       0.0000000044512610      -8.5001179902937807       0.0000000000000000       0.0000000000000000       0.0000000000000000       0.0000000000000000       0.0000000044392413      -8.4995003851241382       0.0000000000000000       0.0000000000000000       0.0000000000000000       0.0000000000000000
       0.0000000154364346      -9.1551784755763137       0.0000000000000000       0.0000000000000000       0.0000000000000000       0.0000000000000000       0.0000000153919038      -9.1545065324895809       0.0000000000000000       0.0000000000000000       0.0000000000000000       0.0000000000000000
       0.0000000500975348      -9.8102942124613062       0.0000000000000000       0.0000000000000000       0.0000000000000000       0.0000000000000000       0.0000000499431652      -9.8095641522665229       0.0000000000000000       0.0000000000000000       0.0000000000000000       0.0000000000000000
       0.0000001305835526     -10.4654524345207136       0.0000000000000000       0.0000000000000000       0.0000000000000000       0.0000000000000000       0.0000001301607002     -10.4646610195748604       0.0000000000000000       0.0000000000000000       0.0000000000000000       0.0000000000000000
       0.0000003771516032     -11.1206414714072324       0.0000000000000000       0.0000000000000000       0.0000000000000000       0.0000000000000000       0.0000003758818451     -11.1197972551486206       0.0000000000000000       0.0000000000000000       0.0000000000000000       0.0000000000000000
       0.0000011202934679     -11.7758315370232722       0.0000000000000000       0.0000000000000000       0.0000000000000000       0.0000000000000000       0.0000011164762274     -11.7749574552294032       0.0000000000000000       0.0000000000000000       0.0000000000000000       0.0000000000000000
       0.0000033248575110     -12.4310545123508387       0.0000000000000000       0.0000000000000000       0.0000000000000000       0.0000000000000000       0.0000033134815839     -12.4301643374978568       0.0000000000000000       0.0000000000000000       0.0000000000000000       0.0000000000000000
       0.0000101934281992     -13.0863427941197514       0.0000000000000000       0.0000000000000000       0.0000000000000000       0.0000000000000000       0.0000101585008464     -13.0854391752966794       0.0000000000000000       0.0000000000000000       0.0000000000000000       0.0000000000000000
       0.0000299818203746     -13.7416814106574101       0.0000000000000000       0.0000000000000000       0.0000000000000000       0.0000000000000000       0.0000298790367678     -13.7407645921087305       0.0000000000000000       0.0000000000000000       0.0000000000000000       0.0000000000000000
       0.0000861586210279     -14.3970741078603321       0.0000000000000000       0.0000000000000000       0.0000000000000000       0.0000000000000000       0.0000858631933547     -14.3961442304217986       0.0000000000000000       0.0000000000000000       0.0000000000000000       0.0000000000000000
       0.0002433436017274     -15.0525227609411925       0.0000000000000000       0.0000000000000000       0.0000000000000000       0.0000000000000000       0.0002425092147546     -15.0515799008071980       0.0000000000000000       0.0000000000000000       0.0000000000000000       0.0000000000000000
       0.0006768078284721     -15.7080278416563353       0.0000000000000000       0.0000000000000000       0.0000000000000000       0.0000000000000000       0.0006744881985877     -15.7070719972586659       0.0000000000000000       0.0000000000000000       0.0000000000000000       0.0000000000000000
       0.0018540108201290     -16.3635875938491218       0.0000000000000000       0.0000000000000000       0.0000000000000000       0.0000000000000000       0.0018476669189252     -16.3626187001030239       0.0000000000000000       0.0000000000000000       0.0000000000000000       0.0000000000000000
       0.0049944478887021     -17.0191955278774500       0.0000000000000000       0.0000000000000000       0.0000000000000000       0.0000000000000000       0.0049774400050194     -17.0182134789719974       0.0000000000000000       0.0000000000000000       0.0000000000000000       0.0000000000000000
       0.0131671416517607     -17.6748339325541401       0.0000000000000000       0.0000000000000000       0.0000000000000000       0.0000000000000000       0.0131228724588719     -17.6738385681688115       0.0000000000000000       0.0000000000000000       0.0000000000000000       0.0000000000000000
       0.0335760887020319     -18.3304595313330765       0.0000000000000000       0.0000000000000000       0.0000000000000000       0.0000000000000000       0.0334666934065276     -18.3294505676324455       0.0000000000000000       0.0000000000000000       0.0000000000000000       0.0000000000000000
       0.0805986157886230     -18.9859815940484182       0.0000000000000000       0.0000000000000000       0.0000000000000000       0.0000000000000000       0.0803534657771762     -18.9849585364895823       0.0000000000000000       0.0000000000000000       0.0000000000000000       0.0000000000000000
       0.1767510959831032     -19.6412474207111174       0.0000000000000001       0.0000000000000000       0.0000000000000000       0.0000000000000001       0.1762770090914451     -19.6402095821128562       0.0000000000000001       0.0000000000000000       0.0000000000000000       0.0000000000000001
       0.3426345443399392     -20.2960879292267506       0.0000000000000003       0.0000000000000000       0.0000000000000000       0.0000000000000003       0.3418704769888126     -20.2950346963843522       0.0000000000000003       0.0000000000000000       0.0000000000000000       0.0000000000000003
       0.5829968040803025     -20.9504096348532336       0.0000000000000008       0.0000000000000000       0.0000000000000000       0.0000000000000008       0.5819576973307085     -20.9493408425684962       0.0000000000000008       0.0000000000000000       0.0000000000000000       0.0000000000000008
       0.8836412746254342     -21.6042498028949623       0.0000000000000021       0.0000000000000000       0.0000000000000000       0.0000000000000020       0.8823887137754944     -21.6031658212943007       0.0000000000000021       0.0000000000000000       0.0000000000000000       0.0000000000000019
       1.2256856491392671     -22.2577203755427746       0.0000000000000051       0.0000000000000000       0.0000000000000000       0.0000000000000049       1.2242879502452373     -22.2566218645033942       0.0000000000000052       0.0000000000000000       0.0000000000000000       0.0000000000000048
       1.5935322377376928     -22.9109458475232266       0.0000000000000137       0.0000000000000000       0.0000000000000000       0.0000000000000129       1.5920442047648107     -22.9098334246425139       0.0000000000000137       0.0000000000000000       0.0000000000000000       0.0000000000000128
       1.9748787639775371     -23.5640381274599910       0.0000000000000343       0.0000000000000000       0.0000000000000000       0.0000000000000323       1.9733302163539732     -23.5629121915652675       0.0000000000000344       0.0000000000000000       0.0000000000000000       0.0000000000000320
       2.3638838163687308     -24.2170717828762392       0.0000000000000834       0.0000000000000000       0.0000000000000000       0.0000000000000785       2.3622933070703160     -24.2159325370413967       0.0000000000000836       0.0000000000000000       0.0000000000000000       0.0000000000000778
       2.7570860617341029     -24.8700945650342113       0.0000000000001993       0.0000000000000000       0.0000000000000000       0.0000000000001874       2.7554643372736525     -24.8689421078244521       0.0000000000001996       0.0000000000000000       0.0000000000000000       0.0000000000001857
       3.1525468901076832     -25.5231359216826412       0.0000000000004699       0.0000000000000000       0.0000000000000000       0.0000000000004417       3.1508999202814989     -25.5219703154569544       0.0000000000004707       0.0000000000000000       0.0000000000000000       0.0000000000004376
       3.5486076829861797     -26.1761948274037124       0.0000000000009331       0.0000000000000000       0.0000000000000000       0.0000000000008766       3.5469370603713402     -26.1750160962077878       0.0000000000009346       0.0000000000000000       0.0000000000000000       0.0000000000008684
       3.9460267716165212     -26.8293196178021205       0.0000000000019975       0.0000000000000000       0.0000000000000000       0.0000000000018754       3.9443361013207481     -26.8281278279036783       0.0000000000020009       0.0000000000000000       0.0000000000000000       0.0000000000018577
       4.3438809099851836     -27.4824909859371829       0.0000000000044221       0.0000000000000000       0.0000000000000000       0.0000000000041486       4.3421713520937804     -27.4812861581961840       0.0000000000044294       0.0000000000000000       0.0000000000000000       0.0000000000041095
       4.7418901077193301     -28.1357176235833961       0.0000000000098960       0.0000000000000000       0.0000000000000000       0.0000000000092770       4.7401620140861782     -28.1344997657035805       0.0000000000099124       0.0000000000000000       0.0000000000000000       0.0000000000091895
       5.1399699863080581     -28.7890010340534523       0.0000000000221482       0.0000000000000000       0.0000000000000000       0.0000000000207473       5.1382234382752845     -28.7877701429421720       0.0000000000221850       0.0000000000000000       0.0000000000000000       0.0000000000205518
       5.5380951006105743     -29.4423415915839612       0.0000000000493415       0.0000000000000000       0.0000000000000000       0.0000000000461860       5.5363300912500550     -29.4410976559229631       0.0000000000494233       0.0000000000000000       0.0000000000000000       0.0000000000457508
       5.9362577266773631     -30.0957393692141189       0.0000000001091982       0.0000000000000000       0.0000000000000000       0.0000000001021387       5.9344742292922996     -30.0944823701928001       0.0000000001093792       0.0000000000000000       0.0000000000000000       0.0000000001011766
       6.3344555032623688     -30.7491944321442858       0.0000000002398882       0.0000000000000000       0.0000000000000000       0.0000000002242136       6.3326534963220862     -30.7479243445417154       0.0000000002402856       0.0000000000000000       0.0000000000000000       0.0000000002221019
       6.7326876942192992     -31.4027068387298058       0.0000000005229774       0.0000000000000000       0.0000000000000000       0.0000000004884439       6.7308671664394941     -31.4014236314448105       0.0000000005238434       0.0000000000000000       0.0000000000000000       0.0000000004838441
       7.1309540505021616     -32.0562766045169596       0.0000000011314266       0.0000000000000000       0.0000000000000000       0.0000000010559349       7.1291149991604215     -32.0549802434377185       0.0000000011332991       0.0000000000000000       0.0000000000000000       0.0000000010459923
       7.5292544663675969     -32.7099036895868025       0.0000000024292430       0.0000000000000000       0.0000000000000000       0.0000000022654834       7.5273968940525942     -32.7085941422217417       0.0000000024332614       0.0000000000000000       0.0000000000000000       0.0000000022441544
       7.5633937845602901     -32.7659280084332920       0.0000000025653015       0.0000000000000000       0.0000000000000000       0.0000000023922867       7.5615346252294655     -32.7646173295480168       0.0000000025695449       0.0000000000000000       0.0000000000000000       0.0000000023697640
