      -0.0000000000000513       0.0000000000000000       0.0018314101227170
      -0.0000000008800530       0.0000000000000000       0.0067346567279100
      -0.0000000017600837       0.0000000000000000       0.0117856466134667
      -0.0000000030801361       0.0000000000000000       0.0193621271657368
      -0.0000000050602291       0.0000000000000000       0.0307268383729082
      -0.0000000080304007       0.0000000000000000       0.0477738835364003
      -0.0000000124857306       0.0000000000000000       0.0733444025756666
      -0.0000000191688883       0.0000000000000000       0.1117000715462786
      -0.0000000291939917       0.0000000000000000       0.1692333284285227
      -0.0000000442324214       0.0000000000000000       0.2555326241366460
      -0.0000000667919085       0.0000000000000000       0.3849802752116926
      -0.0000001006352353       0.0000000000000000       0.5791488434792534
      -0.0000001514094403       0.0000000000000000       0.8703951512601862
      -0.0000002275914756       0.0000000000000000       1.3072498846638865
      -0.0000003419111497       0.0000000000000000       1.9624988363610565
      -0.0000005134927962       0.0000000000000000       2.6358201508029544
      -0.0000006899523868       0.0000000000000000       3.3090985550605634
      -0.0000008665476301       0.0000000000000000       3.9823340896596373
      -0.0000010432783912       0.0000000000000000       4.6555267075190878
      -0.0000012201446616       0.0000000000000000       5.3286763602154252
      -0.0000013971464326       0.0000000000000000       6.0017829979103912
      -0.0000015742836948       0.0000000000000000       6.6748465692462267
      -0.0000017515564386       0.0000000000000000       7.3478670212726609
      -0.0000019289646542       0.0000000000000000       8.0208442993951525
      -0.0000021065083318       0.0000000000000000       8.6937783473209702
      -0.0000022841874610       0.0000000000000000       9.3666691069949373
      -0.0000024620020316       0.0000000000000000      10.0395165185285560
      -0.0000026399520328       0.0000000000000000      10.7123205201265890
      -0.0000028180374536       0.0000000000000000      11.3850810480113420
      -0.0000029962582828       0.0000000000000000      12.0577980363434953
      -0.0000031746145089       0.0000000000000000      12.7304714171390980
      -0.0000033531061200       0.0000000000000000      13.4031011201824750
      -0.0000035317331039       0.0000000000000000      14.0756870729347447
      -0.0000037104954481       0.0000000000000000      14.7482292004372653
      -0.0000038893931398       0.0000000000000000      15.4207274252113145
      -0.0000040684261657       0.0000000000000000      16.0931816671516401
      -0.0000042475945122       0.0000000000000000      16.7655918434153008
      -0.0000044268981653       0.0000000000000000      17.4379578683044407
      -0.0000046063371105       0.0000000000000000      18.1102796531431451
      -0.0000047859113329       0.0000000000000000      18.7825571061476211
      -0.0000049656208171       0.0000000000000000      19.4547901322900536
      -0.0000051454655472       0.0000000000000000      20.1269786331542484
      -0.0000053254455070       0.0000000000000000      20.7991225067846699
      -0.0000055055606794       0.0000000000000000      21.4712216475267148
      -0.0000056858110470       0.0000000000000000      22.1432759458577486
      -0.0000058661965916       0.0000000000000000      22.8152852882097790
      -0.0000060467172946       0.0000000000000000      23.4872495567819648
      -0.0000062273731365       0.0000000000000000      24.1591686293419450
      -0.0000064081640972       0.0000000000000000      24.8310423790168819
      -0.0000065890901560       0.0000000000000000      25.5028706740715130
      -0.0000067701512911       0.0000000000000000      26.1746533776740016
      -0.0000069513474803       0.0000000000000000      26.8463903476486081
      -0.0000071326787001       0.0000000000000000      27.5180814362119577
      -0.0000073141449264       0.0000000000000000      28.1897264896959427
      -0.0000074957461340       0.0000000000000000      28.8613253482518957
      -0.0000076774822968       0.0000000000000000      29.5328778455382412
      -0.0000078593533874       0.0000000000000000      30.2043838083879983
      -0.0000080413593775       0.0000000000000000      30.8758430564563362
      -0.0000082235002374       0.0000000000000000      31.5472554018454154
      -0.0000084057759363       0.0000000000000000      32.2186206487063274
      -0.0000085881864419       0.0000000000000000      32.8899385928142394
      -0.0000087707317206       0.0000000000000000      33.5612090211176266
      -0.0000089534117372       0.0000000000000000      34.2324317112565240
      -0.0000091362264547       0.0000000000000000      34.9036064310501217
      -0.0000093191758348       0.0000000000000000      35.5747329379490225
      -0.0000095022598370       0.0000000000000000      36.2458109784520985
      -0.0000096854784190       0.0000000000000000      36.9168402874806532
      -0.0000098688315365       0.0000000000000000      37.5878205877123435
      -0.0000100523191428       0.0000000000000000      38.2587515888674687
      -0.0000102359411890       0.0000000000000000      38.9296329869428490
      -0.0000104196976236       0.0000000000000000      39.6004644633934788
      -0.0000106035883924       0.0000000000000000      40.2712456842537421
      -0.0000107876134385       0.0000000000000000      40.9419762991934348
      -0.0000109717727017       0.0000000000000000      41.6126559405053342
      -0.0000111560661187       0.0000000000000000      42.2832842220148493
      -0.0000113404936225       0.0000000000000000      42.9538607379063748
      -0.0000115250551424       0.0000000000000000      43.6243850614623554
      -0.0000117097506036       0.0000000000000000      44.2948567436988938
      -0.0000118945799270       0.0000000000000000      44.9652753118979973
      -0.0000120799306722       0.0000000000000000      45.6358228618752690
      -0.0000122651882833       0.0000000000000000      46.3063895822078706
      -0.0000124504560795       0.0000000000000000      46.9769158475821129
      -0.0000126358592254       0.0000000000000000      47.6474016611045528
      -0.0000128213976679       0.0000000000000000      48.3178470139228722
      -0.0000130070714481       0.0000000000000000      48.9882519071970250
      -0.0000131928805632       0.0000000000000000      49.6586163422049935
      -0.0000133788250096       0.0000000000000000      50.3289403201880887
      -0.0000135649047836       0.0000000000000000      50.9992238423883890
      -0.0000137511198820       0.0000000000000000      51.6694669100463742
      -0.0000139374703011       0.0000000000000000      52.3396695244037247
      -0.0000141239560375       0.0000000000000000      53.0098316867018227
      -0.0000143105770877       0.0000000000000000      53.6799533981809986
      -0.0000144973334482       0.0000000000000000      54.3500346600829261
      -0.0000146842251156       0.0000000000000000      55.0200754736479496
      -0.0000148712520864       0.0000000000000000      55.6900758401171387
      -0.0000150584143572       0.0000000000000000      56.3600357607313782
      -0.0000152457119243       0.0000000000000000      57.0299552367309417
      -0.0000154331447844       0.0000000000000000      57.6998342693566499
      -0.0000156207129340       0.0000000000000000      58.3696728598488193
      -0.0000158084163696       0.0000000000000000      59.0394710094477659
      -0.0000159962550877       0.0000000000000000      59.7092287193942752
      -0.0000161842290848       0.0000000000000000      60.3789459909283650
      -0.0000163723383576       0.0000000000000000      61.0486228252898613
      -0.0000165605829024       0.0000000000000000      61.7182592237190377
      -0.0000167489627159       0.0000000000000000      62.3878551874560472
      -0.0000169374777945       0.0000000000000000      63.0574107177405878
      -0.0000171261281348       0.0000000000000000      63.7269258158123080
      -0.0000173149137334       0.0000000000000000      64.3964004829115453
      -0.0000175038345866       0.0000000000000000      65.0658347202775644
      -0.0000176928906911       0.0000000000000000      65.7352285291498362
      -0.0000178820820434       0.0000000000000000      66.4045819107680018
      -0.0000180714086400       0.0000000000000000      67.0738948663715604
      -0.0000182610815200       0.0000000000000000      67.1312580568928041
