      -0.0000000000001898       0.0000000000000000       0.0000003637460337
      -0.0000000017599431       0.0000000000000000       0.0033685215977994
      -0.0000000030799069       0.0000000000000000       0.0058949103766584
      -0.0000000050598312       0.0000000000000000       0.0096845010342537
      -0.0000000080296823       0.0000000000000000       0.0153688998776040
      -0.0000000124843887       0.0000000000000000       0.0238955228615726
      -0.0000000191662900       0.0000000000000000       0.0366855108183045
      -0.0000000291887782       0.0000000000000000       0.0558706130340281
      -0.0000000442216856       0.0000000000000000       0.0846485379896967
      -0.0000000667691882       0.0000000000000000       0.1278160376068395
      -0.0000001005863054       0.0000000000000000       0.1925686067993748
      -0.0000001513025910       0.0000000000000000       0.2897004908077015
      -0.0000002273559369       0.0000000000000000       0.4354051296955460
      -0.0000003413885298       0.0000000000000000       0.6539774105731957
      -0.0000005123307233       0.0000000000000000       0.9818703175551518
      -0.0000006878680580       0.0000000000000000       1.3188712800232065
      -0.0000008632700168       0.0000000000000000       1.6559158308210498
      -0.0000010385363480       0.0000000000000000       1.9930040125808128
      -0.0000012136670321       0.0000000000000000       2.3301357002478391
      -0.0000013886621361       0.0000000000000000       2.6673108941219192
      -0.0000015635216243       0.0000000000000000       3.0045295653070250
      -0.0000017382454955       0.0000000000000000       3.3417916667696881
      -0.0000019128337744       0.0000000000000000       3.6790971491269286
      -0.0000020872864785       0.0000000000000000       4.0164459637856078
      -0.0000022616036143       0.0000000000000000       4.3538380620191948
      -0.0000024357851871       0.0000000000000000       4.6912733934494169
      -0.0000026098312051       0.0000000000000000       5.0287519050750316
      -0.0000027837416803       0.0000000000000000       5.3662735408977102
      -0.0000029575166262       0.0000000000000000       5.7038382418114750
      -0.0000031311560567       0.0000000000000000       6.0414459455393210
      -0.0000033046599863       0.0000000000000000       6.3790965865223059
      -0.0000034780284302       0.0000000000000000       6.7167900957323727
      -0.0000036512614045       0.0000000000000000       7.0545264003882622
      -0.0000038243589269       0.0000000000000000       7.3923054237079553
      -0.0000039973210166       0.0000000000000000       7.7301270845810048
      -0.0000041701476944       0.0000000000000000       8.0679912972763681
      -0.0000043428389826       0.0000000000000000       8.4058979710827675
      -0.0000045153949057       0.0000000000000000       8.7438470099471157
      -0.0000046878154900       0.0000000000000000       9.0818383120538133
      -0.0000048601007641       0.0000000000000000       9.4198717693951544
      -0.0000050322507594       0.0000000000000000       9.7579472672584870
      -0.0000052042655098       0.0000000000000000      10.0960646836984331
      -0.0000053761450525       0.0000000000000000      10.4342238889171028
      -0.0000055478894282       0.0000000000000000      10.7724247446198369
      -0.0000057194986814       0.0000000000000000      11.1106671032891828
      -0.0000058909728611       0.0000000000000000      11.4489508073432003
      -0.0000060623120211       0.0000000000000000      11.7872756882638363
      -0.0000062335162207       0.0000000000000000      12.1256415655888841
      -0.0000064045855253       0.0000000000000000      12.4640482457720800
      -0.0000065755200073       0.0000000000000000      12.8024955209397078
      -0.0000067463197471       0.0000000000000000      13.1409831674469402
      -0.0000069169848339       0.0000000000000000      13.4795109441580738
      -0.0000070875153669       0.0000000000000000      13.8180785895789811
      -0.0000072579114570       0.0000000000000000      14.1566858135891458
      -0.0000074281732283       0.0000000000000000      14.4953322597236216
      -0.0000075983008196       0.0000000000000000      14.8340173087948237
      -0.0000077682943843       0.0000000000000000      15.1727390601901497
      -0.0000079381540781       0.0000000000000000      15.5114892197564487
      -0.0000081078800095       0.0000000000000000      15.8502289929350013
      -0.0000082774723570       0.0000000000000000      16.1887906558510082
      -0.0000084469318428       0.0000000000000000      16.5266382763315924
      -0.0000086162589560       0.0000000000000000      16.8629475554174206
      -0.0000087854534269       0.0000000000000000      17.1975278450621687
      -0.0000089545154477       0.0000000000000000      17.5309440717082481
      -0.0000091234456761       0.0000000000000000      17.8637914996236198
      -0.0000092922507521       0.0000000000000000      18.1963967006234100
      -0.0000094609108540       0.0000000000000000      18.5289266694461823
      -0.0000096294556715       0.0000000000000000      18.8614395392629923
      -0.0000097978566412       0.0000000000000000      19.1939718180092846
      -0.0000099661490800       0.0000000000000000      19.5265061870302645
      -0.0000101342923428       0.0000000000000000      19.8590678201353974
      -0.0000103023358927       0.0000000000000002      20.1916513922280281
      -0.0000104702382017       0.0000000000000009      20.5242565776535528
      -0.0000106380207895       0.0000000000000055      20.8568808100815595
      -0.0000108056866698       0.0000000000000353      21.1895209371492967
      -0.0000109732374741       0.0000000000002491      21.5221737767378940
      -0.0000111406766797       0.0000000000018217      21.8548352318171624
      -0.0000113080100208       0.0000000000116559      22.1875000008600587
      -0.0000114743238489       0.0000000000368529      22.5203788956810200
      -0.0000116403847915       0.0000000000692486      22.8534838583261681
      -0.0000118070958275       0.0000000001069092      23.1866319695975740
      -0.0000119736792195       0.0000000001501877      23.5198220723745592
      -0.0000121401306976       0.0000000002038081      23.8530537808013889
      -0.0000123064465756       0.0000000002809524      24.1863262039197515
      -0.0000124726254282       0.0000000004130433      24.5196372658492798
      -0.0000126386675072       0.0000000006771060      24.8529815080877832
      -0.0000128045736566       0.0000000012672520      25.1863447947466383
      -0.0000129703445882       0.0000000026694483      25.5196915329230549
      -0.0000131359805125       0.0000000060710173      25.8529347904459854
      -0.0000133014811856       0.0000000142058019      26.1858744261012184
      -0.0000134668460909       0.0000000325635053      26.5181155586429114
      -0.0000136320747817       0.0000000695373006      26.8490446576353463
      -0.0000137971670221       0.0000001328510244      27.1780995473540159
      -0.0000139621227476       0.0000002241867530      27.5051465239105966
      -0.0000141269421587       0.0000003385965710      27.8305673939916147
      -0.0000142916256855       0.0000004688962073      28.1548783492414145
      -0.0000144561737776       0.0000006089047475      28.4785100471924153
      -0.0000146205866790       0.0000007543331046      28.8018016970641213
      -0.0000147848643684       0.0000009028080681      29.1249183872094690
      -0.0000149490067053       0.0000010529504444      29.4479575212412108
      -0.0000151130134514       0.0000012039945701      29.7709739184313094
      -0.0000152768843909       0.0000013555294119      30.0940135909301461
      -0.0000154406193367       0.0000015074427628      30.4170566560924449
      -0.0000156042182763       0.0000016594964357      30.7401283100993794
      -0.0000157676814303       0.0000018116141753      31.0632364458479024
      -0.0000159310091732       0.0000019637694669      31.3863837050020926
      -0.0000160942018131       0.0000021159501083      31.7095711344158566
      -0.0000162572595268       0.0000022681484115      32.0327992586299146
      -0.0000164201823663       0.0000024203585438      32.3560684052198226
      -0.0000165829702089       0.0000025725762952      32.6793787765421087
      -0.0000167456227187       0.0000027247995279      33.0027304779878321
      -0.0000169081394637       0.0000028770280871      33.3261235421059894
      -0.0000169218101384       0.0000028900755663      33.3538426403065742
