       0.0000000000000000       0.0000000000000000       0.0000000000002015
       0.0000000000000201       0.0000000000000000       0.0000000065156976
       0.0000000000000613       0.0000000000000000       0.0000000199440994
       0.0000000000001654       0.0000000000000000       0.0000000538149090
       0.0000000000004164       0.0000000000000000       0.0000001355156814
       0.0000000000010064       0.0000000000000000       0.0000003275765136
       0.0000000000023719       0.0000000000000000       0.0000007720765154
       0.0000000000055014       0.0000000000000000       0.0000017907506328
       0.0000000000126280       0.0000000000000000       0.0000041105564039
       0.0000000000287911       0.0000000000000000       0.0000093718407054
       0.0000000000653502       0.0000000000000000       0.0000212722861019
       0.0000000001478964       0.0000000000000000       0.0000481421343429
       0.0000000003340580       0.0000000000000000       0.0001087400604920
       0.0000000007535703       0.0000000000000000       0.0002452965399250
       0.0000000016984459       0.0000000000000000       0.0005528653411155
       0.0000000030640610       0.0000000000000000       0.0009973778317357
       0.0000000048296630       0.0000000000000000       0.0015720822145363
       0.0000000069952508       0.0000000000000000       0.0022769784339853
       0.0000000095608245       0.0000000000000000       0.0031120664196507
       0.0000000125263835       0.0000000000000000       0.0040773461514165
       0.0000000158919278       0.0000000000000000       0.0051728176454927
       0.0000000196574571       0.0000000000000000       0.0063984809148885
       0.0000000238229715       0.0000000000000000       0.0077543359715887
       0.0000000283884711       0.0000000000000000       0.0092403828435627
       0.0000000333539558       0.0000000000000000       0.0108566215398279
       0.0000000387194258       0.0000000000000000       0.0126030520688241
       0.0000000444848809       0.0000000000000000       0.0144796744498098
       0.0000000506503212       0.0000000000000000       0.0164864887035863
       0.0000000572157467       0.0000000000000000       0.0186234948346031
       0.0000000641811573       0.0000000000000000       0.0208906928701685
       0.0000000715465532       0.0000000000000000       0.0232880828319613
       0.0000000793119342       0.0000000000000000       0.0258156647405102
       0.0000000874773003       0.0000000000000000       0.0284734386208515
       0.0000000960426517       0.0000000000000000       0.0312614044946736
       0.0000001050079882       0.0000000000000000       0.0341795623841014
       0.0000001143733099       0.0000000000000000       0.0372279123192701
       0.0000001241386168       0.0000000000000000       0.0404064543260144
       0.0000001343039089       0.0000000000000000       0.0437151884348396
       0.0000001448691861       0.0000000000000000       0.0471541146683313
       0.0000001558344485       0.0000000000000000       0.0507232330675386
       0.0000001671996961       0.0000000000000000       0.0544225436574000
       0.0000001789649289       0.0000000000000000       0.0582520464752721
       0.0000001911301468       0.0000000000000000       0.0622117415531385
       0.0000002036953499       0.0000000000000000       0.0663016289263975
       0.0000002166605382       0.0000000000000000       0.0705217086371587
       0.0000002300257116       0.0000000000000000       0.0748719807139839
       0.0000002437908703       0.0000000000000000       0.0793524452024710
       0.0000002579560141       0.0000000000000000       0.0839631021433240
       0.0000002725211431       0.0000000000000000       0.0887039515710270
       0.0000002874862572       0.0000000000000000       0.0935749935375642
       0.0000003028513566       0.0000000000000000       0.0985762280794347
       0.0000003186164410       0.0000000000000000       0.1037076552421461
       0.0000003347815107       0.0000000000000000       0.1089692750779521
       0.0000003513465656       0.0000000000000000       0.1143610876256148
       0.0000003683116056       0.0000000000000000       0.1198830929433742
       0.0000003856766308       0.0000000000000000       0.1255352910768314
       0.0000004034416412       0.0000000000000000       0.1313176820705992
       0.0000004216066368       0.0000000000000000       0.1372302659817763
       0.0000004401716175       0.0000000000000000       0.1432730428624274
       0.0000004591365834       0.0000000000000000       0.1494460127741057
       0.0000004785015345       0.0000000000000000       0.1557491757583527
       0.0000004982664707       0.0000000000000000       0.1621825318833546
       0.0000005184313922       0.0000000000000000       0.1687460812013072
       0.0000005389962988       0.0000000000000000       0.1754398237691293
       0.0000005599611906       0.0000000000000001       0.1822637596541201
       0.0000005813260675       0.0000000000000002       0.1892178888978731
       0.0000006030909296       0.0000000000000010       0.1963022115195794
       0.0000006252557770       0.0000000000000039       0.2035167274141593
       0.0000006478206097       0.0000000000000151       0.2108614360095133
       0.0000006707854283       0.0000000000000573       0.2183363350040874
       0.0000006941502346       0.0000000000002111       0.2259414160217343
       0.0000007179150342       0.0000000000007500       0.2336766505257487
       0.0000007420798423       0.0000000000025065       0.2415419518595752
       0.0000007666446795       0.0000000000075255       0.2495371077213420
       0.0000007916095260       0.0000000000200940       0.2576616783137028
       0.0000008169743119       0.0000000000523288       0.2659144394943824
       0.0000008427390226       0.0000000001459417       0.2742911808455499
       0.0000008689037145       0.0000000004340911       0.2827784412750402
       0.0000008954684442       0.0000000013125392       0.2913361823286686
       0.0000009224332310       0.0000000038549904       0.2998556542725226
       0.0000009497980559       0.0000000104287123       0.3080962560044272
       0.0000009775628706       0.0000000240863281       0.3157433093650548
       0.0000010057276013       0.0000000444746981       0.3228162342432733
       0.0000010342922407       0.0000000658217328       0.3298798020420906
       0.0000010632568687       0.0000000828557242       0.3374690572784163
       0.0000010926215439       0.0000000946370164       0.3456702739508842
       0.0000011223862261       0.0000001024982867       0.3543674131402239
       0.0000011525508891       0.0000001080118340       0.3634199495328549
       0.0000011831155406       0.0000001123023124       0.3727090360942791
       0.0000012140801664       0.0000001159520589       0.3821826164232083
       0.0000012454447699       0.0000001192895275       0.3918101000420185
       0.0000012772093609       0.0000001224875013       0.4015692486047037
       0.0000013093739257       0.0000001256028569       0.4114656123499070
       0.0000013419384821       0.0000001287213519       0.4214874258270842
       0.0000013749030233       0.0000001318685105       0.4316311376876351
       0.0000014082675492       0.0000001350506983       0.4418958344406760
       0.0000014420320592       0.0000001382697170       0.4522812538129765
       0.0000014761965549       0.0000001415260787       0.4627873271519698
       0.0000015107610366       0.0000001448199606       0.4734140326712842
       0.0000015457255045       0.0000001481514352       0.4841613622325480
       0.0000015810899587       0.0000001515205358       0.4950293110884511
       0.0000016168543996       0.0000001549272731       0.5060178804807144
       0.0000016530188271       0.0000001583716632       0.5171270680688557
       0.0000016895832412       0.0000001618537110       0.5283568732443171
       0.0000017265476421       0.0000001653734181       0.5397072958629833
       0.0000017639120296       0.0000001689307848       0.5511783359421294
       0.0000018016764039       0.0000001725258114       0.5627699935381071
       0.0000018398407648       0.0000001761584980       0.5744822687226461
       0.0000018784051124       0.0000001798288445       0.5863151615668889
       0.0000019173694467       0.0000001835368511       0.5982686721530438
       0.0000019567337677       0.0000001872825176       0.6103428005542583
       0.0000019964980753       0.0000001910658443       0.6225375468509554
       0.0000019999289441       0.0000001913914471       0.6235885424878348
       0.0000019997293730       0.0000001914100437       0.6235205771739816
       0.0000019995294047       0.0000001914282507       0.6234526681892798
       0.0000019992294682       0.0000001914547108       0.6233509277624081
       0.0000019987796053       0.0000001914925729       0.6231985840722493
       0.0000019981049087       0.0000001915455190       0.6229706345879482
       0.0000019970930789       0.0000001916170854       0.6226298797733741
       0.0000019955758139       0.0000001917090753       0.6221210787591824
       0.0000019933009961       0.0000001918187074       0.6213624595530267
       0.0000019898911999       0.0000001919348085       0.6202326208345070
       0.0000019847819763       0.0000001920343838       0.6185514329044213
       0.0000019771304521       0.0000001920830764       0.6160507482886950
       0.0000019656808695       0.0000001920439192       0.6123305058764550
       0.0000019485688344       0.0000001918984442       0.6067928212858184
       0.0000019230410499       0.0000001916772990       0.5985475586681995
       0.0000018850649823       0.0000001914749791       0.5862842844886346
       0.0000018464321742       0.0000001913743543       0.5738050613069245
       0.0000018081992245       0.0000001913309318       0.5614512941850834
       0.0000017703662604       0.0000001913135662       0.5492251606551234
       0.0000017329332818       0.0000001913070053       0.5371280614262139
       0.0000016959002885       0.0000001913046379       0.5251606814696832
       0.0000016592672804       0.0000001913038165       0.5133233149030966
       0.0000016230342572       0.0000001913035414       0.5016160780497573
       0.0000015872012193       0.0000001913034522       0.4900390142407902
       0.0000015517681665       0.0000001913034241       0.4785921388166090
       0.0000015167350988       0.0000001913034156       0.4672754569461028
       0.0000014821020164       0.0000001913034130       0.4560889702671006
       0.0000014478689191       0.0000001913034123       0.4450326792279821
       0.0000014140358070       0.0000001913034121       0.4341065839058770
       0.0000013806026801       0.0000001913034120       0.4233106842346412
       0.0000013475695383       0.0000001913034120       0.4126449801472944
       0.0000013149363817       0.0000001913034120       0.4021094715604390
       0.0000012827032103       0.0000001913034120       0.3917041583681607
       0.0000012508700241       0.0000001913034120       0.3814290404900502
       0.0000012194368230       0.0000001913034120       0.3712841178218717
       0.0000011884036071       0.0000001913034120       0.3612693902772652
       0.0000011577703764       0.0000001913034120       0.3513848577674498
       0.0000011275371309       0.0000001913034120       0.3416305202000039
       0.0000010977038705       0.0000001913034120       0.3320063774955454
       0.0000010682705953       0.0000001913034120       0.3225124295538714
       0.0000010392373053       0.0000001913034120       0.3131486763014609
       0.0000010106040005       0.0000001913034120       0.3039151176523764
       0.0000009823706808       0.0000001913034120       0.2948117535207319
       0.0000009545373463       0.0000001913034120       0.2858385838269162
       0.0000009271039969       0.0000001913034120       0.2769956084809009
       0.0000009000706328       0.0000001913034120       0.2682828274203399
       0.0000008734372538       0.0000001913034120       0.2597002405591308
       0.0000008472038600       0.0000001913034120       0.2512478478120944
       0.0000008213704514       0.0000001913034120       0.2429256491157731
       0.0000007959370279       0.0000001913034120       0.2347336443863222
       0.0000007709035896       0.0000001913034120       0.2266718335642406
       0.0000007462701365       0.0000001913034120       0.2187402165592195
       0.0000007220366686       0.0000001913034120       0.2109387933079130
       0.0000006982031858       0.0000001913034120       0.2032675637419019
       0.0000006747696882       0.0000001913034120       0.1957265277871738
       0.0000006517361758       0.0000001913034120       0.1883156853833999
       0.0000006291026486       0.0000001913034120       0.1810350364573454
       0.0000006068691065       0.0000001913034120       0.1738845809493108
       0.0000005850355496       0.0000001913034120       0.1668643187893120
       0.0000005636019779       0.0000001913034120       0.1599742499208643
       0.0000005425683914       0.0000001913034120       0.1532143742738651
       0.0000005219347900       0.0000001913034120       0.1465846917914481
       0.0000005017011738       0.0000001913034120       0.1400852024218067
       0.0000004818675428       0.0000001913034120       0.1337159060910500
       0.0000004624338970       0.0000001913034120       0.1274768027568828
       0.0000004434002363       0.0000001913034120       0.1213678923560985
       0.0000004247665608       0.0000001913034120       0.1153891748351634
       0.0000004065328705       0.0000001913034120       0.1095406501350829
       0.0000003886991654       0.0000001913034120       0.1038223182166395
       0.0000003712654454       0.0000001913034120       0.0982341790120635
       0.0000003542317106       0.0000001913034120       0.0927762324803386
       0.0000003375979610       0.0000001913034120       0.0874484785717964
       0.0000003213641965       0.0000001913034120       0.0822509172401591
       0.0000003055304172       0.0000001913034120       0.0771835484342901
       0.0000002900966232       0.0000001913034120       0.0722463721147469
       0.0000002750628142       0.0000001913034120       0.0674393882328466
       0.0000002604289905       0.0000001913034120       0.0627625967439957
       0.0000002461951519       0.0000001913034120       0.0582159976056113
       0.0000002323612985       0.0000001913034120       0.0537995907871888
       0.0000002189274303       0.0000001913034120       0.0495133762360515
       0.0000002058935473       0.0000001913034120       0.0453573539223558
       0.0000001932596494       0.0000001913034120       0.0413315238006162
       0.0000001810257367       0.0000001913034120       0.0374358858464306
       0.0000001691918092       0.0000001913034120       0.0336704400152484
       0.0000001577578669       0.0000001913034120       0.0300351862753382
       0.0000001467239097       0.0000001913034120       0.0265301245936520
       0.0000001360899377       0.0000001913034120       0.0231552549423923
       0.0000001258559509       0.0000001913034120       0.0199105772862607
       0.0000001160219492       0.0000001913034120       0.0167960916054976
       0.0000001065879328       0.0000001913034120       0.0138117978578107
       0.0000000975539015       0.0000001913034120       0.0109576960256287
       0.0000000889198554       0.0000001913034120       0.0082337860861135
       0.0000000806857944       0.0000001913034120       0.0056400680059608
       0.0000000728517187       0.0000001913034120       0.0031765417694513
       0.0000000654176281       0.0000001913034120       0.0008432073483335
       0.0000000583835226       0.0000001913034120      -0.0013599352776919
       0.0000000517494024       0.0000001913034120      -0.0034328861193500
       0.0000000455152674       0.0000001913034120      -0.0053756452035775
       0.0000000396811175       0.0000001913034120      -0.0071882125491785
       0.0000000342469528       0.0000001913034120      -0.0088705881632854
       0.0000000292127732       0.0000001913034120      -0.0104227720707862
       0.0000000245785789       0.0000001913034120      -0.0118447642786584
       0.0000000203443697       0.0000001913034120      -0.0131365648066745
       0.0000000165101457       0.0000001913034120      -0.0142981736633636
       0.0000000130759068       0.0000001913034120      -0.0153295908562963
       0.0000000100416532       0.0000001913034120      -0.0162308163956413
       0.0000000074073847       0.0000001913034120      -0.0170018502922922
       0.0000000051731014       0.0000001913034120      -0.0176426925480964
       0.0000000033388033       0.0000001913034120      -0.0181533431723217
       0.0000000019044903       0.0000001913034120      -0.0185338021733420
       0.0000000008701625       0.0000001913034120      -0.0187840695445316
       0.0000000002358199       0.0000001913034120      -0.0189041452976799
       0.0000000000014625       0.0000001913034120      -0.0188940294326490
       0.0000000001670902       0.0000001913034120      -0.0187537219400444
       0.0000000007327031       0.0000001913034120      -0.0184832228325798
       0.0000000016983012       0.0000001913034120      -0.0180825320950503
       0.0000000030638845       0.0000001913034120      -0.0175516497303154
       0.0000000048294530       0.0000001913034120      -0.0168905757336438
       0.0000000069950066       0.0000001913034120      -0.0160993101004131
       0.0000000095605454       0.0000001913034120      -0.0151778528133699
       0.0000000125260694       0.0000001913034120      -0.0141262038762885
       0.0000000158915785       0.0000001913034120      -0.0129443632785392
       0.0000000196570728       0.0000001913034120      -0.0116323309981967
       0.0000000238225523       0.0000001913034120      -0.0101901070347768
       0.0000000283880170       0.0000001913034120      -0.0086176913774176
       0.0000000333534669       0.0000001913034120      -0.0069150840037298
       0.0000000387189019       0.0000001913034120      -0.0050822848990453
       0.0000000444843221       0.0000001913034120      -0.0031192940472681
       0.0000000506497275       0.0000001913034118      -0.0010261114191934
       0.0000000572151180       0.0000001913034113       0.0011972630330032
       0.0000000641804937       0.0000001913034092       0.0035508294465918
       0.0000000715458543       0.0000001913034015       0.0060345882715276
       0.0000000793111995       0.0000001913033730       0.0086485410913907
       0.0000000874765274       0.0000001913032715       0.0113926933658116
       0.0000000960418327       0.0000001913029222       0.0142670633079709
       0.0000001050070990       0.0000001913017926       0.0172717058817636
       0.0000001143722917       0.0000001912986123       0.0204067528884633
       0.0000001241373908       0.0000001912918367       0.0236723659539436
       0.0000001343024933       0.0000001912822793       0.0270684614923420
       0.0000001448677434       0.0000001912734710       0.0305946699979671
       0.0000001558331227       0.0000001912676098       0.0342507580672339
       0.0000001671985157       0.0000001912644058       0.0380367510647886
       0.0000001789638461       0.0000001912626648       0.0419527758003914
       0.0000001911291017       0.0000001912610558       0.0459989709049770
       0.0000002036942980       0.0000001912574045       0.0501755564526783
       0.0000002166594503       0.0000001912461663       0.0544830809057177
       0.0000002300245614       0.0000001912115721       0.0589230994145247
       0.0000002437896371       0.0000001911094793       0.0634999551983588
       0.0000002579547091       0.0000001908170266       0.0682257276892403
       0.0000002725198046       0.0000001899906340       0.0731341971135916
       0.0000002874849089       0.0000001876924347       0.0783175651819586
       0.0000003028499872       0.0000001816225232       0.0840017576359345
       0.0000003186150257       0.0000001675950875       0.0905969569420910
       0.0000003347800952       0.0000001424244545       0.0984109962418035
       0.0000003513453398       0.0000001105541454       0.1069946358193096
       0.0000003683107583       0.0000000821906308       0.1153313190120187
       0.0000003856761800       0.0000000631299803       0.1228411744570305
       0.0000004034414257       0.0000000526398280       0.1296238826580419
       0.0000004216064613       0.0000000478559587       0.1359603364690739
       0.0000004401713936       0.0000000463093688       0.1420887312855673
       0.0000004591363314       0.0000000464312233       0.1481795417403551
       0.0000004785013043       0.0000000474421063       0.1543068401068332
       0.0000004982662789       0.0000000489194568       0.1605120525210980
       0.0000005184312408       0.0000000506459393       0.1668278062861020
       0.0000005389962051       0.0000000525706842       0.1732404109287781
       0.0000005599611530       0.0000000545715996       0.1797680481269623
       0.0000005813260885       0.0000000566186310       0.1864149942947383
       0.0000006030910131       0.0000000587049081       0.1931822968571590
       0.0000006252559322       0.0000000608283243       0.2000702614834344
       0.0000006478208373       0.0000000629881795       0.2070789486039992
       0.0000006707857206       0.0000000651847660       0.2142083384776869
       0.0000006941505774       0.0000000674193276       0.2214583047328251
       0.0000007179154115       0.0000000696927728       0.2288287540667117
       0.0000007420802304       0.0000000720051673       0.2363196848162328
       0.0000007666450373       0.0000000743561694       0.2439311322970768
       0.0000007916098327       0.0000000767454113       0.2516631328352956
       0.0000008169746170       0.0000000791726265       0.2595157173756171
       0.0000008427393891       0.0000000816376742       0.2674888996390331
       0.0000008689041488       0.0000000841404730       0.2755826879171260
       0.0000008954688955       0.0000000866809785       0.2837970868332493
       0.0000009224336291       0.0000000892591675       0.2921321005337410
       0.0000009497983490       0.0000000918750359       0.3005877268996621
       0.0000009775630558       0.0000000945285690       0.3091639683228207
       0.0000010057277494       0.0000000972197628       0.3178608254133243
       0.0000010342924297       0.0000000999486164       0.3266782983986277
       0.0000010632570967       0.0000001027151296       0.3356163873719154
       0.0000010926217504       0.0000001055193022       0.3446750923983903
       0.0000011223863908       0.0000001083611344       0.3538544135545864
       0.0000011525510179       0.0000001112406262       0.3631543508910394
       0.0000011831156316       0.0000001141577774       0.3725749044788697
       0.0000012140802321       0.0000001171125882       0.3821160743769253
       0.0000012454448193       0.0000001201050586       0.3917778606459077
       0.0000012772093931       0.0000001231351886       0.4015602633558928
       0.0000013093739537       0.0000001262029783       0.4114632825762454
       0.0000013419385009       0.0000001293084275       0.4214869183611727
       0.0000013749030348       0.0000001324515365       0.4316311707929782
       0.0000014082675554       0.0000001356323051       0.4418960399260324
       0.0000014420320627       0.0000001388507334       0.4522815258345711
       0.0000014761965567       0.0000001421068214       0.4627876285817422
       0.0000015107610374       0.0000001454005692       0.4734143482486622
       0.0000015457255048       0.0000001487319768       0.4841616848970451
       0.0000015810899589       0.0000001521010442       0.4950296386000851
       0.0000016168543996       0.0000001555077713       0.5060182094414485
       0.0000016530188271       0.0000001589521583       0.5171273974838946
       0.0000016895832413       0.0000001624342052       0.5283572028017157
       0.0000017265476421       0.0000001659539120       0.5397076254643066
       0.0000017639120296       0.0000001695112786       0.5511786655649099
       0.0000018016764039       0.0000001731063052       0.5627703231636749
       0.0000018398407648       0.0000001767389918       0.5744825983474530
       0.0000018784051124       0.0000001804093383       0.5863154911931531
       0.0000019173694467       0.0000001841173448       0.5982690017768374
       0.0000019567337677       0.0000001878630114       0.6103431301752212
       0.0000019964980753       0.0000001916463380       0.6225378764791536
       0.0000019999289441       0.0000001919719408       0.6235888721073318
       0.0000019997293730       0.0000001919905375       0.6235209067979353
       0.0000019995294047       0.0000001920087444       0.6234529978147767
       0.0000019992294682       0.0000001920352045       0.6233512573900594
       0.0000019987796053       0.0000001920730666       0.6231989136944132
       0.0000019981049087       0.0000001921260128       0.6229709642158782
       0.0000019970930789       0.0000001921975792       0.6226302093947840
       0.0000019955758139       0.0000001922895691       0.6221214083833138
       0.0000019933009961       0.0000001923992011       0.6213627891798557
       0.0000019898911999       0.0000001925153023       0.6202329504558591
       0.0000019847819763       0.0000001926148776       0.6185517625298317
       0.0000019771304521       0.0000001926635701       0.6160510779110423
       0.0000019656808695       0.0000001926244130       0.6123308355025868
       0.0000019485688344       0.0000001924789379       0.6067931509097042
       0.0000019230410499       0.0000001922577928       0.5985478882920366
       0.0000018850649823       0.0000001920554729       0.5862846141172581
       0.0000018464321742       0.0000001919548481       0.5738053909324583
       0.0000018081992245       0.0000001919114255       0.5614516238107038
       0.0000017703662604       0.0000001918940599       0.5492254902820726
       0.0000017329332818       0.0000001918874991       0.5371283910511084
       0.0000016959002885       0.0000001918851316       0.5251610110986800
       0.0000016592672804       0.0000001918843103       0.5133236445291246
       0.0000016230342573       0.0000001918840352       0.5016164076802198
       0.0000015872012193       0.0000001918839460       0.4900393438682213
       0.0000015517681665       0.0000001918839179       0.4785924684432519
       0.0000015167350988       0.0000001918839094       0.4672757865702087
       0.0000014821020164       0.0000001918839068       0.4560892998968877
       0.0000014478689191       0.0000001918839061       0.4450330088539715
       0.0000014140358070       0.0000001918839059       0.4341069135377482
       0.0000013806026801       0.0000001918839058       0.4233110138645731
       0.0000013475695383       0.0000001918839058       0.4126453097797531
       0.0000013149363817       0.0000001918839058       0.4021098011918459
       0.0000012827032103       0.0000001918839058       0.3917044880024049
       0.0000012508700241       0.0000001918839058       0.3814293701194307
       0.0000012194368230       0.0000001918839058       0.3712844474539418
       0.0000011884036071       0.0000001918839058       0.3612697199087673
       0.0000011577703764       0.0000001918839058       0.3513851873991097
       0.0000011275371309       0.0000001918839058       0.3416308498357668
       0.0000010977038705       0.0000001918839058       0.3320067071273518
       0.0000010682705953       0.0000001918839058       0.3225127591903084
       0.0000010392373053       0.0000001918839058       0.3131490059369540
       0.0000010106040004       0.0000001918839058       0.3039154472835889
       0.0000009823706808       0.0000001918839058       0.2948120831534403
       0.0000009545373463       0.0000001918839058       0.2858389134575512
       0.0000009271039970       0.0000001918839058       0.2769959381225329
       0.0000009000706328       0.0000001918839058       0.2682831570541477
       0.0000008734372538       0.0000001918839058       0.2597005701974005
       0.0000008472038600       0.0000001918839058       0.2512481774507396
       0.0000008213704514       0.0000001918839058       0.2429259787517305
       0.0000007959370279       0.0000001918839058       0.2347339740286339
       0.0000007709035896       0.0000001918839058       0.2266721631990097
       0.0000007462701365       0.0000001918839058       0.2187405461982816
       0.0000007220366686       0.0000001918839058       0.2109391229499786
       0.0000006982031858       0.0000001918839058       0.2032678933811302
       0.0000006747696882       0.0000001918839058       0.1957268574303111
       0.0000006517361758       0.0000001918839058       0.1883160150259155
       0.0000006291026486       0.0000001918839058       0.1810353661004592
       0.0000006068691065       0.0000001918839058       0.1738849105945257
       0.0000005850355496       0.0000001918839058       0.1668646484352311
       0.0000005636019779       0.0000001918839058       0.1599745795654280
       0.0000005425683914       0.0000001918839058       0.1532147039183042
       0.0000005219347900       0.0000001918839058       0.1465850214363933
       0.0000005017011738       0.0000001918839058       0.1400855320644063
       0.0000004818675428       0.0000001918839058       0.1337162357381439
       0.0000004624338970       0.0000001918839058       0.1274771324031292
       0.0000004434002363       0.0000001918839058       0.1213682220032260
       0.0000004247665608       0.0000001918839058       0.1153895044823696
       0.0000004065328705       0.0000001918839058       0.1095409797846089
       0.0000003886991653       0.0000001918839058       0.1038226478611018
       0.0000003712654454       0.0000001918839058       0.0982345086612251
       0.0000003542317106       0.0000001918839058       0.0927765621303804
       0.0000003375979610       0.0000001918839058       0.0874488082209978
       0.0000003213641965       0.0000001918839058       0.0822512468906595
       0.0000003055304173       0.0000001918839058       0.0771838780902947
       0.0000002900966232       0.0000001918839058       0.0722467017677162
       0.0000002750628142       0.0000001918839058       0.0674397178796050
       0.0000002604289905       0.0000001918839058       0.0627629263961987
       0.0000002461951519       0.0000001918839058       0.0582163272601162
       0.0000002323612985       0.0000001918839058       0.0537999204370734
       0.0000002189274303       0.0000001918839058       0.0495137058901164
       0.0000002058935473       0.0000001918839058       0.0453576835746012
       0.0000001932596494       0.0000001918839058       0.0413318534565711
       0.0000001810257367       0.0000001918839058       0.0374362155017210
       0.0000001691918092       0.0000001918839058       0.0336707696696282
       0.0000001577578669       0.0000001918839058       0.0300355159289004
       0.0000001467239097       0.0000001918839058       0.0265304542494804
       0.0000001360899377       0.0000001918839058       0.0231555845999354
       0.0000001258559509       0.0000001918839058       0.0199109069499347
       0.0000001160219493       0.0000001918839058       0.0167964212631993
       0.0000001065879328       0.0000001918839058       0.0138121275187144
       0.0000000975539015       0.0000001918839058       0.0109580256848215
       0.0000000889198554       0.0000001918839058       0.0082341157446645
       0.0000000806857944       0.0000001918839058       0.0056403976625362
       0.0000000728517187       0.0000001918839058       0.0031768714292563
       0.0000000654176281       0.0000001918839058       0.0008435370100011
       0.0000000583835227       0.0000001918839058      -0.0013596056093678
       0.0000000517494024       0.0000001918839058      -0.0034325564587048
       0.0000000455152674       0.0000001918839058      -0.0053753155384787
       0.0000000396811175       0.0000001918839058      -0.0071878828837128
       0.0000000342469528       0.0000001918839058      -0.0088702584973952
       0.0000000292127732       0.0000001918839058      -0.0104224424092435
       0.0000000245785789       0.0000001918839058      -0.0118444346131602
       0.0000000203443697       0.0000001918839058      -0.0131362351425260
       0.0000000165101457       0.0000001918839058      -0.0142978439968358
       0.0000000130759068       0.0000001918839058      -0.0153292611874758
       0.0000000100416532       0.0000001918839058      -0.0162304867262706
       0.0000000074073847       0.0000001918839058      -0.0170015206230647
       0.0000000051731014       0.0000001918839058      -0.0176423628774080
       0.0000000033388033       0.0000001918839058      -0.0181530135028512
       0.0000000019044903       0.0000001918839058      -0.0185334725000911
       0.0000000008701625       0.0000001918839058      -0.0187837398712906
       0.0000000002358199       0.0000001918839058      -0.0189038156274915
       0.0000000000014625       0.0000001918839058      -0.0188936997598802
      -0.0000000000000024       0.0000001918839058      -0.0188867749289258
