       0.0000000000000000       0.0000000000000000      -0.0000000056470230
      -0.0000000000000050       0.0000000000000000      -0.0000000045973312
      -0.0000000000000200       0.0000000000000000      -0.0000000140781568
      -0.0000000000000612       0.0000000000000000      -0.0000000379963451
      -0.0000000000001653       0.0000000000000000      -0.0000000956922035
      -0.0000000000004162       0.0000000000000000      -0.0000002313261641
      -0.0000000000010061       0.0000000000000000      -0.0000005452289377
      -0.0000000000023713       0.0000000000000000      -0.0000012645998561
      -0.0000000000054999       0.0000000000000000      -0.0000029028202486
      -0.0000000000126247       0.0000000000000000      -0.0000066182706962
      -0.0000000000287837       0.0000000000000000      -0.0000150222159461
      -0.0000000000653334       0.0000000000000000      -0.0000339973643545
      -0.0000000001478586       0.0000000000000000      -0.0000767908550604
      -0.0000000003339724       0.0000000000000000      -0.0001732253194295
      -0.0000000007533772       0.0000000000000000      -0.0003904265305298
      -0.0000000016979723       0.0000000000000000      -0.0007043357000382
      -0.0000000030631346       0.0000000000000000      -0.0011101847550025
      -0.0000000048281294       0.0000000000000000      -0.0016079736962839
      -0.0000000069929568       0.0000000000000000      -0.0021977025250048
      -0.0000000095576168       0.0000000000000000      -0.0028793712425919
      -0.0000000125221093       0.0000000000000000      -0.0036529798506874
      -0.0000000158864345       0.0000000000000000      -0.0045185283511651
      -0.0000000196505922       0.0000000000000000      -0.0054760167460949
      -0.0000000238145825       0.0000000000000000      -0.0065254450377607
      -0.0000000283784054       0.0000000000000000      -0.0076668132286624
      -0.0000000333420610       0.0000000000000000      -0.0089001213215586
      -0.0000000387055491       0.0000000000000000      -0.0102253693193370
      -0.0000000444688700       0.0000000000000000      -0.0116425572252513
      -0.0000000506320234       0.0000000000000000      -0.0131516850426418
      -0.0000000571950096       0.0000000000000000      -0.0147527527751494
      -0.0000000641578285       0.0000000000000000      -0.0164457604265882
      -0.0000000715204800       0.0000000000000000      -0.0182307080009611
      -0.0000000792829643       0.0000000000000000      -0.0201075955026418
      -0.0000000874452813       0.0000000000000000      -0.0220764229360501
      -0.0000000960074311       0.0000000000000000      -0.0241371903058951
      -0.0000001049694136       0.0000000000000000      -0.0262898976171375
      -0.0000001143312290       0.0000000000000000      -0.0285345448749519
      -0.0000001240928772       0.0000000000000000      -0.0308711320846381
      -0.0000001342543583       0.0000000000000000      -0.0332996592518428
      -0.0000001448156722       0.0000000000000000      -0.0358201263823234
      -0.0000001557768190       0.0000000000000000      -0.0384325334821688
      -0.0000001671377987       0.0000000000000000      -0.0411368805576238
      -0.0000001788986114       0.0000000000000000      -0.0439331676151352
      -0.0000001910592571       0.0000000000000000      -0.0468213946613664
      -0.0000002036197358       0.0000000000000000      -0.0498015617032757
      -0.0000002165800475       0.0000000000000000      -0.0528736687480101
      -0.0000002299401923       0.0000000000000000      -0.0560377158028815
      -0.0000002437001702       0.0000000000000000      -0.0592937028754815
      -0.0000002578599812       0.0000000000000000      -0.0626416299735721
      -0.0000002724196255       0.0000000000000000      -0.0660814971051873
      -0.0000002873791029       0.0000000000000000      -0.0696133042785633
      -0.0000003027384135       0.0000000000000000      -0.0732370515021157
      -0.0000003184975574       0.0000000000000000      -0.0769527387846114
      -0.0000003346565347       0.0000000000000000      -0.0807603661349732
      -0.0000003512153453       0.0000000000000000      -0.0846599335630967
      -0.0000003681739893       0.0000000000000001      -0.0886514410822755
      -0.0000003855324667       0.0000000000000003      -0.0927348887240372
      -0.0000004032907773       0.0000000000000018      -0.0969102766128172
      -0.0000004214489205       0.0000000000000096      -0.1011776053381656
      -0.0000004400068926       0.0000000000000474      -0.1055368776730629
      -0.0000004589646781       0.0000000000002185      -0.1099881055808402
      -0.0000004783222326       0.0000000000008468      -0.1145313269185100
      -0.0000004980795409       0.0000000000022902      -0.1191665851959071
      -0.0000005182367544       0.0000000000040578      -0.1238938281389474
      -0.0000005387939305       0.0000000000053994      -0.1287129699318957
      -0.0000005597509500       0.0000000000062268      -0.1336239984594400
      -0.0000005811077591       0.0000000000067446      -0.1386269359458634
      -0.0000006028643710       0.0000000000071142      -0.1437217990321269
      -0.0000006250207995       0.0000000000074234      -0.1489085976440828
      -0.0000006475770557       0.0000000000077078      -0.1541873351707286
      -0.0000006705331415       0.0000000000079844      -0.1595580136381470
      -0.0000006938890598       0.0000000000082579      -0.1650206326880426
      -0.0000007176448085       0.0000000000085359      -0.1705751936336265
      -0.0000007418003893       0.0000000000088185      -0.1762216965107493
      -0.0000007663558025       0.0000000000091057      -0.1819601413401040
      -0.0000007913110482       0.0000000000093975      -0.1877905281311794
      -0.0000008166661264       0.0000000000096938      -0.1937128568950430
      -0.0000008424210371       0.0000000000099946      -0.1997271276455018
      -0.0000008685757805       0.0000000000103001      -0.2058333403974631
      -0.0000008951303566       0.0000000000106101      -0.2120314951658910
      -0.0000009220847654       0.0000000000109246      -0.2183215919656948
      -0.0000009494390071       0.0000000000112437      -0.2247036308118296
      -0.0000009771930816       0.0000000000115674      -0.2311776117195334
      -0.0000010053469891       0.0000000000118957      -0.2377435347043020
      -0.0000010339007296       0.0000000000122285      -0.2444013997817854
      -0.0000010628543032       0.0000000000125659      -0.2511512069680239
      -0.0000010922077100       0.0000000000129078      -0.2579929562791154
      -0.0000011219609500       0.0000000000132543      -0.2649266477314088
      -0.0000011521140232       0.0000000000136054      -0.2719522813415751
      -0.0000011826669299       0.0000000000139610      -0.2790698571263285
      -0.0000012136196700       0.0000000000143212      -0.2862793751027258
      -0.0000012449722436       0.0000000000146859      -0.2935808352880812
      -0.0000012767246508       0.0000000000150552      -0.3009742376997908
      -0.0000013088768916       0.0000000000154291      -0.3084595823555799
      -0.0000013414289662       0.0000000000158076      -0.3160368692733410
      -0.0000013743808747       0.0000000000161906      -0.3237060984712352
      -0.0000014077326170       0.0000000000165781      -0.3314672699675905
      -0.0000014414841933       0.0000000000169703      -0.3393203837809868
      -0.0000014756356037       0.0000000000173670      -0.3472654399301702
      -0.0000015101868482       0.0000000000177682      -0.3553024384342363
      -0.0000015451379269       0.0000000000181741      -0.3634313793123516
      -0.0000015804888400       0.0000000000185844      -0.3716522625839860
      -0.0000016162395874       0.0000000000189994      -0.3799650882688099
      -0.0000016523901693       0.0000000000194189      -0.3883698563867131
      -0.0000016889405858       0.0000000000198430      -0.3968665669578431
      -0.0000017258908370       0.0000000000202716      -0.4054552200024699
      -0.0000017632409229       0.0000000000207048      -0.4141358155411242
      -0.0000018009908436       0.0000000000211426      -0.4229083535946867
      -0.0000018391405992       0.0000000000215849      -0.4317728341840790
      -0.0000018776901899       0.0000000000220318      -0.4407292573304921
      -0.0000019166396157       0.0000000000224833      -0.4497776230553838
      -0.0000019559888766       0.0000000000229393      -0.4589179313804233
      -0.0000019957368331       0.0000000000229786      -0.4597056013910397
      -0.0000019991621225       0.0000000000229808      -0.4596596306942785
      -0.0000019989621897       0.0000000000229829      -0.4596136654618518
      -0.0000019987622850       0.0000000000229861      -0.4595447214796928
      -0.0000019984624506       0.0000000000229904      -0.4594413137138665
      -0.0000019980127346       0.0000000000229964      -0.4592862230424232
      -0.0000019973382499       0.0000000000230041      -0.4590536359903505
      -0.0000019963267361       0.0000000000230134      -0.4587048657624305
      -0.0000019948099485       0.0000000000230236      -0.4581819583630742
      -0.0000019925358509       0.0000000000230329      -0.4573981551827458
      -0.0000019891271393       0.0000000000230383      -0.4562237066216141
      -0.0000019840195468       0.0000000000230366      -0.4544648620984822
      -0.0000019763704731       0.0000000000230257      -0.4518329618515535
      -0.0000019649245662       0.0000000000230071      -0.4478994401617306
      -0.0000019478180328       0.0000000000229883      -0.4420314015272953
      -0.0000019222984709       0.0000000000229775      -0.4333018941931157
      -0.0000018843353183       0.0000000000229741      -0.4244217539840839
      -0.0000018457171293       0.0000000000229732      -0.4156335548992340
      -0.0000018074987776       0.0000000000229730      -0.4069372966712926
      -0.0000017696802623       0.0000000000229729      -0.3983329792756361
      -0.0000017322615835       0.0000000000229729      -0.3898206027235625
      -0.0000016952427413       0.0000000000229729      -0.3814001670012067
      -0.0000016586237358       0.0000000000229729      -0.3730716720809302
      -0.0000016224045669       0.0000000000229729      -0.3648351179368576
      -0.0000015865852344       0.0000000000229729      -0.3566905045479170
      -0.0000015511657382       0.0000000000229729      -0.3486378318953931
      -0.0000015161460783       0.0000000000229729      -0.3406770999607288
      -0.0000014815262546       0.0000000000229729      -0.3328083087250021
      -0.0000014473062670       0.0000000000229729      -0.3250314581693081
      -0.0000014134861155       0.0000000000229729      -0.3173465482749518
      -0.0000013800657998       0.0000000000229729      -0.3097535790235079
      -0.0000013470453200       0.0000000000229729      -0.3022525503968435
      -0.0000013144246760       0.0000000000229729      -0.2948434623770515
      -0.0000012822038677       0.0000000000229729      -0.2875263149463064
      -0.0000012503828950       0.0000000000229729      -0.2803011080871886
      -0.0000012189617579       0.0000000000229729      -0.2731678417823596
      -0.0000011879404562       0.0000000000229729      -0.2661265160148163
      -0.0000011573189899       0.0000000000229729      -0.2591771307675705
      -0.0000011270973590       0.0000000000229729      -0.2523196860241357
      -0.0000010972755633       0.0000000000229729      -0.2455541817681035
      -0.0000010678536028       0.0000000000229729      -0.2388806179831668
      -0.0000010388314774       0.0000000000229729      -0.2322989946534677
      -0.0000010102091870       0.0000000000229729      -0.2258093117631911
      -0.0000009819867316       0.0000000000229729      -0.2194115692968755
      -0.0000009541641111       0.0000000000229729      -0.2131057672391121
      -0.0000009267413255       0.0000000000229729      -0.2068919055748883
      -0.0000008997183746       0.0000000000229729      -0.2007699842893302
      -0.0000008730952584       0.0000000000229729      -0.1947400033677834
      -0.0000008468719769       0.0000000000229729      -0.1888019627958035
      -0.0000008210485299       0.0000000000229729      -0.1829558625592321
      -0.0000007956249175       0.0000000000229729      -0.1772017026439842
      -0.0000007706011395       0.0000000000229729      -0.1715394830363716
      -0.0000007459771959       0.0000000000229729      -0.1659692037228143
      -0.0000007217530867       0.0000000000229729      -0.1604908646900309
      -0.0000006979288117       0.0000000000229729      -0.1551044659248430
      -0.0000006745043710       0.0000000000229729      -0.1498100074143770
      -0.0000006514797644       0.0000000000229729      -0.1446074891460278
      -0.0000006288549920       0.0000000000229729      -0.1394969111072578
      -0.0000006066300536       0.0000000000229729      -0.1344782732859136
      -0.0000005848049492       0.0000000000229729      -0.1295515756698992
      -0.0000005633796787       0.0000000000229729      -0.1247168182475359
      -0.0000005423542422       0.0000000000229729      -0.1199740010071610
      -0.0000005217286395       0.0000000000229729      -0.1153231239375388
      -0.0000005015028706       0.0000000000229729      -0.1107641870274113
      -0.0000004816769355       0.0000000000229729      -0.1062971902659293
      -0.0000004622508341       0.0000000000229729      -0.1019221336423877
      -0.0000004432245663       0.0000000000229729      -0.0976390171463640
      -0.0000004245981322       0.0000000000229729      -0.0934478407675495
      -0.0000004063715316       0.0000000000229729      -0.0893486044959500
      -0.0000003885447645       0.0000000000229729      -0.0853413083217657
      -0.0000003711178309       0.0000000000229729      -0.0814259522353788
      -0.0000003540907308       0.0000000000229729      -0.0776025362274527
      -0.0000003374634641       0.0000000000229729      -0.0738710602888081
      -0.0000003212360307       0.0000000000229729      -0.0702315244105175
      -0.0000003054084306       0.0000000000229729      -0.0666839285839124
      -0.0000002899806639       0.0000000000229729      -0.0632282728004634
      -0.0000002749527304       0.0000000000229729      -0.0598645570519246
      -0.0000002603246301       0.0000000000229729      -0.0565927813302269
      -0.0000002460963629       0.0000000000229729      -0.0534129456275688
      -0.0000002322679289       0.0000000000229729      -0.0503250499362941
      -0.0000002188393280       0.0000000000229729      -0.0473290942490578
      -0.0000002058105602       0.0000000000229729      -0.0444250785587203
      -0.0000001931816255       0.0000000000229729      -0.0416130028582446
      -0.0000001809525237       0.0000000000229729      -0.0388928671409531
      -0.0000001691232550       0.0000000000229729      -0.0362646714003465
      -0.0000001576938192       0.0000000000229729      -0.0337284156301519
      -0.0000001466642163       0.0000000000229729      -0.0312840998241962
      -0.0000001360344463       0.0000000000229729      -0.0289317239767550
      -0.0000001258045092       0.0000000000229729      -0.0266712880821736
      -0.0000001159744050       0.0000000000229729      -0.0245027921350364
      -0.0000001065441336       0.0000000000229729      -0.0224262361300849
      -0.0000000975136950       0.0000000000229729      -0.0204416200624618
      -0.0000000888830892       0.0000000000229729      -0.0185489439272728
      -0.0000000806523161       0.0000000000229729      -0.0167482077201730
      -0.0000000728213758       0.0000000000229729      -0.0150394114367199
      -0.0000000653902682       0.0000000000229729      -0.0134225550728849
      -0.0000000583589934       0.0000000000229729      -0.0118976386247499
      -0.0000000517275512       0.0000000000229729      -0.0104646620887028
      -0.0000000454959417       0.0000000000229729      -0.0091236254613233
      -0.0000000396641649       0.0000000000229729      -0.0078745287393878
      -0.0000000342322207       0.0000000000229729      -0.0067173719199109
      -0.0000000292001091       0.0000000000229729      -0.0056521550000837
      -0.0000000245678302       0.0000000000229729      -0.0046788779774453
      -0.0000000203353839       0.0000000000229729      -0.0037975408495603
      -0.0000000165027702       0.0000000000229729      -0.0030081436143011
      -0.0000000130699890       0.0000000000229729      -0.0023106862690844
      -0.0000000100370405       0.0000000000229728      -0.0017051688090939
      -0.0000000074039246       0.0000000000229726      -0.0011915912149588
      -0.0000000051706413       0.0000000000229714      -0.0007699533928746
      -0.0000000033371914       0.0000000000229649      -0.0004402548781653
      -0.0000000019035777       0.0000000000229335      -0.0002024934359918
      -0.0000000008698130       0.0000000000227857      -0.0000566588357888
      -0.0000000002359485       0.0000000000221465      -0.0000027090149456
      -0.0000000000021184       0.0000000000198995      -0.0000405185726910
      -0.0000000001683337       0.0000000000148605      -0.0001699551327724
      -0.0000000007340745       0.0000000000087192      -0.0003912085587583
      -0.0000000016991361       0.0000000000042741      -0.0007045947675916
      -0.0000000030639557       0.0000000000019361      -0.0011101597770470
      -0.0000000048287599       0.0000000000008869      -0.0016078081638750
      -0.0000000069935071       0.0000000000004635      -0.0021974695312121
      -0.0000000095581556       0.0000000000003021      -0.0028790998168897
      -0.0000000125226583       0.0000000000002601      -0.0036526843233934
      -0.0000000158870036       0.0000000000002710      -0.0045182157630360
      -0.0000000196511871       0.0000000000003061      -0.0054756895372854
      -0.0000000238151973       0.0000000000003613      -0.0065251079303064
      -0.0000000283790436       0.0000000000004203      -0.0076664676978301
      -0.0000000333427202       0.0000000000004838      -0.0088997690317361
      -0.0000000387062276       0.0000000000005520      -0.0102250119101247
      -0.0000000444695656       0.0000000000006247      -0.0116421963373243
      -0.0000000506327344       0.0000000000007020      -0.0131513223161206
      -0.0000000571957339       0.0000000000007838      -0.0147523898501910
      -0.0000000641585642       0.0000000000008702      -0.0164453989434586
      -0.0000000715212252       0.0000000000009612      -0.0182303495999631
      -0.0000000792837170       0.0000000000010567      -0.0201072418240314
      -0.0000000874460396       0.0000000000011568      -0.0220760756200958
      -0.0000000960081930       0.0000000000012615      -0.0241368509928905
      -0.0000001049701773       0.0000000000013707      -0.0262895679473461
      -0.0000001143319924       0.0000000000014845      -0.0285342264886046
      -0.0000001240936384       0.0000000000016028      -0.0308708266220683
      -0.0000001342551153       0.0000000000017257      -0.0332993683532862
      -0.0000001448164232       0.0000000000018532      -0.0358198516880661
      -0.0000001557775620       0.0000000000019852      -0.0384322766324923
      -0.0000001671385318       0.0000000000021218      -0.0411366431927393
      -0.0000001788993326       0.0000000000022630      -0.0439329513753531
      -0.0000001910599644       0.0000000000024087      -0.0468212011870028
      -0.0000002036204273       0.0000000000025590      -0.0498013926345616
      -0.0000002165807214       0.0000000000027138      -0.0528735257251922
      -0.0000002299408465       0.0000000000028732      -0.0560376004662462
      -0.0000002437008028       0.0000000000030372      -0.0592936168652966
      -0.0000002578605903       0.0000000000032057      -0.0626415749301207
      -0.0000002724202090       0.0000000000033788      -0.0660814746687463
      -0.0000002873796590       0.0000000000035565      -0.0696133160893965
      -0.0000003027389403       0.0000000000037387      -0.0732370992005285
      -0.0000003184980529       0.0000000000039255      -0.0769528240107913
      -0.0000003346569969       0.0000000000041169      -0.0807604905290909
      -0.0000003512157723       0.0000000000043128      -0.0846600987645425
      -0.0000003681743792       0.0000000000045133      -0.0886516487264615
      -0.0000003855328175       0.0000000000047183      -0.0927351404244150
      -0.0000004032910874       0.0000000000049279      -0.0969105738681524
      -0.0000004214491889       0.0000000000051421      -0.1011779490676801
      -0.0000004400071220       0.0000000000053608      -0.1055372660332790
      -0.0000004589648867       0.0000000000055841      -0.1099885247752407
      -0.0000004783224832       0.0000000000058120      -0.1145317253043184
      -0.0000004980799114       0.0000000000060444      -0.1191668676313470
      -0.0000005182371714       0.0000000000062814      -0.1238939517674384
      -0.0000005387942633       0.0000000000065229      -0.1287129777238578
      -0.0000005597511870       0.0000000000067690      -0.1336239455121818
      -0.0000005811079427       0.0000000000070197      -0.1386268551441429
      -0.0000006028645305       0.0000000000072749      -0.1437217066316938
      -0.0000006250209502       0.0000000000075347      -0.1489084999870732
      -0.0000006475772021       0.0000000000077991      -0.1541872352226321
      -0.0000006705332862       0.0000000000080680      -0.1595579123510776
      -0.0000006938892024       0.0000000000083415      -0.1650205313852113
      -0.0000007176449510       0.0000000000086196      -0.1705750923381001
      -0.0000007418005318       0.0000000000089022      -0.1762215952230442
      -0.0000007663559451       0.0000000000091894      -0.1819600400535544
      -0.0000007913111908       0.0000000000094811      -0.1877904268433536
      -0.0000008166662690       0.0000000000097774      -0.1937127556064123
      -0.0000008424211797       0.0000000000100783      -0.1997270263568890
      -0.0000008685759231       0.0000000000103837      -0.2058332391091754
      -0.0000008951304992       0.0000000000106937      -0.2120313938779017
      -0.0000009220849081       0.0000000000110083      -0.2183214906778438
      -0.0000009494391497       0.0000000000113274      -0.2247035295241236
      -0.0000009771932243       0.0000000000116511      -0.2311775104319697
      -0.0000010053471317       0.0000000000119793      -0.2377434334168772
      -0.0000010339008723       0.0000000000123121      -0.2444012984945416
      -0.0000010628544459       0.0000000000126495      -0.2511511056809267
      -0.0000010922078526       0.0000000000129914      -0.2579928549921662
      -0.0000011219610926       0.0000000000133379      -0.2649265464446467
      -0.0000011521141659       0.0000000000136890      -0.2719521800549465
      -0.0000011826670725       0.0000000000140446      -0.2790697558398737
      -0.0000012136198126       0.0000000000144048      -0.2862792738164708
      -0.0000012449723862       0.0000000000147696      -0.2935807340019703
      -0.0000012767247934       0.0000000000151389      -0.3009741364138173
      -0.0000013088770342       0.0000000000155128      -0.3084594810697844
      -0.0000013414291088       0.0000000000158912      -0.3160367679877261
      -0.0000013743810173       0.0000000000162742      -0.3237059971857777
      -0.0000014077327596       0.0000000000166618      -0.3314671686823102
      -0.0000014414843359       0.0000000000170539      -0.3393202824958576
      -0.0000014756357463       0.0000000000174506      -0.3472653386452536
      -0.0000015101869908       0.0000000000178519      -0.3553023371494815
      -0.0000015451380695       0.0000000000182577      -0.3634312780277751
      -0.0000015804889826       0.0000000000186681      -0.3716521612995893
      -0.0000016162397300       0.0000000000190830      -0.3799649869846071
      -0.0000016523903120       0.0000000000195025      -0.3883697551027024
      -0.0000016889407285       0.0000000000199266      -0.3968664656739838
      -0.0000017258909796       0.0000000000203553      -0.4054551187187850
      -0.0000017632410655       0.0000000000207885      -0.4141357142576775
      -0.0000018009909862       0.0000000000212262      -0.4229082523114204
      -0.0000018391407419       0.0000000000216685      -0.4317727329009809
      -0.0000018776903325       0.0000000000221154      -0.4407291560475897
      -0.0000019166397583       0.0000000000225669      -0.4497775217726678
      -0.0000019559890192       0.0000000000230229      -0.4589178300978869
      -0.0000019957369758       0.0000000000230622      -0.4597055001085313
      -0.0000019991622652       0.0000000000230644      -0.4596595294117820
      -0.0000019989623323       0.0000000000230666      -0.4596135641793481
      -0.0000019987624276       0.0000000000230697      -0.4595446201971831
      -0.0000019984625933       0.0000000000230740      -0.4594412124313912
      -0.0000019980128772       0.0000000000230800      -0.4592861217599103
      -0.0000019973383925       0.0000000000230877      -0.4590535347078085
      -0.0000019963268788       0.0000000000230971      -0.4587047644799084
      -0.0000019948100911       0.0000000000231073      -0.4581818570805190
      -0.0000019925359935       0.0000000000231165      -0.4573980539002098
      -0.0000019891272820       0.0000000000231219      -0.4562236053389896
      -0.0000019840196895       0.0000000000231203      -0.4544647608158754
      -0.0000019763706157       0.0000000000231093      -0.4518328605688660
      -0.0000019649247088       0.0000000000230907      -0.4478993388789745
      -0.0000019478181754       0.0000000000230719      -0.4420313002444110
      -0.0000019222986136       0.0000000000230611      -0.4333017929100333
      -0.0000018843354609       0.0000000000230577      -0.4244216527007753
      -0.0000018457172719       0.0000000000230568      -0.4156334536157117
      -0.0000018074989202       0.0000000000230566      -0.4069371953876234
      -0.0000017696804049       0.0000000000230565      -0.3983328779917465
      -0.0000017322617261       0.0000000000230565      -0.3898205014394756
      -0.0000016952428839       0.0000000000230565      -0.3814000657168986
      -0.0000016586238784       0.0000000000230565      -0.3730715707964379
      -0.0000016224047095       0.0000000000230565      -0.3648350166521794
      -0.0000015865853770       0.0000000000230565      -0.3566904032630137
      -0.0000015511658808       0.0000000000230565      -0.3486377306103406
      -0.0000015161462210       0.0000000000230565      -0.3406769986754924
      -0.0000014815263973       0.0000000000230565      -0.3328082074395892
      -0.0000014473064097       0.0000000000230565      -0.3250313568836586
      -0.0000014134862581       0.0000000000230565      -0.3173464469891422
      -0.0000013800659424       0.0000000000230565      -0.3097534777375466
      -0.0000013470454626       0.0000000000230565      -0.3022524491107163
      -0.0000013144248186       0.0000000000230565      -0.2948433610906874
      -0.0000012822040103       0.0000000000230565      -0.2875262136597811
      -0.0000012503830376       0.0000000000230565      -0.2803010068004844
      -0.0000012189619005       0.0000000000230565      -0.2731677404955005
      -0.0000011879405988       0.0000000000230565      -0.2661264147277612
      -0.0000011573191325       0.0000000000230565      -0.2591770294803749
      -0.0000011270975016       0.0000000000230565      -0.2523195847367956
      -0.0000010972757059       0.0000000000230565      -0.2455540804805432
      -0.0000010678537454       0.0000000000230565      -0.2388805166954918
      -0.0000010388316200       0.0000000000230565      -0.2322988933655966
      -0.0000010102093296       0.0000000000230565      -0.2258092104751465
      -0.0000009819868742       0.0000000000230565      -0.2194114680086441
      -0.0000009541642537       0.0000000000230565      -0.2131056659507415
      -0.0000009267414681       0.0000000000230565      -0.2068918042864168
      -0.0000008997185172       0.0000000000230565      -0.2007698830006605
      -0.0000008730954010       0.0000000000230565      -0.1947399020789629
      -0.0000008468721195       0.0000000000230565      -0.1888018615068177
      -0.0000008210486725       0.0000000000230565      -0.1829557612700522
      -0.0000007956250601       0.0000000000230565      -0.1772016013547286
      -0.0000007706012821       0.0000000000230565      -0.1715393817469600
      -0.0000007459773385       0.0000000000230565      -0.1659691024332421
      -0.0000007217532293       0.0000000000230565      -0.1604907634002521
      -0.0000006979289543       0.0000000000230565      -0.1551043646349450
      -0.0000006745045136       0.0000000000230565      -0.1498099061243508
      -0.0000006514799070       0.0000000000230565      -0.1446073878558363
      -0.0000006288551346       0.0000000000230565      -0.1394968098169412
      -0.0000006066301962       0.0000000000230565      -0.1344781719954304
      -0.0000005848050918       0.0000000000230565      -0.1295514743793330
      -0.0000005633798213       0.0000000000230565      -0.1247167169568034
      -0.0000005423543848       0.0000000000230565      -0.1199738997163389
      -0.0000005217287821       0.0000000000230565      -0.1153230226465047
      -0.0000005015030132       0.0000000000230565      -0.1107640857362440
      -0.0000004816770781       0.0000000000230565      -0.1062970889746476
      -0.0000004622509767       0.0000000000230565      -0.1019220323509853
      -0.0000004432247089       0.0000000000230565      -0.0976389158548464
      -0.0000004245982748       0.0000000000230565      -0.0934477394758994
      -0.0000004063716742       0.0000000000230565      -0.0893485032041841
      -0.0000003885449071       0.0000000000230565      -0.0853412070298833
      -0.0000003711179735       0.0000000000230565      -0.0814258509433647
      -0.0000003540908734       0.0000000000230565      -0.0776024349353006
      -0.0000003374636067       0.0000000000230565      -0.0738709589965517
      -0.0000003212361733       0.0000000000230565      -0.0702314231181556
      -0.0000003054085732       0.0000000000230565      -0.0666838272914212
      -0.0000002899808065       0.0000000000230565      -0.0632281715078441
      -0.0000002749528730       0.0000000000230565      -0.0598644557591964
      -0.0000002603247726       0.0000000000230565      -0.0565926800374080
      -0.0000002460965055       0.0000000000230565      -0.0534128443345997
      -0.0000002322680715       0.0000000000230565      -0.0503249486432570
      -0.0000002188394706       0.0000000000230565      -0.0473289929558950
      -0.0000002058107028       0.0000000000230565      -0.0444249772654042
      -0.0000001931817681       0.0000000000230565      -0.0416129015648941
      -0.0000001809526663       0.0000000000230565      -0.0388927658475020
      -0.0000001691233976       0.0000000000230565      -0.0362645701067715
      -0.0000001576939618       0.0000000000230565      -0.0337283143364550
      -0.0000001466643589       0.0000000000230565      -0.0312839985304622
      -0.0000001360345889       0.0000000000230565      -0.0289316226829299
      -0.0000001258046518       0.0000000000230565      -0.0266711867882158
      -0.0000001159745476       0.0000000000230565      -0.0245026908409543
      -0.0000001065442762       0.0000000000230565      -0.0224261348359528
      -0.0000000975138376       0.0000000000230565      -0.0204415187681861
      -0.0000000888832318       0.0000000000230565      -0.0185488426329743
      -0.0000000806524587       0.0000000000230565      -0.0167481064257463
      -0.0000000728215184       0.0000000000230565      -0.0150393101422137
      -0.0000000653904108       0.0000000000230565      -0.0134224537782904
      -0.0000000583591360       0.0000000000230565      -0.0118975373300753
      -0.0000000517276938       0.0000000000230565      -0.0104645607939649
      -0.0000000454960843       0.0000000000230565      -0.0091235241665003
      -0.0000000396643075       0.0000000000230565      -0.0078744274444720
      -0.0000000342323633       0.0000000000230565      -0.0067172706248778
      -0.0000000292002517       0.0000000000230565      -0.0056520537050459
      -0.0000000245679728       0.0000000000230565      -0.0046787766823036
      -0.0000000203355265       0.0000000000230565      -0.0037974395543606
      -0.0000000165029127       0.0000000000230565      -0.0030080423190148
      -0.0000000130701316       0.0000000000230565      -0.0023105849737482
      -0.0000000100371831       0.0000000000230565      -0.0017050675136508
      -0.0000000074040671       0.0000000000230562      -0.0011914899194381
      -0.0000000051707839       0.0000000000230550      -0.0007698520973379
      -0.0000000033373340       0.0000000000230486      -0.0004401535825612
      -0.0000000019037203       0.0000000000230171      -0.0002023921403602
      -0.0000000008699556       0.0000000000228693      -0.0000565575403271
      -0.0000000002360911       0.0000000000222302      -0.0000026077202544
      -0.0000000000017604       0.0000000000221682      -0.0000022607079826
