       0.0000000000000000       0.0000000000000000       0.0000000000000000       0.0000000000000000       0.0000000000000000       0.0000000000000000       0.0000000000000000       0.0000000000000000       0.0000000000000000       0.0000000000000000       0.0000000000000000       0.0000000000000000
       0.0000000000000000       0.0000000000000000       0.0000000000000000       0.0000000000000000       0.0000000000000000       0.0000000000000000       0.0000000000000000       0.0000000000000000       0.0000000000000000       0.0000000000000000       0.0000000000000000       0.0000000000000000
       0.0000000000000000       0.0000000000000000       0.0000000000000000       0.0000000000000000       0.0000000000000000       0.0000000000000000       0.0000000000000000       0.0000000000000000       0.0000000000000000       0.0000000000000000       0.0000000000000000       0.0000000000000000
       0.0000000000000000       0.0000000000000000       0.0000000000000000       0.0000000000000000       0.0000000000000000       0.0000000000000000       0.0000000000000000       0.0000000000000000       0.0000000000000000       0.0000000000000000       0.0000000000000000       0.0000000000000000
       0.0000000000000000       0.0000000000000000       0.0000000000000000       0.0000000000000000       0.0000000000000000       0.0000000000000000       0.0000000000000000       0.0000000000000000       0.0000000000000000       0.0000000000000000       0.0000000000000000       0.0000000000000000
       0.0000000000000000       0.0000000000000000       0.0000000000000000       0.0000000000000000       0.0000000000000000       0.0000000000000000       0.0000000000000000       0.0000000000000000       0.0000000000000000       0.0000000000000000       0.0000000000000000       0.0000000000000000
       0.0000000000000000       0.0000000000000000       0.0000000000000000       0.0000000000000000       0.0000000000000000       0.0000000000000000       0.0000000000000000       0.0000000000000000       0.0000000000000000       0.0000000000000000       0.0000000000000000       0.0000000000000000
       0.0000000000000000       0.0000000000000000       0.0000000000000000       0.0000000000000000       0.0000000000000000       0.0000000000000000       0.0000000000000000       0.0000000000000000       0.0000000000000000       0.0000000000000000       0.0000000000000000       0.0000000000000000
       0.0000000000000000       0.0000000000000000       0.0000000000000000       0.0000000000000000       0.0000000000000000       0.0000000000000000       0.0000000000000000       0.0000000000000000       0.0000000000000000       0.0000000000000000       0.0000000000000000       0.0000000000000000
       0.0000000000000000       0.0000000000000000       0.0000000000000000       0.0000000000000000       0.0000000000000000       0.0000000000000000       0.0000000000000000       0.0000000000000000       0.0000000000000000       0.0000000000000000       0.0000000000000000       0.0000000000000000
       0.0000000000000000       0.0000000000000000       0.0000000000000000       0.0000000000000000       0.0000000000000000       0.0000000000000000       0.0000000000000000       0.0000000000000000       0.0000000000000000       0.0000000000000000       0.0000000000000000       0.0000000000000000
       0.0000000000000000       0.0000000000000000       0.0000000000000000       0.0000000000000000       0.0000000000000000       0.0000000000000000       0.0000000000000000       0.0000000000000000       0.0000000000000000       0.0000000000000000       0.0000000000000000       0.0000000000000000
       0.0000000000000000       0.0000000000000000       0.0000000000000000       0.0000000000000000       0.0000000000000000       0.0000000000000000       0.0000000000000000       0.0000000000000000       0.0000000000000000       0.0000000000000000       0.0000000000000000       0.0000000000000000
       0.0000000000000000       0.0000000000000000       0.0000000000000000       0.0000000000000000       0.0000000000000000       0.0000000000000000       0.0000000000000000       0.0000000000000000       0.0000000000000000       0.0000000000000000       0.0000000000000000       0.0000000000000000
       0.0000000000000000       0.0000000000000000       0.0000000000000000       0.0000000000000000       0.0000000000000000       0.0000000000000000       0.0000000000000000       0.0000000000000000       0.0000000000000000       0.0000000000000000       0.0000000000000000       0.0000000000000000
       0.0000000000000000       0.0000000000000000       0.0000000000000000       0.0000000000000000       0.0000000000000000       0.0000000000000000       0.0000000000000000       0.0000000000000000       0.0000000000000000       0.0000000000000000       0.0000000000000000       0.0000000000000000
       0.0000000000000000       0.0000000000000000       0.0000000000000000       0.0000000000000000       0.0000000000000000       0.0000000000000000       0.0000000000000000       0.0000000000000000       0.0000000000000000       0.0000000000000000       0.0000000000000000       0.0000000000000000
       0.0000000000000000       0.0000000000000000       0.0000000000000000       0.0000000000000000       0.0000000000000000       0.0000000000000000       0.0000000000000000       0.0000000000000000       0.0000000000000000       0.0000000000000000       0.0000000000000000       0.0000000000000000
       0.0000000000000000       0.0000000000000000       0.0000000000000000       0.0000000000000000       0.0000000000000000       0.0000000000000000       0.0000000000000000       0.0000000000000000       0.0000000000000000       0.0000000000000000       0.0000000000000000       0.0000000000000000
       0.0000000000000000       0.0000000000000000       0.0000000000000000       0.0000000000000000       0.0000000000000000       0.0000000000000000       0.0000000000000000       0.0000000000000000       0.0000000000000000       0.0000000000000000       0.0000000000000000       0.0000000000000000
       0.0000000000000000       0.0000000000000000       0.0000000000000000       0.0000000000000000       0.0000000000000000       0.0000000000000000       0.0000000000000000       0.0000000000000000       0.0000000000000000       0.0000000000000000       0.0000000000000000       0.0000000000000000
       0.0000000000000000       0.0000000000000000       0.0000000000000000       0.0000000000000000       0.0000000000000000       0.0000000000000000       0.0000000000000000       0.0000000000000000       0.0000000000000000       0.0000000000000000       0.0000000000000000       0.0000000000000000
       0.0000000000000000       0.0000000000000000       0.0000000000000000       0.0000000000000000       0.0000000000000000       0.0000000000000000       0.0000000000000000       0.0000000000000000       0.0000000000000000       0.0000000000000000       0.0000000000000000       0.0000000000000000
       0.0000000000000000       0.0000000000000000       0.0000000000000000       0.0000000000000000       0.0000000000000000       0.0000000000000000       0.0000000000000000       0.0000000000000000       0.0000000000000000       0.0000000000000000       0.0000000000000000       0.0000000000000000
       0.0000000000000000       0.0000000000000000       0.0000000000000000       0.0000000000000000       0.0000000000000000       0.0000000000000000       0.0000000000000000       0.0000000000000000       0.0000000000000000       0.0000000000000000       0.0000000000000000       0.0000000000000000
       0.0000000000000000       0.0000000000000000       0.0000000000000000       0.0000000000000000       0.0000000000000000       0.0000000000000000       0.0000000000000000       0.0000000000000000       0.0000000000000000       0.0000000000000000       0.0000000000000000       0.0000000000000000
       0.0000000000000000       0.0000000000000000       0.0000000000000000       0.0000000000000000       0.0000000000000000       0.0000000000000000       0.0000000000000000       0.0000000000000000       0.0000000000000000       0.0000000000000000       0.0000000000000000       0.0000000000000000
       0.0000000000000000       0.0000000000000000       0.0000000000000000       0.0000000000000000       0.0000000000000000       0.0000000000000000       0.0000000000000000       0.0000000000000000       0.0000000000000000       0.0000000000000000       0.0000000000000000       0.0000000000000000
       0.0000000000000000       0.0000000000000000       0.0000000000000000       0.0000000000000000       0.0000000000000000       0.0000000000000000       0.0000000000000000       0.0000000000000000       0.0000000000000000       0.0000000000000000       0.0000000000000000       0.0000000000000000
       0.0000000000000000       0.0000000000000000       0.0000000000000000       0.0000000000000000       0.0000000000000000       0.0000000000000000       0.0000000000000000       0.0000000000000000       0.0000000000000000       0.0000000000000000       0.0000000000000000       0.0000000000000000
       0.0000000000000000       0.0000000000000000       0.0000000000000000       0.0000000000000000       0.0000000000000000       0.0000000000000000       0.0000000000000000       0.0000000000000000       0.0000000000000000       0.0000000000000000       0.0000000000000000       0.0000000000000000
       0.0000000000000000       0.0000000000000000       0.0000000000000000       0.0000000000000000       0.0000000000000000       0.0000000000000000       0.0000000000000000       0.0000000000000000       0.0000000000000000       0.0000000000000000       0.0000000000000000       0.0000000000000000
       0.0000000000000000       0.0000000000000000       0.0000000000000000       0.0000000000000000       0.0000000000000000       0.0000000000000000       0.0000000000000000       0.0000000000000000       0.0000000000000000       0.0000000000000000       0.0000000000000000       0.0000000000000000
       0.0000000000000000       0.0000000000000000       0.0000000000000000       0.0000000000000000       0.0000000000000000       0.0000000000000000       0.0000000000000000       0.0000000000000000       0.0000000000000000       0.0000000000000000       0.0000000000000000       0.0000000000000000
       0.0000000000000000       0.0000000000000000       0.0000000000000000       0.0000000000000000       0.0000000000000000       0.0000000000000000       0.0000000000000000       0.0000000000000000       0.0000000000000000       0.0000000000000000       0.0000000000000000       0.0000000000000000
       0.0000000000000000       0.0000000000000000       0.0000000000000000       0.0000000000000000       0.0000000000000000       0.0000000000000000       0.0000000000000000       0.0000000000000000       0.0000000000000000       0.0000000000000000       0.0000000000000000       0.0000000000000000
       0.0000000000000000       0.0000000000000000       0.0000000000000000       0.0000000000000000       0.0000000000000000       0.0000000000000000       0.0000000000000000       0.0000000000000000       0.0000000000000000       0.0000000000000000       0.0000000000000000       0.0000000000000000
       0.0000000000000000       0.0000000000000000       0.0000000000000000       0.0000000000000000       0.0000000000000000       0.0000000000000000       0.0000000000000000       0.0000000000000000       0.0000000000000000       0.0000000000000000       0.0000000000000000       0.0000000000000000
       0.0000000000000000       0.0000000000000000       0.0000000000000000       0.0000000000000000       0.0000000000000000       0.0000000000000000       0.0000000000000000       0.0000000000000000       0.0000000000000000       0.0000000000000000       0.0000000000000000       0.0000000000000000
       0.0000000000000000       0.0000000000000000       0.0000000000000000       0.0000000000000000       0.0000000000000000       0.0000000000000000       0.0000000000000000       0.0000000000000000       0.0000000000000000       0.0000000000000000       0.0000000000000000       0.0000000000000000
       0.0000000000000000       0.0000000000000000       0.0000000000000000       0.0000000000000000       0.0000000000000000       0.0000000000000000       0.0000000000000000       0.0000000000000000       0.0000000000000000       0.0000000000000000       0.0000000000000000       0.0000000000000000
       0.0000000000000000       0.0000000000000000       0.0000000000000000       0.0000000000000000       0.0000000000000000       0.0000000000000000       0.0000000000000000       0.0000000000000000       0.0000000000000000       0.0000000000000000       0.0000000000000000       0.0000000000000000
       0.0000000000000000      -0.0000000000000002       0.0000000000000000       0.0000000000000000       0.0000000000000000       0.0000000000000000       0.0000000000000000      -0.0000000000000002       0.0000000000000000       0.0000000000000000       0.0000000000000000       0.0000000000000000
       0.0000000000000000      -0.0000000000000018       0.0000000000000000       0.0000000000000000       0.0000000000000000       0.0000000000000000       0.0000000000000000      -0.0000000000000018       0.0000000000000000       0.0000000000000000       0.0000000000000000       0.0000000000000000
       0.0000000000000000      -0.0000000000000182       0.0000000000000000       0.0000000000000000       0.0000000000000000       0.0000000000000000       0.0000000000000000      -0.0000000000000182       0.0000000000000000       0.0000000000000000       0.0000000000000000       0.0000000000000000
       0.0000000000000000      -0.0000000000001736       0.0000000000000000       0.0000000000000000       0.0000000000000000       0.0000000000000000       0.0000000000000000      -0.0000000000001737       0.0000000000000000       0.0000000000000000       0.0000000000000000       0.0000000000000000
       0.0000000000000000      -0.0000000000015530       0.0000000000000000       0.0000000000000000       0.0000000000000000       0.0000000000000000       0.0000000000000000      -0.0000000000015535       0.0000000000000000       0.0000000000000000       0.0000000000000000       0.0000000000000000
       0.0000000000000000      -0.0000000000130609       0.0000000000000000       0.0000000000000000       0.0000000000000000       0.0000000000000000       0.0000000000000000      -0.0000000000130655       0.0000000000000000       0.0000000000000000       0.0000000000000000       0.0000000000000000
       0.0000000000000000      -0.0000000001036490       0.0000000000000000       0.0000000000000000       0.0000000000000000       0.0000000000000000       0.0000000000000000      -0.0000000001036846       0.0000000000000000       0.0000000000000000       0.0000000000000000       0.0000000000000000
       0.0000000000000000      -0.0000000007809512       0.0000000000000000       0.0000000000000000       0.0000000000000000       0.0000000000000000       0.0000000000000000      -0.0000000007812085       0.0000000000000000       0.0000000000000000       0.0000000000000000       0.0000000000000000
       0.0000000000000000      -0.0000000055659222       0.0000000000000000       0.0000000000000000       0.0000000000000000       0.0000000000000000       0.0000000000000000      -0.0000000055676793       0.0000000000000000       0.0000000000000000       0.0000000000000000       0.0000000000000000
       0.0000000000000000      -0.0000000377425884       0.0000000000000000       0.0000000000000000       0.0000000000000000       0.0000000000000000       0.0000000000000000      -0.0000000377539773       0.0000000000000000       0.0000000000000000       0.0000000000000000       0.0000000000000000
       0.0000000000000000      -0.0000002441954390       0.0000000000000000       0.0000000000000000       0.0000000000000000       0.0000000000000000       0.0000000000000000      -0.0000002442656647       0.0000000000000000       0.0000000000000000       0.0000000000000000       0.0000000000000000
       0.0000000000000000      -0.0000015109591202       0.0000000000000000       0.0000000000000000       0.0000000000000000       0.0000000000000000       0.0000000000000000      -0.0000015113718666       0.0000000000000000       0.0000000000000000       0.0000000000000000       0.0000000000000000
       0.0000000000000000      -0.0000089594554887       0.0000000000000000       0.0000000000000000       0.0000000000000000       0.0000000000000000       0.0000000000000000      -0.0000089617715897       0.0000000000000000       0.0000000000000000       0.0000000000000000       0.0000000000000000
       0.0000000000000000      -0.0000510083973625       0.0000000000000000       0.0000000000000000       0.0000000000000000       0.0000000000000000       0.0000000000000000      -0.0000510208220754       0.0000000000000000       0.0000000000000000       0.0000000000000000       0.0000000000000000
       0.0000000000000000      -0.0002792418690594       0.0000000000000000       0.0000000000000000       0.0000000000000000       0.0000000000000000       0.0000000000000000      -0.0002793056236192       0.0000000000000000       0.0000000000000000       0.0000000000000000       0.0000000000000000
       0.0000000000000000      -0.0014700699494660       0.0000000000000000       0.0000000000000000       0.0000000000000000       0.0000000000000000       0.0000000000000000      -0.0014703821812783       0.0000000000000000       0.0000000000000000       0.0000000000000000       0.0000000000000000
       0.0000000000000000      -0.0073926719095853       0.0000000000000000       0.0000000000000000       0.0000000000000000       0.0000000000000000       0.0000000000000000      -0.0073940958206388       0.0000000000000000       0.0000000000000000       0.0000000000000000       0.0000000000000000
       0.0000000000000000      -0.0345174703302413       0.0000000000000000       0.0000000000000000       0.0000000000000000       0.0000000000000000       0.0000000000000000      -0.0345233378725350       0.0000000000000000       0.0000000000000000       0.0000000000000000       0.0000000000000000
       0.0000000000000000      -0.1357290403860564       0.0000000000000000       0.0000000000000000       0.0000000000000000       0.0000000000000000       0.0000000000000000      -0.1357471052955435       0.0000000000000000       0.0000000000000000       0.0000000000000000       0.0000000000000000
       0.0000000000000001      -0.3925035632727364       0.0000000000000000       0.0000000000000000       0.0000000000000000       0.0000000000000000       0.0000000000000001      -0.3925387509490245       0.0000000000000000       0.0000000000000000       0.0000000000000000       0.0000000000000000
       0.0000000000000005      -0.8236159153467220       0.0000000000000000       0.0000000000000000       0.0000000000000000       0.0000000000000000       0.0000000000000005      -0.8236625348115408       0.0000000000000000       0.0000000000000000       0.0000000000000000       0.0000000000000000
       0.0000000000000023      -1.3732504931311889       0.0000000000000000       0.0000000000000000       0.0000000000000000       0.0000000000000000       0.0000000000000023      -1.3732997931689555       0.0000000000000000       0.0000000000000000       0.0000000000000000       0.0000000000000000
       0.0000000000000097      -1.9824306976387804       0.0000000000000000       0.0000000000000000       0.0000000000000000       0.0000000000000000       0.0000000000000097      -1.9824771164150110       0.0000000000000000       0.0000000000000000       0.0000000000000000       0.0000000000000000
       0.0000000000000479      -2.6186667674303212       0.0000000000000000       0.0000000000000000       0.0000000000000000       0.0000000000000000       0.0000000000000479      -2.6187072315713738       0.0000000000000000       0.0000000000000000       0.0000000000000000       0.0000000000000000
       0.0000000000001958      -3.2653922786552561       0.0000000000000000       0.0000000000000000       0.0000000000000000       0.0000000000000000       0.0000000000001958      -3.2654253931144730       0.0000000000000000       0.0000000000000000       0.0000000000000000       0.0000000000000000
       0.0000000000007556      -3.9167087586763576       0.0000000000000000       0.0000000000000000       0.0000000000000000       0.0000000000000000       0.0000000000007556      -3.9167336108749460       0.0000000000000000       0.0000000000000000       0.0000000000000000       0.0000000000000000
       0.0000000000021723      -4.5689767872009224       0.0000000000000000       0.0000000000000000       0.0000000000000000       0.0000000000000000       0.0000000000021720      -4.5689930290290031       0.0000000000000000       0.0000000000000000       0.0000000000000000       0.0000000000000000
       0.0000000000073115      -5.2236761299750869       0.0000000000000000       0.0000000000000000       0.0000000000000000       0.0000000000000000       0.0000000000073102      -5.2236827281135501       0.0000000000000000       0.0000000000000000       0.0000000000000000       0.0000000000000000
       0.0000000000255594      -5.8783138143659643       0.0000000000000000       0.0000000000000000       0.0000000000000000       0.0000000000000000       0.0000000000255538      -5.8783103013337081       0.0000000000000000       0.0000000000000000       0.0000000000000000       0.0000000000000000
       0.0000000000890156      -6.5330198033231053       0.0000000000000000       0.0000000000000000       0.0000000000000000       0.0000000000000000       0.0000000000889925      -6.5330055901171002       0.0000000000000000       0.0000000000000000       0.0000000000000000       0.0000000000000000
       0.0000000003052799      -7.1877862049164944       0.0000000000000000       0.0000000000000000       0.0000000000000000       0.0000000000000000       0.0000000003051883      -7.1877606952797448       0.0000000000000000       0.0000000000000000       0.0000000000000000       0.0000000000000000
       0.0000000010280875      -7.8426136224012719       0.0000000000000000       0.0000000000000000       0.0000000000000000       0.0000000000000000       0.0000000010277360      -7.8425762112724167       0.0000000000000000       0.0000000000000000       0.0000000000000000       0.0000000000000000
       0.0000000044387235      -8.4975195342228655       0.0000000000000000       0.0000000000000000       0.0000000000000000       0.0000000000000000       0.0000000044369763      -8.4974694152324126       0.0000000000000000       0.0000000000000000       0.0000000000000000       0.0000000000000000
       0.0000000153929148      -9.1524761314170249       0.0000000000000000       0.0000000000000000       0.0000000000000000       0.0000000000000000       0.0000000153861914      -9.1524127600123180       0.0000000000000000       0.0000000000000000       0.0000000000000000       0.0000000000000000
       0.0000000499568768      -9.8074897267078782       0.0000000000000000       0.0000000000000000       0.0000000000000000       0.0000000000000000       0.0000000499328529      -9.8074124747070108       0.0000000000000000       0.0000000000000000       0.0000000000000000       0.0000000000000000
       0.0000001302195565     -10.4625479710212002       0.0000000000000000       0.0000000000000000       0.0000000000000000       0.0000000000000000       0.0000001301525464     -10.4624563324831250       0.0000000000000000       0.0000000000000000       0.0000000000000000       0.0000000000000000
       0.0000003761317887     -11.1176788963112063       0.0000000000000000       0.0000000000000000       0.0000000000000000       0.0000000000000000       0.0000003759211668     -11.1175720336449722       0.0000000000000000       0.0000000000000000       0.0000000000000000       0.0000000000000000
       0.0000011173652678     -11.7728730911413102       0.0000000000000000       0.0000000000000000       0.0000000000000000       0.0000000000000000       0.0000011166848890     -11.7727502449138228       0.0000000000000000       0.0000000000000000       0.0000000000000000       0.0000000000000000
       0.0000033164463663     -12.4281289849333891       0.0000000000000000       0.0000000000000000       0.0000000000000000       0.0000000000000000       0.0000033142598603     -12.4279893869076261       0.0000000000000000       0.0000000000000000       0.0000000000000000       0.0000000000000000
       0.0000101684504053     -13.0834574995601542       0.0000000000000000       0.0000000000000000       0.0000000000000000       0.0000000000000000       0.0000101612394499     -13.0833002090231609       0.0000000000000000       0.0000000000000000       0.0000000000000000       0.0000000000000000
       0.0000299108288072     -13.7388407014377449       0.0000000000000000       0.0000000000000000       0.0000000000000000       0.0000000000000000       0.0000298880734375     -13.7386649786114070       0.0000000000000000       0.0000000000000000       0.0000000000000000       0.0000000000000000
       0.0000859621015405     -14.3942825276629396       0.0000000000000000       0.0000000000000000       0.0000000000000000       0.0000000000000000       0.0000858920982225     -14.3940875532824002       0.0000000000000000       0.0000000000000000       0.0000000000000000       0.0000000000000000
       0.0002428102849490     -15.0497842651795199       0.0000000000000000       0.0000000000000000       0.0000000000000000       0.0000000000000000       0.0002425991265872     -15.0495691675068883       0.0000000000000000       0.0000000000000000       0.0000000000000000       0.0000000000000000
       0.0006753850926191     -15.7053456155375901       0.0000000000000000       0.0000000000000000       0.0000000000000000       0.0000000000000000       0.0006747595042930     -15.7051094781980698       0.0000000000000000       0.0000000000000000       0.0000000000000000       0.0000000000000000
       0.0018502786184033     -16.3609642214818329       0.0000000000000000       0.0000000000000000       0.0000000000000000       0.0000000000000000       0.0018484590874470     -16.3607060816382059       0.0000000000000000       0.0000000000000000       0.0000000000000000       0.0000000000000000
       0.0049848468179932     -17.0166331353945210       0.0000000000000000       0.0000000000000000       0.0000000000000000       0.0000000000000000       0.0049796689310410     -17.0163519761472344       0.0000000000000000       0.0000000000000000       0.0000000000000000       0.0000000000000000
       0.0131431360582309     -17.6723342557852447       0.0000000000000000       0.0000000000000000       0.0000000000000000       0.0000000000000000       0.0131288565798270     -17.6720289921539653       0.0000000000000000       0.0000000000000000       0.0000000000000000       0.0000000000000000
       0.0335190234795809     -18.3280241784812574       0.0000000000000000       0.0000000000000000       0.0000000000000000       0.0000000000000000       0.0334817036768868     -18.3276936280028160       0.0000000000000000       0.0000000000000000       0.0000000000000000       0.0000000000000000
       0.0804755375288929     -18.9836127059295201       0.0000000000000000       0.0000000000000000       0.0000000000000000       0.0000000000000000       0.0803872388673555     -18.9832555453589791       0.0000000000000000       0.0000000000000000       0.0000000000000000       0.0000000000000000
       0.1765224759007164     -19.6389486952066079       0.0000000000000001       0.0000000000000000       0.0000000000000000       0.0000000000000001       0.1763425520049789     -19.6385634437920444       0.0000000000000001       0.0000000000000000       0.0000000000000000       0.0000000000000001
       0.3422824877090379     -20.2938652601555027       0.0000000000000003       0.0000000000000000       0.0000000000000000       0.0000000000000003       0.3419775264190546     -20.2934503785828149       0.0000000000000003       0.0000000000000000       0.0000000000000000       0.0000000000000003
       0.5825429858703445     -20.9482702760794837       0.0000000000000008       0.0000000000000000       0.0000000000000000       0.0000000000000008       0.5821071652680267     -20.9478243348898872       0.0000000000000008       0.0000000000000000       0.0000000000000000       0.0000000000000008
       0.8831261017456160     -21.6022003395725655       0.0000000000000021       0.0000000000000000       0.0000000000000000       0.0000000000000019       0.8825747577849843     -21.6017220803403305       0.0000000000000021       0.0000000000000000       0.0000000000000000       0.0000000000000019
       1.2251481616718733     -22.2557663115289230       0.0000000000000051       0.0000000000000000       0.0000000000000000       0.0000000000000048       1.2245025877628131     -22.2552545466012468       0.0000000000000051       0.0000000000000000       0.0000000000000000       0.0000000000000048
       1.5930019928199766     -22.9090921786493809       0.0000000000000136       0.0000000000000000       0.0000000000000000       0.0000000000000128       1.5922803592006720     -22.9085456548661170       0.0000000000000137       0.0000000000000000       0.0000000000000000       0.0000000000000128
       1.9743713559056402     -23.5622894633423385       0.0000000000000342       0.0000000000000000       0.0000000000000000       0.0000000000000321       1.9735832628498953     -23.5617067881050772       0.0000000000000342       0.0000000000000000       0.0000000000000000       0.0000000000000320
       2.3634090200394220     -24.2154325880164762       0.0000000000000831       0.0000000000000000       0.0000000000000000       0.0000000000000780       2.3625597624320589     -24.2148122267668988       0.0000000000000832       0.0000000000000000       0.0000000000000000       0.0000000000000776
       2.7566495215830047     -24.8685689537308861       0.0000000000001985       0.0000000000000000       0.0000000000000000       0.0000000000001863       2.7557412069689855     -24.8679092538248270       0.0000000000001987       0.0000000000000000       0.0000000000000000       0.0000000000001853
       3.1521515540238410     -25.5217274754466956       0.0000000000004683       0.0000000000000000       0.0000000000000000       0.0000000000004393       3.1511841895295318     -25.5210266846766167       0.0000000000004688       0.0000000000000000       0.0000000000000000       0.0000000000004368
       3.5482540294450486     -26.1749049383671597       0.0000000000009301       0.0000000000000000       0.0000000000000000       0.0000000000008721       3.5472269553243136     -26.1741621331294958       0.0000000000009311       0.0000000000000000       0.0000000000000000       0.0000000000008669
       3.9457158517949535     -26.8281525390683804       0.0000000000019918       0.0000000000000000       0.0000000000000000       0.0000000000018664       3.9446268289642603     -26.8273648542689251       0.0000000000019939       0.0000000000000000       0.0000000000000000       0.0000000000018548
       4.3436124779393026     -27.4814492059203843       0.0000000000044107       0.0000000000000000       0.0000000000000000       0.0000000000041307       4.3424586850386797     -27.4806146155628959       0.0000000000044156       0.0000000000000000       0.0000000000000000       0.0000000000041038
       4.7416630706828302     -28.1348030602252948       0.0000000000098735       0.0000000000000000       0.0000000000000000       0.0000000000092414       4.7404412896005139     -28.1339193763792359       0.0000000000098851       0.0000000000000000       0.0000000000000000       0.0000000000091785
       5.1397829702105797     -28.7882155080845834       0.0000000000221046       0.0000000000000000       0.0000000000000000       0.0000000000206779       5.1384896843182792     -28.7872804168287182       0.0000000000221318       0.0000000000000000       0.0000000000000000       0.0000000000205306
       5.5379465501576526     -29.4416867276296408       0.0000000000492596       0.0000000000000000       0.0000000000000000       0.0000000000460548       5.5365779756933202     -29.4406977781946644       0.0000000000493230       0.0000000000000000       0.0000000000000000       0.0000000000457117
       5.9361458592287057     -30.0952164804684728       0.0000000001090509       0.0000000000000000       0.0000000000000000       0.0000000001019011       5.9346979434043350     -30.0941710725659419       0.0000000001091979       0.0000000000000000       0.0000000000000000       0.0000000001011073
       6.3343781951977229     -30.7488043487816007       0.0000000002396397       0.0000000000000000       0.0000000000000000       0.0000000002238098       6.3328465981222610     -30.7476997140556207       0.0000000002399785       0.0000000000000000       0.0000000000000000       0.0000000002219869
       6.7326391441980107     -31.4024451595029994       0.0000000005225984       0.0000000000000000       0.0000000000000000       0.0000000004878239       6.7310194066527389     -31.4012784524640054       0.0000000005233732       0.0000000000000000       0.0000000000000000       0.0000000004836716
       7.1309283874472653     -32.0561380725189622       0.0000000011309663       0.0000000000000000       0.0000000000000000       0.0000000010551756       7.1292156939583888     -32.0549061972781928       0.0000000011327261       0.0000000000000000       0.0000000000000000       0.0000000010457874
       7.5292456983747034     -32.7098726625587020       0.0000000024287868       0.0000000000000000       0.0000000000000000       0.0000000022647289       7.5274455097186230     -32.7085811578508654       0.0000000024326937       0.0000000000000000       0.0000000000000000       0.0000000022439533
       7.9275769426318305     -33.3635750894298795       0.0000000051763981       0.0000000000000000       0.0000000000000000       0.0000000048235540       7.9257189656188460     -33.3622523618712066       0.0000000051848473       0.0000000000000000       0.0000000000000000       0.0000000047786958
       8.3259590525478693     -34.0173366869721576       0.0000000128098453       0.0000000000000000       0.0000000000000000       0.0000000119258930       8.3240737706525003     -34.0160008023997378       0.0000000128309117       0.0000000000000000       0.0000000000000000       0.0000000118141821
       8.7243721196980619     -34.6711479323009470       0.0000000287091660       0.0000000000000000       0.0000000000000000       0.0000000267079034       8.7224638050171368     -34.6697987695686791       0.0000000287564754       0.0000000000000000       0.0000000000000000       0.0000000264570770
       9.1228156581951687     -35.3250106618920654       0.0000000615930373       0.0000000000000000       0.0000000000000000       0.0000000572579724       9.1208866010652940     -35.3236481085223133       0.0000000616945385       0.0000000000000000       0.0000000000000000       0.0000000567196676
       9.5212894626112501     -35.9789262109467103       0.0000001291380313       0.0000000000000000       0.0000000000000000       0.0000001199622342       9.5193407879744871     -35.9775502535904010       0.0000001293507343       0.0000000000000000       0.0000000000000000       0.0000001188339204
       9.9197945006870309     -36.6328965587589295       0.0000002669432424       0.0000000000000000       0.0000000000000000       0.0000002477956328       9.9178267401950286     -36.6315072641962871       0.0000002673826930       0.0000000000000000       0.0000000000000000       0.0000002454645803
      10.3183322445312537     -37.2869235368882030       0.0000005462327906       0.0000000000000000       0.0000000000000000       0.0000005066814396      10.3163456558660496     -37.2855209265062228       0.0000005471315216       0.0000000000000000       0.0000000000000000       0.0000005019147688
      10.7169038192532327     -37.9410081828720536       0.0000011085912795       0.0000000000000000       0.0000000000000000       0.0000010275662825      10.7148985334307074     -37.9395921851320281       0.0000011104139957       0.0000000000000000       0.0000000000000000       0.0000010178991460
      11.1155010163364594     -38.5951361286440431       0.0000020559106327       0.0000000000000000       0.0000000000000000       0.0000019045355241      11.1134770998171248     -38.5937066703815361       0.0000020592885370       0.0000000000000000       0.0000000000000000       0.0000018866178734
      11.5141450622833901     -39.2493449023365599       0.0000040998707958       0.0000000000000000       0.0000000000000000       0.0000037952851863      11.5121026199181511     -39.2479018758272602       0.0000041066001587       0.0000000000000000       0.0000000000000000       0.0000037595795282
      11.9128210321864554     -39.9036058944482548       0.0000081449820296       0.0000000000000000       0.0000000000000000       0.0000075343804069      11.9107601219781269     -39.9021492691872908       0.0000081583354319       0.0000000000000000       0.0000000000000000       0.0000074634984536
      12.3115297646559245     -40.5579222486052942       0.0000161017485849       0.0000000000000000       0.0000000000000000       0.0000148837055643      12.3094504285429522     -40.5564519837909216       0.0000161281130951       0.0000000000000000       0.0000000000000000       0.0000147436850876
      12.7102717654834159     -41.2122952912260203       0.0000316590363234       0.0000000000000000       0.0000000000000000       0.0000292425735212      12.7081740243450110     -41.2108113146707495       0.0000317108008868       0.0000000000000000       0.0000000000000000       0.0000289674747438
      13.1090473874333657     -41.8667255788733002       0.0000618975372198       0.0000000000000000       0.0000000000000000       0.0000571309567199      13.1069312487343375     -41.8652277887905413       0.0000619985850257       0.0000000000000000       0.0000000000000000       0.0000565935074610
      13.5078569187319673     -42.5212132533561018       0.0001203288181759       0.0000000000000000       0.0000000000000000       0.0001109812010739      13.5057223892028269     -42.5197015353760719       0.0001205249078705       0.0000000000000000       0.0000000000000000       0.0001099371989488
      13.9067006743091994     -43.1757581830047528       0.0002325835524450       0.0000000000000000       0.0000000000000000       0.0002143598190890      13.9045477677681752     -43.1742324242015769       0.0002329618085979       0.0000000000000000       0.0000000000000000       0.0002123435093548
      14.3055791286605896     -43.8303599750365223       0.0004469850368963       0.0000000000000000       0.0000000000000000       0.0004116685608725      14.3034078667639744     -43.8288200648633435       0.0004477102662673       0.0000000000000000       0.0000000000000000       0.0004077971621502
      14.7044931220451502     -44.4850178485048886       0.0008540449515129       0.0000000000000000       0.0000000000000000       0.0007860253759948      14.7023035320782096     -44.4834636682174107       0.0008554266825754       0.0000000000000000       0.0000000000000000       0.0007786369568974
      15.1034442078412479     -45.1397302991941132       0.0016220362785531       0.0000000000000000       0.0000000000000000       0.0014918929138875      15.1012363219731096     -45.1381617075030022       0.0016246509766949       0.0000000000000000       0.0000000000000000       0.0014778830330984
      15.5024352540715942     -45.7944944363407842       0.0030609393306516       0.0000000000000000       0.0000000000000000       0.0028137806225044      15.5002091117215528     -45.7929112576376909       0.0030658491335723       0.0000000000000000       0.0000000000000000       0.0027874068879389
      15.9014715069076633     -46.4493047922602571       0.0057347313393100       0.0000000000000000       0.0000000000000000       0.0052695645162042      15.8992271594978778     -46.4477068104208612       0.0057438641587058       0.0000000000000000       0.0000000000000000       0.0052203478720374
      16.3005624229651396     -47.1041512465570307       0.0106509138961665       0.0000000000000000       0.0000000000000000       0.0097857805008015      16.2982999414754630     -47.1025382065350300       0.0106676912065712       0.0000000000000000       0.0000000000000000       0.0096949822839031
      16.6997245749573828     -47.7590156333868450       0.0195455667674304       0.0000000000000000       0.0000000000000000       0.0179644065390391      16.6974440627928118     -47.7573872568126561       0.0195758231733027       0.0000000000000000       0.0000000000000000       0.0177997033420375
      17.0989861096301858     -48.4138669513339792       0.0353147007020229       0.0000000000000000       0.0000000000000000       0.0324952497192008      17.0966877238291843     -48.4122229788170912       0.0353678772176507       0.0000000000000000       0.0000000000000000       0.0322034745915323
      17.4983918160003924     -49.0686552789206729       0.0623934481997519       0.0000000000000000       0.0000000000000000       0.0575463939663311      17.4960757900087920     -49.0669955517310328       0.0624834241467317       0.0000000000000000       0.0000000000000000       0.0570474189844211
      17.8980063386151649     -49.7233083769227235       0.1068076635156640       0.0000000000000000       0.0000000000000000       0.0988944216880174      17.8956729831536059     -49.7216329588686889       0.1069520293993681       0.0000000000000000       0.0000000000000000       0.0980828771084838
      18.2979103468836115     -50.3777366569348928       0.1753251798978143       0.0000000000000000       0.0000000000000000       0.1632410061633813      18.2955599985654196     -50.3760459533417801       0.1755416434194431       0.0000000000000000       0.0000000000000000       0.1620047970853279
      18.6981854850624956     -51.0318515501848466       0.2735385489644410       0.0000000000000000       0.0000000000000000       0.2564474740995090      18.6958184009706159     -51.0301463449052903       0.2738392045304307       0.0000000000000000       0.0000000000000000       0.2547022913988191
      19.0988918402953303     -51.6855921830830312       0.4037858841580395       0.0000000000000000       0.0000000000000000       0.3814127536832091      19.0965080885977656     -51.6838735303904997       0.4041729527404714       0.0000000000000000       0.0000000000000000       0.3791329162722127
      19.5000502950013477     -52.3389447335073612       0.5643907972286631       0.0000000000000000       0.0000000000000000       0.5370600493949604      19.4976497121812393     -52.3372137309022065       0.5648569217482602       0.0000000000000000       0.0000000000000000       0.5342831864636435
      19.9016399203905188     -52.9919426521968973       0.7506786562649662       0.0000000000000000       0.0000000000000000       0.7191068218836397      19.8992221679316081     -52.9902002026366645       0.7512108771677363       0.0000000000000000       0.0000000000000000       0.7159121501601139
      20.3036093800328814     -53.6446505599394499       0.9568117817698242       0.0000000000000000       0.0000000000000000       0.9218340623502156      20.3011740356435268     -53.6428972399587707       0.9573959973435774       0.0000000000000000       0.0000000000000000       0.9183131048999983
      20.7058958081319666     -54.2971414440357378       1.1776043953272726       0.0000000000000000       0.0000000000000000       1.1400218851885211      20.7034424594771629     -54.2953775215528012       1.1782275679438303       0.0000000000000000       0.0000000000000000       1.1362621605152858
      21.1084306300219424     -54.9494897316606270       1.4079964441675861       0.0000000000000000       0.0000000000000000       1.3683837178887879      21.1059589620150732     -54.9477152200969385       1.4086493276807741       0.0000000000000000       0.0000000000000000       1.3644475443384572
      21.5111565959037456     -55.6017547762056239       1.6448973335269776       0.0000000000000000       0.0000000000000000       1.6036865100805813      21.5086663852275706     -55.5999695283508899       1.6455729722340195       0.0000000000000000       0.0000000000000000       1.5996206076581729
      21.9140284387395994     -56.2539808763958646       1.8861080659410765       0.0000000000000000       0.0000000000000000       1.8436066154569462      21.9115195370061926     -56.2521846836543489       1.8868014624965304       0.0000000000000000       0.0000000000000000       1.8394441483902644
      22.3170120205775220     -56.9061998443437105       2.1301281198426101       0.0000000000000000       0.0000000000000000       2.0865464624928829      22.3144843365733543     -56.9043924858963450       2.1308357820028858       0.0000000000000000       0.0000000000000000       2.0823101077610411
      22.7200825917360376     -57.5584336872302273       2.3759619950094626       0.0000000000000000       0.0000000000000000       2.3314401167062968      22.7175360651186224     -57.5566149409090926       2.3766815174151810       0.0000000000000000       0.0000000000000000       2.3271449765092886
      23.1232226911024341     -58.2106971361243168       2.6229614060691038       0.0000000000000000       0.0000000000000000       2.5775903443717074      23.1206573063420784     -58.2088667961761388       2.6236911230972240       0.0000000000000000       0.0000000000000000       2.5732463168040343
      23.5263915607920779     -58.8629803083199405       2.8703339930391758       0.0000000000000000       0.0000000000000000       2.8241425593982732      23.5238073152977236     -58.8611382657165123       2.8710733231671179       0.0000000000000000       0.0000000000000000       2.8197528129812186
      23.9296310972423392     -59.5153325367700603       3.1185018520042354       0.0000000000000000       0.0000000000000000       3.0715502001161781      23.9270279996194226     -59.5134784986070642       3.1192495344713262       0.0000000000000000       0.0000000000000000       3.0671214571848737
      24.3329224219399123     -60.1677292428719284       3.3670973619593076       0.0000000000000000       0.0000000000000000       3.3194166628008110      24.3303004811712817     -60.1658630980251345       3.3678526503306143       0.0000000000000000       0.0000000000000000       3.3149525625785476
      24.7362566988077752     -60.8201773566647788       3.6159271933773800       0.0000000000000000       0.0000000000000000       3.5675323617999668      24.7336159293078737     -60.8182990302406523       3.6166896399498065       0.0000000000000000       0.0000000000000000       3.5630348568463028
      25.1396296137672444     -61.4726792926429084       3.8648900223327587       0.0000000000000000       0.0000000000000000       3.8157869776513236      25.1369700272500936     -61.4707887129171695       3.8656593472284082       0.0000000000000000       0.0000000000000000       3.8112570972134416
      25.5430390381900310     -62.1252362964037488       4.1139328500124002       0.0000000000000000       0.0000000000000000       4.0641225683608564      25.5403606445227247     -62.1233333968118160       4.1147088679382584       0.0000000000000000       0.0000000000000000       4.0595608424154133
      25.9464838881751092     -62.7778490035135661       4.3630279966380376       0.0000000000000000       0.0000000000000000       4.3125087480453690      25.9437866974453506     -62.7759337313003414       4.3638105792302708       0.0000000000000000       0.0000000000000000       4.3079154432137141
      26.3499635980278057     -63.4305177362165793       4.6121610182272503       0.0000000000000000       0.0000000000000000       4.5609295950589788      26.3472476208714568     -63.4285900514820753       4.6129500733276378       0.0000000000000000       0.0000000000000000       4.5563048417059520
      26.7534778710405270     -64.0832426495309591       4.8613243761228020       0.0000000000000000       0.0000000000000000       4.8093767665307592      26.7507431166138119     -64.0813025201034492       4.8621198356231146       0.0000000000000000       0.0000000000000000       4.8047206237327389
      27.1570265569875069     -64.7360238150950096       5.1105141286655718       0.0000000000000000       0.0000000000000000       5.0578458845926839      27.1542730315704546     -64.7340712123925641       5.1113159406198649       0.0000000000000000       0.0000000000000000       5.0531583730686993
      27.5606095820134378     -65.3888612616384961       5.3597282102984085       0.0000000000000000       0.0000000000000000       5.3063346470189172      27.5578372900833735     -65.3868961594958051       5.3605363330579658       0.0000000000000000       0.0000000000000000       5.3016157672896238
      27.5952016789861467     -65.4448178480147362       5.3810890117001131       0.0000000000000000       0.0000000000000000       5.3276330160935768      27.5924277789749297     -65.4428516729520595       5.3818976731946169       0.0000000000000000       0.0000000000000000       5.3229114475122667
