      -0.0000000000000951       0.0000000000000000       0.0000001818543389
      -0.0000000017599431       0.0000000000000000       0.0033685215978029
      -0.0000000030799069       0.0000000000000000       0.0058949103766426
      -0.0000000050598312       0.0000000000000000       0.0096845010339675
      -0.0000000080296823       0.0000000000000000       0.0153688998786909
      -0.0000000124843887       0.0000000000000000       0.0238955228623178
      -0.0000000191662900       0.0000000000000000       0.0366855108148907
      -0.0000000291887781       0.0000000000000000       0.0558706130382165
      -0.0000000442216855       0.0000000000000000       0.0846485379913914
      -0.0000000667691882       0.0000000000000000       0.1278160376076329
      -0.0000001005862911       0.0000000000000000       0.1925686262132386
      -0.0000001513025510       0.0000000000000000       0.2897005629167876
      -0.0000002273558346       0.0000000000000000       0.4354053358439635
      -0.0000003413882756       0.0000000000000000       0.6539779447810327
      -0.0000005123301073       0.0000000000000000       0.9818716126804850
      -0.0000006878670973       0.0000000000000000       1.3188737493080962
      -0.0000008632686660       0.0000000000000000       1.6559199180538671
      -0.0000010385345607       0.0000000000000000       1.9930101013184078
      -0.0000012136647906       0.0000000000000000       2.3301442808499542
      -0.0000013886593591       0.0000000000000000       2.6673224401585180
      -0.0000015635182658       0.0000000000000000       3.0045445638554749
      -0.0000017382415104       0.0000000000000000       3.3418106365415761
      -0.0000019128290949       0.0000000000000000       3.6791206421887983
      -0.0000020872810230       0.0000000000000000       4.0164745640006130
      -0.0000022615972983       0.0000000000000000       4.3538723844447285
      -0.0000024357779245       0.0000000000000000       4.6913140853986253
      -0.0000026098229046       0.0000000000000000       5.0287996481688122
      -0.0000027837322420       0.0000000000000000       5.3663290534500181
      -0.0000029575059399       0.0000000000000000       5.7039022813458269
      -0.0000031311440018       0.0000000000000000       6.0415193112939338
      -0.0000033046464316       0.0000000000000000       6.3791801220459963
      -0.0000034780132331       0.0000000000000000       6.7168846916028402
      -0.0000036512444104       0.0000000000000000       7.0546329972294792
      -0.0000038243399677       0.0000000000000000       7.3924250154107964
      -0.0000039972999094       0.0000000000000000       7.7302607217952941
      -0.0000041701242400       0.0000000000000000       8.0681400912089867
      -0.0000043428129644       0.0000000000000000       8.4060630975664097
      -0.0000045153660874       0.0000000000000000       8.7440297138741556
      -0.0000046877836143       0.0000000000000000       9.0820399121618092
      -0.0000048600655504       0.0000000000000000       9.4200936634585659
      -0.0000050322119014       0.0000000000000000       9.7581909377318201
      -0.0000052042226732       0.0000000000000000      10.0963317038410096
      -0.0000053760978719       0.0000000000000000      10.4345159294992182
      -0.0000055478375040       0.0000000000000000      10.7727435812205901
      -0.0000057194415763       0.0000000000000000      11.1110146242363559
      -0.0000058909100958       0.0000000000000000      11.4493290224652711
      -0.0000060622430700       0.0000000000000000      11.7876867384391790
      -0.0000062334405065       0.0000000000000000      12.1260877332269530
      -0.0000064045024136       0.0000000000000000      12.4645319663815553
      -0.0000065754287998       0.0000000000000000      12.8030193958380458
      -0.0000067462196742       0.0000000000000000      13.1415499778255427
      -0.0000069168750461       0.0000000000000000      13.4801236666002211
      -0.0000070873949256       0.0000000000000000      13.8187404133045089
      -0.0000072577793232       0.0000000000000000      14.1574001595942214
      -0.0000074280282498       0.0000000000000000      14.4961028020549723
      -0.0000075981417170       0.0000000000000000      14.8348479983957890
      -0.0000077681197371       0.0000000000000000      15.1736341532377921
      -0.0000079379623226       0.0000000000000000      15.5124533253081101
      -0.0000081076694868       0.0000000000000000      15.8512672071733469
      -0.0000082772412554       0.0000000000000000      16.1899086737897235
      -0.0000084466776613       0.0000000000000000      16.5278418801573501
      -0.0000086159786440       0.0000000000000000      16.8642416614060515
      -0.0000087851441122       0.0000000000000000      17.1989177606077881
      -0.0000089541741313       0.0000000000000000      17.5324369622065994
      -0.0000091230688378       0.0000000000000000      17.8653959658133310
      -0.0000092918283227       0.0000000000000000      18.1981225415195063
      -0.0000094604526223       0.0000000000000000      18.5307837892178000
      -0.0000096289417197       0.0000000000000000      18.8634392850724630
      -0.0000097972955869       0.0000000000000000      19.1961254602469289
      -0.0000099655142576       0.0000000000000000      19.5288281314403278
      -0.0000101335977451       0.0000000000000000      19.8615715859719018
      -0.0000103015460746       0.0000000000000001      20.1943546554499740
      -0.0000104693592933       0.0000000000000002      20.5271773080140356
      -0.0000106370374381       0.0000000000000007      20.8600394172946579
      -0.0000108045805453       0.0000000000000018      21.1929407052341752
      -0.0000109719886608       0.0000000000000053      21.5258812659146344
      -0.0000111392618204       0.0000000000000165      21.8588609137535741
      -0.0000113064000718       0.0000000000000495      22.1918795785840928
      -0.0000114734034673       0.0000000000001506      22.5249368862143413
      -0.0000116402720615       0.0000000000004566      22.8580327235206902
      -0.0000118070059150       0.0000000000013678      23.1911668898223553
      -0.0000119736050925       0.0000000000040188      23.5243390053525481
      -0.0000121400696682       0.0000000000116801      23.8575487905731229
      -0.0000123063997281       0.0000000000335108      24.1907953202484123
      -0.0000124725953899       0.0000000000948387      24.5240764937115969
      -0.0000126386568345       0.0000000002644557      24.8573870195804929
      -0.0000128045843085       0.0000000007246960      25.1907132817833315
      -0.0000129703779720       0.0000000019456160      25.5240205861706393
      -0.0000131360377714       0.0000000051004266      25.8572227593459338
      -0.0000133015636928       0.0000000129311150      26.1901187384669392
      -0.0000134669558694       0.0000000309887936      26.5223090134655344
      -0.0000136322143715       0.0000000677874196      26.8531705374909997
      -0.0000137973390886       0.0000001311473359      27.1821338007654418
      -0.0000139623300004       0.0000002227206090      27.5090663667417950
      -0.0000141271873740       0.0000003374415095      27.8343589278367674
      -0.0000142919116950       0.0000004680358542      28.1585333250266991
      -0.0000144565034334       0.0000006082866131      28.4820215826674783
      -0.0000146209630607       0.0000007539003035      28.8051639417230732
      -0.0000147852909963       0.0000009025222068      29.1281229276923348
      -0.0000149494876622       0.0000010527844408      29.4509943511740353
      -0.0000151135534917       0.0000012039281729      29.7738316124822582
      -0.0000152774889557       0.0000013555444260      30.0966802513098450
      -0.0000154412945657       0.0000015075239497      30.4195183060779897
      -0.0000156049709178       0.0000016596242497      30.7423706918618862
      -0.0000157685187441       0.0000018117705209      31.0652440110928225
      -0.0000159319388399       0.0000019639396702      31.3881393669897122
      -0.0000160952321439       0.0000021161243368      31.7110560396821271
      -0.0000162583998105       0.0000022683218687      32.0339926484582591
      -0.0000164214433161       0.0000024205300420      32.3569474911954771
      -0.0000165843917628       0.0000025727432509      32.6799159890498743
      -0.0000167471625354       0.0000027249459365      33.0029020957617263
      -0.0000169089779628       0.0000028771295106      33.3261117296266320
      -0.0000170705393789       0.0000030293211064      33.6495490682775227
      -0.0000172327575650       0.0000031815341333      33.9730281232973681
      -0.0000173948621664       0.0000033337615641      34.2965483407340059
      -0.0000175568411245       0.0000034860011482      34.6201086154127822
      -0.0000177186844972       0.0000036382495772      34.9437092351923795
      -0.0000178803885489       0.0000037905040760      35.2673509116618149
      -0.0000180419539298       0.0000039427623855      35.5910341860573567
      -0.0000182033826034       0.0000040950226461      35.9147593726524974
      -0.0000183646759563       0.0000042472833234      36.2385265710157469
      -0.0000185258343317       0.0000043995432851      36.5623353254891583
      -0.0000186868574716       0.0000045517971631      36.8861861545291561
      -0.0000188477448953       0.0000047040396309      37.2100792785889496
      -0.0000190084962850       0.0000048562636203      37.5340150360341909
      -0.0000191691115744       0.0000050084603923      37.8579938640248841
      -0.0000193295909603       0.0000051606181225      38.1820163367844856
      -0.0000194899347096       0.0000053127169884      38.5060833843013484
      -0.0000196501430199       0.0000054647194654      38.8301967452936978
      -0.0000198102159318       0.0000056165541191      39.1543597345093275
      -0.0000199701534109       0.0000057680887140      39.4785785020555196
      -0.0000201299553121       0.0000059190840896      39.8028641871850510
      -0.0000202896215410       0.0000060691144694      40.1272366388172941
      -0.0000204491520564       0.0000062174338662      40.4517306326551491
      -0.0000206085468662       0.0000063627672858      40.7764052647321336
      -0.0000207678060232       0.0000065030253305      41.1013579029948701
      -0.0000209269295691       0.0000066350196985      41.4267366750952419
      -0.0000210859176821       0.0000067544104866      41.7527428038963961
      -0.0000212447705244       0.0000068562581442      42.0796046269739890
      -0.0000214034882154       0.0000069363423528      42.4075165973730890
      -0.0000215620707169       0.0000069926853959      42.7365695402935017
      -0.0000217205178368       0.0000070262238255      43.0667200521371853
      -0.0000218788293415       0.0000070401905700      43.3978187917364764
      -0.0000220370050819       0.0000070388176612      43.7296701356764288
      -0.0000221950450294       0.0000070262099799      44.0620946855080931
      -0.0000223529491912       0.0000070058414032      44.3949147071793320
      -0.0000225107176195       0.0000069801777932      44.7280185859396155
      -0.0000226683503491       0.0000069509801182      45.0613263278176603
      -0.0000228258473810       0.0000069194574944      45.3947827053413135
      -0.0000229832086975       0.0000068864185514      45.7283505963519517
      -0.0000231404342779       0.0000068523948750      46.0620048958273358
      -0.0000232975240907       0.0000068177263189      46.3957191798628727
      -0.0000234544781927       0.0000067825479112      46.7295040867436882
      -0.0000236112965806       0.0000067470847920      47.0633469962133333
      -0.0000237679792559       0.0000067114614608      47.3972407055119334
      -0.0000239245262135       0.0000066757462649      47.7311812633727115
      -0.0000240809374832       0.0000066399766715      48.0651665241311932
      -0.0000242372130795       0.0000066041733359      48.3991953106742869
      -0.0000243933530233       0.0000065683476116      48.7332669758731853
      -0.0000245493573032       0.0000065325057453      49.0673811679989456
      -0.0000247052259258       0.0000064966512650      49.4015376877794523
      -0.0000248609588968       0.0000064607863112      49.7357364296572868
      -0.0000248740417983       0.0000064577123781      49.7643816797884213
