      -0.0000000000000513       0.0000000000000000       0.0019463897537169
      -0.0000000008800530       0.0000000000000000       0.0067346567279100
      -0.0000000017600837       0.0000000000000000       0.0117856466134667
      -0.0000000030801361       0.0000000000000000       0.0193621271657368
      -0.0000000050602291       0.0000000000000000       0.0307268383729082
      -0.0000000080304007       0.0000000000000000       0.0477738835364003
      -0.0000000124857306       0.0000000000000000       0.0733444025756666
      -0.0000000191688883       0.0000000000000000       0.1117000715462786
      -0.0000000291939917       0.0000000000000000       0.1692333284285226
      -0.0000000442324382       0.0000000000000000       0.2555326357495712
      -0.0000000667919551       0.0000000000000000       0.3849803190129740
      -0.0000001006353538       0.0000000000000000       0.5791489689419499
      -0.0000001514097281       0.0000000000000000       0.8703954748218419
      -0.0000002275921592       0.0000000000000000       1.3072506772077745
      -0.0000003419127546       0.0000000000000000       1.9625007248836883
      -0.0000005134958678       0.0000000000000000       2.6358241206131785
      -0.0000006899567096       0.0000000000000000       3.3091054292345090
      -0.0000008665532226       0.0000000000000000       3.9823446888832938
      -0.0000010432853178       0.0000000000000000       4.6555418802620263
      -0.0000012201529899       0.0000000000000000       5.3286969837228426
      -0.0000013971562335       0.0000000000000000       6.0018099792453130
      -0.0000015742950426       0.0000000000000000       6.6748808463942408
      -0.0000017515694114       0.0000000000000000       7.3479095642984324
      -0.0000019289793340       0.0000000000000000       8.0208961116455111
      -0.0000021065248044       0.0000000000000000       8.6938404666770808
      -0.0000022842058167       0.0000000000000000       9.3667426071786419
      -0.0000024620223648       0.0000000000000000      10.0396025104668833
      -0.0000026399744426       0.0000000000000000      10.7124201533768613
      -0.0000028180620439       0.0000000000000000      11.3851955122496324
      -0.0000029962851625       0.0000000000000000      12.0579285629198871
      -0.0000031746437921       0.0000000000000000      12.7306192807025713
      -0.0000033531379264       0.0000000000000000      13.4032676403800632
      -0.0000035317675589       0.0000000000000000      14.0758736161877547
      -0.0000037105326831       0.0000000000000000      14.7484371818000088
      -0.0000038894332926       0.0000000000000000      15.4209583103152053
      -0.0000040684693805       0.0000000000000000      16.0934369742407632
      -0.0000042476409403       0.0000000000000000      16.7658731454768954
      -0.0000044269479651       0.0000000000000000      17.4382667953011357
      -0.0000046063904481       0.0000000000000000      18.1106178943507068
      -0.0000047859683823       0.0000000000000000      18.7829264126060593
      -0.0000049656817607       0.0000000000000000      19.4551923193721024
      -0.0000051455305762       0.0000000000000000      20.1274155832607491
      -0.0000053255148215       0.0000000000000000      20.7995961721709257
      -0.0000055056344895       0.0000000000000000      21.4717340532694401
      -0.0000056858895726       0.0000000000000000      22.1438291929705748
      -0.0000058662800635       0.0000000000000000      22.8158815569145581
      -0.0000060468059545       0.0000000000000000      23.4878911099466663
      -0.0000062274672379       0.0000000000000000      24.1598578160937798
      -0.0000064082639060       0.0000000000000000      24.8317816385418411
      -0.0000065891959508       0.0000000000000000      25.5036625396113834
      -0.0000067702633644       0.0000000000000000      26.1755004807330494
      -0.0000069514661385       0.0000000000000000      26.8472954224210376
      -0.0000071328042651       0.0000000000000000      27.5190473242475591
      -0.0000073142777356       0.0000000000000000      28.1907561448144115
      -0.0000074958865417       0.0000000000000000      28.8624218417245011
      -0.0000076776306746       0.0000000000000000      29.5340443715526888
      -0.0000078595101256       0.0000000000000000      30.2056236898149280
      -0.0000080415248859       0.0000000000000000      30.8771597509360696
      -0.0000082236749464       0.0000000000000000      31.5486525082177032
      -0.0000084059602979       0.0000000000000000      32.2201019138035321
      -0.0000085883809310       0.0000000000000000      32.8915079186445638
      -0.0000087709368363       0.0000000000000000      33.5628704724617393
      -0.0000089536280041       0.0000000000000000      34.2341895237087712
      -0.0000091364544247       0.0000000000000000      34.9054650195315261
      -0.0000093194160879       0.0000000000000000      35.5766969057287241
      -0.0000095025129836       0.0000000000000000      36.2478851267079349
      -0.0000096857451014       0.0000000000000000      36.9190296254428461
      -0.0000098691124309       0.0000000000000000      37.5901303434264733
      -0.0000100526149612       0.0000000000000000      38.2611872206241443
      -0.0000102362526815       0.0000000000000000      38.9322001954241870
      -0.0000104200255804       0.0000000000000000      39.6031692045864858
      -0.0000106039336467       0.0000000000000000      40.2740941831892911
      -0.0000107879768688       0.0000000000000000      40.9449750645738035
      -0.0000109721552347       0.0000000000000000      41.6158117802862506
      -0.0000111564687325       0.0000000000000000      42.2866042600190184
      -0.0000113409173498       0.0000000000000000      42.9573524315469157
      -0.0000115255010739       0.0000000000000000      43.6280562206633391
      -0.0000117102198921       0.0000000000000000      44.2987155511126076
      -0.0000118950737911       0.0000000000000000      44.9693303445193706
      -0.0000120800627577       0.0000000000000000      45.6399005203155639
      -0.0000122651867779       0.0000000000000000      46.3104259956646302
      -0.0000124504458378       0.0000000000000000      46.9809066853809867
      -0.0000126358399230       0.0000000000000000      47.6513425018488164
      -0.0000128213690189       0.0000000000000000      48.3217333549341248
      -0.0000130070331103       0.0000000000000000      48.9920791518960073
      -0.0000131928321820       0.0000000000000000      49.6623797972920826
      -0.0000133787662180       0.0000000000000000      50.3326351928805238
      -0.0000135648352022       0.0000000000000000      51.0028452375181374
      -0.0000137510391182       0.0000000000000000      51.6730098270529581
      -0.0000139373779488       0.0000000000000000      52.3431288542133828
      -0.0000141238516766       0.0000000000000000      53.0132022084910943
      -0.0000143104602839       0.0000000000000000      53.6832297760197434
      -0.0000144972037522       0.0000000000000000      54.3532114394469161
      -0.0000146840820626       0.0000000000000000      55.0231470778019087
      -0.0000148710951960       0.0000000000000000      55.6930365663555307
      -0.0000150582431323       0.0000000000000000      56.3628797764750118
      -0.0000152455258511       0.0000000000000000      57.0326765754703047
      -0.0000154329433314       0.0000000000000000      57.7024268264352358
      -0.0000156204955517       0.0000000000000000      58.3721303880799809
      -0.0000158081824896       0.0000000000000000      59.0417871145551914
      -0.0000159960041223       0.0000000000000000      59.7113968552676440
      -0.0000161839604261       0.0000000000000000      60.3809594546881030
      -0.0000163720513769       0.0000000000000000      61.0504747521481832
      -0.0000165602769496       0.0000000000000000      61.7199425816280751
      -0.0000167486371183       0.0000000000000000      62.3893627715341168
      -0.0000169371318564       0.0000000000000000      63.0587351444620978
      -0.0000171257611365       0.0000000000000000      63.7280595169536141
      -0.0000173145249301       0.0000000000000000      64.3973356992355406
      -0.0000175034232081       0.0000000000000000      65.0665634949489800
      -0.0000176924559401       0.0000000000000000      65.7357427008608113
      -0.0000178816230949       0.0000000000000000      66.4048731065630733
      -0.0000180709246400       0.0000000000000000      67.0739544941558705
      -0.0000182607453902       0.0000000000000000      67.7431674357824676
      -0.0000184504674187       0.0000000000000000      68.4123995149896444
      -0.0000186401997904       0.0000000000000000      69.0815911848111455
      -0.0000188300673969       0.0000000000000000      69.7507424487386345
      -0.0000190200701632       0.0000000000000000      70.4198532929070922
      -0.0000192102081525       0.0000000000000000      71.0889237184462814
      -0.0000194004813621       0.0000000000000000      71.7579537266431515
      -0.0000195908897882       0.0000000000000000      72.4269433187385374
      -0.0000197814334273       0.0000000000000000      73.0958924959698493
      -0.0000199721122761       0.0000000000000000      73.7648012595765721
      -0.0000201629263309       0.0000000000000000      74.4336696107963007
      -0.0000203538755885       0.0000000000000000      75.1024975508678665
      -0.0000205449600452       0.0000000000000000      75.7712850810304133
      -0.0000207361796976       0.0000000000000000      76.4400322025208112
      -0.0000209275345423       0.0000000000000000      77.1087389165782469
      -0.0000211190245758       0.0000000000000000      77.7774052244404999
      -0.0000213106497946       0.0000000000000000      78.4460311273450515
      -0.0000215024101952       0.0000000000000000      79.1146166265308750
      -0.0000216943057742       0.0000000000000000      79.7831617232352954
      -0.0000218863365280       0.0000000000000000      80.4516664186962061
      -0.0000220785024534       0.0000000000000000      81.1201307141508607
      -0.0000222708035467       0.0000000000000000      81.7885546108376502
      -0.0000224632398045       0.0000000000000000      82.4569381099933310
      -0.0000226558112233       0.0000000000000000      83.1252812128563079
      -0.0000228485177997       0.0000000000000000      83.7935839206628401
      -0.0000230413595302       0.0000000000000000      84.4618462346515315
      -0.0000232343364113       0.0000000000000000      85.1300681560580017
      -0.0000234274484396       0.0000000000000000      85.7982496861205135
      -0.0000236206956116       0.0000000000000000      86.4663908260759655
      -0.0000238140779238       0.0000000000000000      87.1344915771606452
      -0.0000240075953728       0.0000000000000000      87.8025519406120480
      -0.0000242012479552       0.0000000000000000      88.4705719176675700
      -0.0000243950356673       0.0000000000000000      89.1385515095619922
      -0.0000245889585058       0.0000000000000000      89.8064907175340750
      -0.0000247830164673       0.0000000000000000      90.4743895428193241
      -0.0000249772095482       0.0000000000000000      91.1422479866543682
      -0.0000251715377451       0.0000000000000000      91.8100660502756369
      -0.0000253660010545       0.0000000000000000      92.4778437349193752
      -0.0000255605994729       0.0000000000000000      93.1455810418215862
      -0.0000257553329970       0.0000000000000000      93.8132779722188843
      -0.0000259502016232       0.0000000000000000      94.4809345273470313
      -0.0000261452053480       0.0000000000000000      95.1485507084421727
      -0.0000263403441681       0.0000000000000000      95.8161265167401979
      -0.0000265356180799       0.0000000000000000      96.4836619534764992
      -0.0000267310270800       0.0000000000000000      97.1511570198876342
      -0.0000269265711649       0.0000000000000000      97.8186117172088672
      -0.0000271222503311       0.0000000000000000      98.4860260466755193
      -0.0000273180645753       0.0000000000000000      99.1534000095231107
      -0.0000275140138939       0.0000000000000000      99.8207336069876021
      -0.0000277100982835       0.0000000000000000     100.4880268403033767
      -0.0000279065316064       0.0000000000000000     100.5452169285626383
