      -0.0000000000000005       0.0000000000000000      -0.0000002844265061
       0.0000000000000166       0.0000000000000000      -0.0052674703099419
       0.0000000000000295       0.0000000000000000      -0.0092180644456175
       0.0000000000000398       0.0000000000000000      -0.0151439598818359
       0.0000000000000502       0.0000000000000000      -0.0240328062674426
       0.0000000000000682       0.0000000000000000      -0.0373660763936000
       0.0000000000001013       0.0000000000000000      -0.0573659794493420
       0.0000000000001553       0.0000000000000000      -0.0873658290979134
       0.0000000000002372       0.0000000000000000      -0.1323655940344459
       0.0000000000003582       0.0000000000000000      -0.1998652216494927
       0.0000000000005379       0.0000000000000000      -0.3011146193849514
       0.0000000000008072       0.0000000000000000      -0.4529886177410561
       0.0000000000012135       0.0000000000000000      -0.6807993938320288
       0.0000000000018289       0.0000000000000000      -1.0225150595448049
       0.0000000000027644       0.0000000000000000      -1.5350874373483232
       0.0000000000028777       0.0000000000000000      -2.0618291009015297
       0.0000000000029221       0.0000000000000000      -2.5885693445702560
       0.0000000000029723       0.0000000000000000      -3.1153081701711027
       0.0000000000030283       0.0000000000000000      -3.6420455790319437
       0.0000000000030903       0.0000000000000000      -4.1687815723885588
       0.0000000000031586       0.0000000000000000      -4.6955161514654540
       0.0000000000032332       0.0000000000000000      -5.2222493175101832
       0.0000000000033142       0.0000000000000000      -5.7489810717581582
       0.0000000000034013       0.0000000000000000      -6.2757114154723679
       0.0000000000034948       0.0000000000000000      -6.8024403498620387
       0.0000000000035945       0.0000000000000000      -7.3291678761948438
       0.0000000000037005       0.0000000000000000      -7.8558939957000700
       0.0000000000038128       0.0000000000000000      -8.3826187096260334
       0.0000000000039312       0.0000000000000000      -8.9093420192194568
       0.0000000000040560       0.0000000000000000      -9.4360639257257297
       0.0000000000041870       0.0000000000000000      -9.9627844303664350
       0.0000000000043243       0.0000000000000000     -10.4895035343999581
       0.0000000000044679       0.0000000000000000     -11.0162212390593286
       0.0000000000046177       0.0000000000000000     -11.5429375455952030
       0.0000000000047738       0.0000000000000000     -12.0696524552552553
       0.0000000000049362       0.0000000000000000     -12.5963659692612318
       0.0000000000051049       0.0000000000000000     -13.1230780888630836
       0.0000000000052799       0.0000000000000000     -13.6497888153172777
       0.0000000000054611       0.0000000000000000     -14.1764981498496123
       0.0000000000056486       0.0000000000000000     -14.7032060937048037
       0.0000000000058424       0.0000000000000000     -15.2299126481293108
       0.0000000000060425       0.0000000000000000     -15.7566178143594762
       0.0000000000062489       0.0000000000000000     -16.2833215936312676
       0.0000000000064615       0.0000000000000000     -16.8100239872065842
       0.0000000000066805       0.0000000000000000     -17.3367249963152901
       0.0000000000069057       0.0000000000000000     -17.8634246221974422
       0.0000000000071373       0.0000000000000000     -18.3901228660903513
       0.0000000000073752       0.0000000000000000     -18.9168197292441675
       0.0000000000076193       0.0000000000000000     -19.4435152128929332
       0.0000000000078698       0.0000000000000000     -19.9702093182872282
       0.0000000000081265       0.0000000000000000     -20.4969020466709146
       0.0000000000083896       0.0000000000000000     -21.0235933992654438
       0.0000000000086589       0.0000000000000000     -21.5502833773340470
       0.0000000000089346       0.0000000000000000     -22.0769719820923989
       0.0000000000092166       0.0000000000000000     -22.6036592147862692
       0.0000000000095049       0.0000000000000000     -23.1303450764829890
       0.0000000000097996       0.0000000000000000     -23.6570295676895483
       0.0000000000101006       0.0000000000000000     -24.1837126858551414
       0.0000000000104084       0.0000000000000000     -24.7103944135065774
       0.0000000000107250       0.0000000000000000     -25.2370746624121516
       0.0000000000110583       0.0000000000000000     -25.7637530219564503
       0.0000000000114420       0.0000000000000000     -26.2904276566175632
       0.0000000000119763       0.0000000000000000     -26.8170906732977308
       0.0000000000127763       0.0000000000000000     -27.3437096138314573
       0.0000000000136928       0.0000000000000000     -27.8701588847655941
       0.0000000000145063       0.0000000000000000     -28.3960134846137393
       0.0000000000152653       0.0000000000000000     -28.9202648725675964
       0.0000000000157777       0.0000000000000000     -29.4417822624580658
       0.0000000000157811       0.0000000000000000     -29.9605352870514068
       0.0000000000155712       0.0000000000000000     -30.4774184453081354
       0.0000000000154618       0.0000000000000000     -30.9933097232577630
       0.0000000000155147       0.0000000000000000     -31.5087195370934552
       0.0000000000157262       0.0000000000000000     -32.0239269430746987
       0.0000000000160480       0.0000000000000001     -32.5390406333972493
       0.0000000000164385       0.0000000000000002     -33.0541128642626063
       0.0000000000168706       0.0000000000000006     -33.5691751780339800
       0.0000000000173067       0.0000000000000018     -34.0842165052397235
       0.0000000000177462       0.0000000000000057     -34.5992571134749767
       0.0000000000181917       0.0000000000000173     -35.1142975166147480
       0.0000000000186412       0.0000000000000514     -35.6293382081116334
       0.0000000000190956       0.0000000000001512     -36.1443788544345779
       0.0000000000195536       0.0000000000004382     -36.6594195320401965
       0.0000000000200085       0.0000000000012439     -37.1744600875843929
       0.0000000000204422       0.0000000000034396     -37.6895009687910019
       0.0000000000208174       0.0000000000090857     -38.2045420446816308
       0.0000000000210775       0.0000000000221650     -38.7195835629399099
       0.0000000000211911       0.0000000000480830     -39.2346258801405128
       0.0000000000212323       0.0000000000916208     -39.7496689713109816
       0.0000000000213339       0.0000000001575561     -40.2647131124735793
       0.0000000000215800       0.0000000002582261     -40.7797589208102025
       0.0000000000219770       0.0000000004301635     -41.2948081420656408
       0.0000000000225236       0.0000000007693232     -41.8098653013027928
       0.0000000000232536       0.0000000015121057     -42.3249415094235601
       0.0000000000242195       0.0000000032219153     -42.8400632366498542
       0.0000000000254814       0.0000000072043369     -43.3552918144919914
       0.0000000000270863       0.0000000163590565     -43.8707634379565761
       0.0000000000290650       0.0000000366153250     -44.3867512344832562
       0.0000000000314504       0.0000000783223204     -44.9037410483361157
       0.0000000000340761       0.0000001549737070     -45.4223636120179037
       0.0000000000364577       0.0000002769680994     -45.9431056542463239
       0.0000000000380669       0.0000004450707129     -46.4660131072567424
       0.0000000000388229       0.0000006509925509     -46.9906850800669744
       0.0000000000390618       0.0000008835084107     -47.5166022629080445
       0.0000000000391581       0.0000011328563333     -48.0433274108216466
       0.0000000000392523       0.0000013920159049     -48.5705027888721261
       0.0000000000394764       0.0000016568888825     -49.0979430303414475
       0.0000000000398322       0.0000019249966158     -49.6255345385528202
       0.0000000000403026       0.0000021949020459     -50.1532106396082753
       0.0000000000408592       0.0000024657971015     -50.6809126920778468
       0.0000000000415599       0.0000027374242788     -51.2086624386539739
       0.0000000000422891       0.0000030093263524     -51.7364310048087219
       0.0000000000430260       0.0000032813171714     -52.2642060795204628
       0.0000000000437613       0.0000035533258400     -52.7919830535032730
       0.0000000000444953       0.0000038253239380     -53.3197600952743826
       0.0000000000452288       0.0000040972996848     -53.8475364748767973
       0.0000000000459561       0.0000043692478756     -54.3753118771679880
       0.0000000000466828       0.0000046411661237     -54.9030861750568562
       0.0000000000474102       0.0000049130531874     -55.4308593003530916
       0.0000000000481400       0.0000051849084387     -55.9586312201697282
       0.0000000000488667       0.0000054567315488     -56.4864019130282102
       0.0000000000496128       0.0000057285223801     -57.0141713812787430
       0.0000000000503590       0.0000060002807976     -57.5419396171599260
       0.0000000000511099       0.0000062720067371     -58.0697066175502385
       0.0000000000518674       0.0000065437001718     -58.5974723820114960
       0.0000000000526317       0.0000068153610862     -59.1252369107690754
       0.0000000000534030       0.0000070869894728     -59.6530002044806693
       0.0000000000541811       0.0000073585853279     -60.1807622639991777
       0.0000000000549663       0.0000076301486497     -60.7085230898835491
       0.0000000000557581       0.0000079016794435     -61.2362826829442923
       0.0000000000565567       0.0000081731777155     -61.7640410445520729
       0.0000000000573627       0.0000084446434618     -62.2917981752144030
       0.0000000000581758       0.0000087160766793     -62.8195540742892504
       0.0000000000589960       0.0000089874773773     -63.3473087334576377
       0.0000000000598230       0.0000092588456885     -63.8750618801156378
       0.0000000000606592       0.0000095301863727     -64.4028139085439761
       0.0000000000615051       0.0000098014970854     -64.9305647678811653
       0.0000000000623617       0.0000100727764084     -65.4583144194533446
       0.0000000000632324       0.0000103440233714     -65.9860628268954486
       0.0000000000641222       0.0000106152371128     -66.5138099446484290
       0.0000000000650376       0.0000108864166473     -67.0415557099483976
       0.0000000000659857       0.0000111575606984     -67.5693000344736703
       0.0000000000669699       0.0000114286676409     -68.0970428020688843
       0.0000000000679841       0.0000116997355790     -68.6247838822232978
       0.0000000000690090       0.0000119707624048     -69.1525231170041081
       0.0000000000700162       0.0000122417457074     -69.6802603285529472
       0.0000000000709778       0.0000125126822927     -70.2079952796130158
       0.0000000000718762       0.0000127835673989     -70.7357276169380356
       0.0000000000727108       0.0000130543936478     -71.2634567908793315
       0.0000000000734850       0.0000133251495056     -71.7911819613736100
       0.0000000000742254       0.0000135958165209     -72.3189017753684169
       0.0000000000749592       0.0000138663646062     -72.8466140328284411
       0.0000000000757148       0.0000141367437649     -73.3743150759014497
       0.0000000000765231       0.0000144068703683     -73.9019988081884236
       0.0000000000773982       0.0000146766049777     -74.4296550479221395
       0.0000000000783402       0.0000149457177223     -74.9572670166934927
       0.0000000000793429       0.0000152138347640     -75.4848074073975965
       0.0000000000803769       0.0000154803582833     -76.0122325848216889
       0.0000000000814052       0.0000157443537533     -76.5394743459967231
       0.0000000000823932       0.0000160044108104     -77.0664298147948159
       0.0000000000833155       0.0000162585138386     -77.5929520836828459
       0.0000000000841611       0.0000165040109216     -78.1188480866594830
       0.0000000000849353       0.0000167378165748     -78.6438935114138218
       0.0000000000755537       0.0000167577517420     -78.6888901277872890
       0.0000000000746748       0.0000167589039192     -78.6862491493304930
       0.0000000000746582       0.0000167600454350     -78.6836089624531922
       0.0000000000746418       0.0000167617341315     -78.6796488388111470
       0.0000000000746234       0.0000167642154704     -78.6737098364622511
       0.0000000000746033       0.0000167678254594     -78.6648037280257029
       0.0000000000745747       0.0000167730019854     -78.6514492885709728
       0.0000000000745243       0.0000167802716610     -78.6314263764856349
       0.0000000000744324       0.0000167901829901     -78.6014078158506493
       0.0000000000742701       0.0000168031494368     -78.5564031699821044
       0.0000000000739904       0.0000168191755994     -78.4889260494871763
       0.0000000000735204       0.0000168375037313     -78.3877391585417342
       0.0000000000727521       0.0000168563305104     -78.2359723988358127
       0.0000000000715387       0.0000168728868908     -78.0082970298790315
       0.0000000000696896       0.0000168842393943     -77.6667053985870126
       0.0000000000669943       0.0000168888633483     -77.1542250964156580
       0.0000000000658071       0.0000168894092287     -76.6275284439074085
       0.0000000000648621       0.0000168888226533     -76.1008378933840675
       0.0000000000639420       0.0000168881064253     -75.5741784917404260
       0.0000000000630325       0.0000168875346648     -75.0475420103312700
       0.0000000000621320       0.0000168871387895     -74.5209224630512779
       0.0000000000612339       0.0000168868832883     -73.9943139181505245
       0.0000000000603362       0.0000168867249901     -73.4677119839530803
       0.0000000000594415       0.0000168866294460     -72.9411136663859452
       0.0000000000585524       0.0000168865728003     -72.4145170410009484
       0.0000000000576703       0.0000168865396474     -71.8879209137078874
       0.0000000000567952       0.0000168865204338     -71.3613245608138982
       0.0000000000559269       0.0000168865093859     -70.8347275507008618
       0.0000000000550649       0.0000168865030751     -70.3081296287651725
       0.0000000000542091       0.0000168864994912     -69.7815306460724685
       0.0000000000533596       0.0000168864974667     -69.2549305158445776
       0.0000000000525164       0.0000168864963288     -68.7283291876883453
       0.0000000000516797       0.0000168864956924     -68.2017266322528712
       0.0000000000508495       0.0000168864953381     -67.6751228323227707
       0.0000000000500258       0.0000168864951419     -67.1485177775953730
       0.0000000000492085       0.0000168864950336     -66.6219114617570938
       0.0000000000483977       0.0000168864949743     -66.0953038807028861
       0.0000000000475934       0.0000168864949418     -65.5686950316018482
       0.0000000000467955       0.0000168864949242     -65.0420849123299973
       0.0000000000460040       0.0000168864949147     -64.5154735211572188
       0.0000000000452191       0.0000168864949096     -63.9888608565714136
       0.0000000000444405       0.0000168864949068     -63.4622469172021155
       0.0000000000436684       0.0000168864949054     -62.9356317017056526
       0.0000000000429027       0.0000168864949046     -62.4090152088243713
       0.0000000000421435       0.0000168864949042     -61.8823974372864996
       0.0000000000413908       0.0000168864949040     -61.3557783858374393
       0.0000000000406444       0.0000168864949039     -60.8291580532327743
       0.0000000000399045       0.0000168864949038     -60.3025364382230435
       0.0000000000391710       0.0000168864949038     -59.7759135395920183
       0.0000000000384440       0.0000168864949038     -59.2492893560745060
       0.0000000000377234       0.0000168864949038     -58.7226638864462416
       0.0000000000370093       0.0000168864949038     -58.1960371294570606
       0.0000000000363015       0.0000168864949037     -57.6694090838686364
       0.0000000000356002       0.0000168864949037     -57.1427797484463795
       0.0000000000349053       0.0000168864949037     -56.6161491219431099
       0.0000000000342169       0.0000168864949037     -56.0895172031361966
       0.0000000000335348       0.0000168864949037     -55.5628839907712830
       0.0000000000328592       0.0000168864949037     -55.0362494836080316
       0.0000000000321900       0.0000168864949037     -54.5096136804165852
       0.0000000000315272       0.0000168864949037     -53.9829765799424806
       0.0000000000308708       0.0000168864949037     -53.4563381809656590
       0.0000000000302209       0.0000168864949037     -52.9296984822295471
       0.0000000000295773       0.0000168864949037     -52.4030574825054245
       0.0000000000289402       0.0000168864949037     -51.8764151805490457
       0.0000000000283094       0.0000168864949037     -51.3497715751279600
       0.0000000000276851       0.0000168864949037     -50.8231266649883011
       0.0000000000270672       0.0000168864949037     -50.2964804489023152
       0.0000000000264556       0.0000168864949037     -49.7698329256264174
       0.0000000000258505       0.0000168864949037     -49.2431840939231620
       0.0000000000252518       0.0000168864949037     -48.7165339525453263
       0.0000000000246595       0.0000168864949037     -48.1898825002549884
       0.0000000000240735       0.0000168864949037     -47.6632297358268104
       0.0000000000234940       0.0000168864949037     -47.1365756580020516
       0.0000000000229209       0.0000168864949037     -46.6099202655456253
       0.0000000000223541       0.0000168864949037     -46.0832635572277880
       0.0000000000217937       0.0000168864949037     -45.5566055317982119
       0.0000000000212397       0.0000168864949037     -45.0299461880246099
       0.0000000000206921       0.0000168864949037     -44.5032855246536414
       0.0000000000201509       0.0000168864949037     -43.9766235404533035
       0.0000000000196161       0.0000168864949037     -43.4499602341852977
       0.0000000000190876       0.0000168864949037     -42.9232956046108995
       0.0000000000185655       0.0000168864949037     -42.3966296504800653
       0.0000000000180498       0.0000168864949037     -41.8699623705621562
       0.0000000000175405       0.0000168864949037     -41.3432937636168703
       0.0000000000170375       0.0000168864949037     -40.8166238284019869
       0.0000000000165409       0.0000168864949037     -40.2899525636664109
       0.0000000000160507       0.0000168864949037     -39.7632799681918669
       0.0000000000155668       0.0000168864949037     -39.2366060407173052
       0.0000000000150894       0.0000168864949037     -38.7099307800086194
       0.0000000000146183       0.0000168864949037     -38.1832541848307798
       0.0000000000141535       0.0000168864949037     -37.6565762539446922
       0.0000000000136951       0.0000168864949037     -37.1298969860981529
       0.0000000000132430       0.0000168864949037     -36.6032163800635857
       0.0000000000127973       0.0000168864949037     -36.0765344345830812
       0.0000000000123580       0.0000168864949037     -35.5498511484344561
       0.0000000000119250       0.0000168864949037     -35.0231665203673685
       0.0000000000114984       0.0000168864949037     -34.4964805491419426
       0.0000000000110781       0.0000168864949037     -33.9697932335240509
       0.0000000000106642       0.0000168864949037     -33.4431045722666767
       0.0000000000102566       0.0000168864949037     -32.9164145641239116
       0.0000000000098553       0.0000168864949037     -32.3897232078672772
       0.0000000000094604       0.0000168864949037     -31.8630305022474047
       0.0000000000090719       0.0000168864949037     -31.3363364460303160
       0.0000000000086897       0.0000168864949037     -30.8096410379601906
       0.0000000000083138       0.0000168864949037     -30.2829442768125681
       0.0000000000079442       0.0000168864949037     -29.7562461613378453
       0.0000000000075810       0.0000168864949037     -29.2295466902989673
       0.0000000000072241       0.0000168864949037     -28.7028458624544633
       0.0000000000068735       0.0000168864949037     -28.1761436765586524
       0.0000000000065293       0.0000168864949037     -27.6494401313874398
       0.0000000000061914       0.0000168864949037     -27.1227352257564682
       0.0000000000058595       0.0000168864949037     -26.5960289587283292
       0.0000000000055327       0.0000168864949037     -26.0693213305115954
       0.0000000000052068       0.0000168864949037     -25.5426123468124935
       0.0000000000048630       0.0000168864949037     -25.0159020376229968
       0.0000000000044337       0.0000168864949037     -24.4891905285995755
       0.0000000000037719       0.0000168864949037     -23.9624782287932199
       0.0000000000028646       0.0000168864949037     -23.4357661609000587
       0.0000000000020289       0.0000168864949037     -22.9090571931482181
       0.0000000000014906       0.0000168864949037     -22.3823613481938004
       0.0000000000012700       0.0000168864949037     -21.8557164253471790
       0.0000000000011243       0.0000168864949037     -21.3292650283972520
       0.0000000000005220       0.0000168864949037     -20.8034784468886222
      -0.0000000000005830       0.0000168864949037     -20.2794151544592296
      -0.0000000000013291       0.0000168864949037     -19.7581420317664360
      -0.0000000000012026       0.0000168864949037     -19.2395661450463926
      -0.0000000000006733       0.0000168864949037     -18.7227654947255928
      -0.0000000000001949       0.0000168864949037     -18.2068964181403956
       0.0000000000001312       0.0000168864949037     -17.6914770098751646
       0.0000000000003266       0.0000168864949037     -17.1762480849638415
       0.0000000000003729       0.0000168864949037     -16.6611069143542174
       0.0000000000002932       0.0000168864949037     -16.1460043363367838
       0.0000000000001182       0.0000168864949037     -15.6309106079064346
      -0.0000000000000876       0.0000168864949037     -15.1158367446542474
      -0.0000000000002909       0.0000168864949037     -14.6007638180294279
      -0.0000000000004837       0.0000168864949037     -14.0856913936625663
      -0.0000000000006569       0.0000168864949037     -13.5706194518136147
      -0.0000000000008196       0.0000168864949037     -13.0555480372979265
      -0.0000000000009771       0.0000168864949037     -12.5404770332317508
      -0.0000000000011311       0.0000168864949037     -12.0254062889017153
      -0.0000000000012811       0.0000168864949037     -11.5103357016019157
      -0.0000000000014252       0.0000168864949037     -10.9952652047217647
      -0.0000000000015623       0.0000168864949037     -10.4801947710366754
      -0.0000000000016921       0.0000168864949037      -9.9651243857962442
      -0.0000000000018147       0.0000168864949037      -9.4500540412735567
      -0.0000000000019307       0.0000168864949037      -8.9349837319136789
      -0.0000000000020402       0.0000168864949037      -8.4199134584678106
      -0.0000000000021433       0.0000168864949037      -7.9048432171141378
      -0.0000000000022400       0.0000168864949037      -7.3897730064808984
      -0.0000000000023301       0.0000168864949037      -6.8747028254337810
      -0.0000000000024138       0.0000168864949037      -6.3596326730069341
      -0.0000000000024909       0.0000168864949035      -5.8445625481237435
      -0.0000000000025614       0.0000168864949028      -5.3294924497427152
      -0.0000000000026253       0.0000168864949008      -4.8144223767081220
      -0.0000000000026826       0.0000168864948946      -4.2993523278865080
      -0.0000000000027330       0.0000168864948758      -3.7842823018514467
      -0.0000000000027762       0.0000168864948197      -3.2692122965402390
      -0.0000000000028103       0.0000168864946557      -2.7541423079198659
      -0.0000000000028313       0.0000168864941845      -2.2390723267246613
      -0.0000000000028274       0.0000168864928680      -1.7240023291356039
      -0.0000000000027711       0.0000168864893542      -1.2089322574434505
      -0.0000000000026113       0.0000168864807538      -0.6938619910004389
      -0.0000000000022923       0.0000168864625863      -0.1787913412865994
      -0.0000000000018371       0.0000168864310749       0.3362798512053622
      -0.0000000000013663       0.0000168863860858       0.8513515964482754
      -0.0000000000009994       0.0000168863307394       1.3664237595026834
      -0.0000000000007507       0.0000168862687260       1.8814961891313835
      -0.0000000000005901       0.0000168862028776       2.3965687334895520
      -0.0000000000004891       0.0000168861349860       2.9116411803171705
      -0.0000000000004137       0.0000168860659505       3.4267137770465399
      -0.0000000000003497       0.0000168859961911       3.9417864560971245
      -0.0000000000002915       0.0000168859257309       4.4568593811380648
      -0.0000000000002414       0.0000168858540755       4.9719322186234205
      -0.0000000000001994       0.0000168857797455       5.4870051452164565
      -0.0000000000001924       0.0000168856995656       6.0020783119064021
      -0.0000000000002459       0.0000168856075992       6.5171519144226089
      -0.0000000000003834       0.0000168854944839       7.0322265850219283
      -0.0000000000006203       0.0000168853450213       7.5473030085580231
      -0.0000000000009707       0.0000168851287564       8.0623825941547977
      -0.0000000000014416       0.0000168847776368       8.5774685276536395
      -0.0000000000019890       0.0000168841367623       9.0925680782439162
      -0.0000000000025422       0.0000168828481417       9.6076980186178460
      -0.0000000000030969       0.0000168800810568      10.1228972989049346
      -0.0000000000037513       0.0000168739458331      10.6382545713764998
      -0.0000000000046660       0.0000168603598421      11.1539611818108906
      -0.0000000000059881       0.0000168314095729      11.6703814923948617
      -0.0000000000077485       0.0000167746433204      12.1880998815295580
      -0.0000000000096962       0.0000166766552517      12.7077426426131037
      -0.0000000000112650       0.0000165307915876      13.2296345762282144
      -0.0000000000119351       0.0000163411766147      13.7535637636026866
      -0.0000000000116738       0.0000161183592525      14.2790428105987885
      -0.0000000000107210       0.0000158734556155      14.8055561576750936
      -0.0000000000094780       0.0000156150313233      15.3327149550361028
      -0.0000000000082777       0.0000153488272555      15.8602318203010686
      -0.0000000000073183       0.0000150781291434      16.3879573860090701
      -0.0000000000065721       0.0000148048861542      16.9158018063967290
      -0.0000000000059728       0.0000145302137616      17.4437130681439889
      -0.0000000000054291       0.0000142547330246      17.9716457207445615
      -0.0000000000049387       0.0000139786274595      18.4996178256346653
      -0.0000000000044672       0.0000137022617242      19.0276059198148566
      -0.0000000000040642       0.0000134257704205      19.5556011834348595
      -0.0000000000037279       0.0000131492037601      20.0836003533051191
      -0.0000000000034298       0.0000128725818383      20.6116021697761020
      -0.0000000000031416       0.0000125959136236      21.1396061111263300
      -0.0000000000028600       0.0000123192029615      21.6676119540834975
      -0.0000000000025688       0.0000120424501638      22.1956196672693444
      -0.0000000000022757       0.0000117656528945      22.7236293523968271
      -0.0000000000020022       0.0000114888076820      23.2516411729993315
      -0.0000000000017620       0.0000112119123494      23.7796552492667885
      -0.0000000000015391       0.0000109349677657      24.3076715340123712
      -0.0000000000013138       0.0000106579770759      24.8356898750851940
      -0.0000000000010694       0.0000103809440746      25.3637100987587516
      -0.0000000000008034       0.0000101038721113      25.8917320502162269
      -0.0000000000005087       0.0000098267636380      26.4197555992204407
      -0.0000000000001958       0.0000095496201395      26.9477806769893320
       0.0000000000001341       0.0000092724425503      27.4758072397484518
       0.0000000000004786       0.0000089952314350      28.0038352610738244
       0.0000000000008350       0.0000087179871263      28.5318647257181439
       0.0000000000012023       0.0000084407098165      29.0598956185285893
       0.0000000000015737       0.0000081633995571      29.5879279486265538
       0.0000000000019540       0.0000078860564709      30.1159617087682321
       0.0000000000023416       0.0000076086806074      30.6439968966649943
       0.0000000000027359       0.0000073312719859      31.1720335120351137
       0.0000000000031369       0.0000070538306135      31.7000715554251435
       0.0000000000035445       0.0000067763564925      32.2281110277003080
       0.0000000000039588       0.0000064988496231      32.7561519298613817
       0.0000000000043797       0.0000062213100049      33.2841942629812095
       0.0000000000048072       0.0000059437376369      33.8122380281371377
       0.0000000000052412       0.0000056661325181      34.3402832264217466
       0.0000000000056818       0.0000053884946474      34.8683298589495081
       0.0000000000061289       0.0000051108240238      35.3963779268257994
       0.0000000000065826       0.0000048331206463      35.9244274311406642
       0.0000000000070429       0.0000045553845136      36.4524783730090505
       0.0000000000075097       0.0000042776156247      36.9805307535158079
       0.0000000000079830       0.0000039998139786      37.5085845737776822
       0.0000000000084629       0.0000037219795741      38.0366398348933572
       0.0000000000089494       0.0000034441124100      38.5646965379684161
       0.0000000000094424       0.0000031662124854      39.0927546841019620
       0.0000000000099419       0.0000028882797992      39.6208142744068539
       0.0000000000104480       0.0000026103143502      40.1488753099657742
       0.0000000000109606       0.0000023323161373      40.6769377918950497
       0.0000000000114798       0.0000020542851594      41.2050017213119588
       0.0000000000120055       0.0000017762214155      41.7330670992884478
       0.0000000000125378       0.0000014981249045      42.2611339269585073
       0.0000000000130766       0.0000012199956252      42.7892022053990786
       0.0000000000136219       0.0000009418335766      43.3172719357323857
       0.0000000000141738       0.0000006636387575      43.8453431190559542
       0.0000000000147323       0.0000003854111669      44.3734157565215028
       0.0000000000152972       0.0000001071508048      44.9014898491541175
       0.0000000000158686      -0.0000001711423305      45.4295653980758161
       0.0000000000164465      -0.0000004494682403      45.9576424043951732
       0.0000000000170310      -0.0000007278269258      46.4857208692115620
       0.0000000000176220      -0.0000010062183882      47.0138007936287323
       0.0000000000182195      -0.0000012846426287      47.5418821787470662
       0.0000000000188236      -0.0000015630996482      48.0699650256822864
       0.0000000000194342      -0.0000018415894480      48.5980493355232497
       0.0000000000200513      -0.0000021201120289      49.1261351095026697
       0.0000000000206749      -0.0000023986673896      49.6542223485213299
       0.0000000000213050      -0.0000026772555319      50.1823110536868882
       0.0000000000219416      -0.0000029558764569      50.7104012260692159
       0.0000000000225847      -0.0000032345301647      51.2384928668155482
       0.0000000000232341      -0.0000035132166521      51.7665859767381136
       0.0000000000238899      -0.0000037919359157      52.2946805565800048
       0.0000000000245520      -0.0000040706879499      52.8227766068715781
       0.0000000000252201      -0.0000043494727415      53.3508741276652216
       0.0000000000258938      -0.0000046282902651      53.8789731181065221
       0.0000000000265723      -0.0000049071404727      54.4070735757179449
       0.0000000000272544      -0.0000051860232776      54.9351754952507534
       0.0000000000279377      -0.0000054649385254      55.4632788665059664
       0.0000000000286186      -0.0000057438859508      55.9913836712262736
       0.0000000000292913      -0.0000060228651168      56.5194898787461142
       0.0000000000299481      -0.0000063018753529      57.0475974415017788
       0.0000000000305811      -0.0000065809157382      57.5757062943488620
       0.0000000000311856      -0.0000068599851960      58.1038163610303116
       0.0000000000317669      -0.0000071390827673      58.6319275733422316
       0.0000000000323412      -0.0000074182079224      59.1600398936170890
       0.0000000000329307      -0.0000076973606828      59.6881533239326387
       0.0000000000335543      -0.0000079765414605      60.2162678940886735
       0.0000000000342236      -0.0000082557507375      60.7443836386536518
       0.0000000000349407      -0.0000085349887466      61.2725005690853948
       0.0000000000357122      -0.0000088142553164      61.8006186792795731
       0.0000000000365332      -0.0000090935497529      62.3287379165612023
       0.0000000000374015      -0.0000093728710867      62.8568582279971082
       0.0000000000383101      -0.0000096522179567      63.3849797773467358
       0.0000000000392527      -0.0000099315849660      63.9131021203835488
       0.0000000000402204      -0.0000102109736454      64.4412252581226710
       0.0000000000412111      -0.0000104903845679      64.9693491678863779
       0.0000000000422193      -0.0000107698178153      65.4974738087131954
       0.0000000000432456      -0.0000110492734329      66.0255991768066224
       0.0000000000442871      -0.0000113287515600      66.5537252737807705
       0.0000000000453338      -0.0000116082526038      67.0818521260480765
       0.0000000000463726      -0.0000118877771511      67.6099797702803187
       0.0000000000473874      -0.0000121673256920      68.1381082611493838
       0.0000000000483721      -0.0000124468980045      68.6662375814784269
       0.0000000000493241      -0.0000127264926181      69.1943676289620981
       0.0000000000502442      -0.0000130061060649      69.7224981523510223
       0.0000000000511332      -0.0000132857319884      70.2506286894199263
       0.0000000000519901      -0.0000135653600089      70.7787584880916683
       0.0000000000528164      -0.0000138449741910      71.3068863870510228
       0.0000000000536155      -0.0000141245506995      71.8350106474229193
       0.0000000000543983      -0.0000144040535513      72.3631286416280659
       0.0000000000551821      -0.0000146834267547      72.8912362785796830
       0.0000000000559872      -0.0000149625804558      73.4193269957554548
       0.0000000000568382      -0.0000152413678090      73.9473900554215646
       0.0000000000577480      -0.0000155195480790      74.4754078690814652
       0.0000000000587226      -0.0000157967296617      75.0033518316077590
       0.0000000000597586      -0.0000160722861073      75.5311761850697110
       0.0000000000608545      -0.0000163452408462      76.0588096540735279
       0.0000000000620021      -0.0000166141287378      76.5861453265084577
       0.0000000000632032      -0.0000168768749280      77.1130318938380128
       0.0000000000644649      -0.0000171307834674      77.6392729142492470
       0.0000000000657917      -0.0000173727705796      78.1646439166916025
       0.0000000000671766      -0.0000175999231572      78.6889330449326962
       0.0000000000722934      -0.0000176192643938      78.7338581320329922
       0.0000000000727195      -0.0000176203813955      78.7312096303405866
       0.0000000000727212      -0.0000176214872233      78.7285619467141089
       0.0000000000727084      -0.0000176231212777      78.7245906716289454
       0.0000000000726856      -0.0000176255182928      78.7186350280839235
       0.0000000000726489      -0.0000176289969172      78.7097042112101661
       0.0000000000725959      -0.0000176339667345      78.6963132261696785
       0.0000000000725243      -0.0000176409084337      78.6762365738492804
       0.0000000000724311      -0.0000176502978991      78.6461396417472969
       0.0000000000723130      -0.0000176624403122      78.6010220502062680
       0.0000000000721689      -0.0000176771947648      78.5333846972727656
       0.0000000000719989      -0.0000176936415256      78.4319757407522644
       0.0000000000718000      -0.0000177098595510      78.2799107821268336
       0.0000000000715505      -0.0000177231152130      78.0518503420201029
       0.0000000000711900      -0.0000177307956570      77.7097824041833576
       0.0000000000705760      -0.0000177320701400      77.1967070120627881
       0.0000000000697623      -0.0000177306071153      76.6695065458191465
       0.0000000000688511      -0.0000177288660386      76.1423784317873498
       0.0000000000679395      -0.0000177274905011      75.6153271322902611
       0.0000000000670362      -0.0000177265435120      75.0883204079603104
       0.0000000000661375      -0.0000177259340603      74.5613440630777120
       0.0000000000652523      -0.0000177255567658      74.0343878196053993
       0.0000000000643796      -0.0000177253288512      73.5074446390719629
       0.0000000000635170      -0.0000177251934353      72.9805100017829034
       0.0000000000626615      -0.0000177251139260      72.4535811044191007
       0.0000000000618116      -0.0000177250676593      71.9266562461348684
       0.0000000000609672      -0.0000177250409294      71.3997344105934388
       0.0000000000601286      -0.0000177250255803      70.8728149969764303
       0.0000000000592961      -0.0000177250168138      70.3458976529385041
       0.0000000000584700      -0.0000177250118319      69.8189821730282887
       0.0000000000576501      -0.0000177250090142      69.2920684379215288
       0.0000000000568363      -0.0000177250074279      68.7651563784867790
       0.0000000000560286      -0.0000177250065390      68.2382459546302442
       0.0000000000552268      -0.0000177250060431      67.7113371429850304
       0.0000000000544310      -0.0000177250057678      67.1844299297612793
       0.0000000000536411      -0.0000177250056156      66.6575243066465504
       0.0000000000528574      -0.0000177250055320      66.1306202684098849
       0.0000000000520796      -0.0000177250054862      65.6037178115844597
       0.0000000000513079      -0.0000177250054612      65.0768169336963496
       0.0000000000505423      -0.0000177250054477      64.5499176327903825
       0.0000000000497826      -0.0000177250054404      64.0230199072543513
       0.0000000000490290      -0.0000177250054365      63.4961237556426283
       0.0000000000482814      -0.0000177250054344      62.9692291765851735
       0.0000000000475398      -0.0000177250054333      62.4423361687901775
       0.0000000000468043      -0.0000177250054327      61.9154447309421059
       0.0000000000460748      -0.0000177250054324      61.3885548618199834
       0.0000000000453513      -0.0000177250054322      60.8616665601336706
       0.0000000000446339      -0.0000177250054321      60.3347798246537437
       0.0000000000439225      -0.0000177250054321      59.8078946541183853
       0.0000000000432172      -0.0000177250054321      59.2810110472868743
       0.0000000000425179      -0.0000177250054321      58.7541290029013155
       0.0000000000418246      -0.0000177250054320      58.2272485197293364
       0.0000000000411374      -0.0000177250054320      57.7003695965105337
       0.0000000000404562      -0.0000177250054320      57.1734922320029426
       0.0000000000397811      -0.0000177250054320      56.6466164249668793
       0.0000000000391121      -0.0000177250054320      56.1197421741506091
       0.0000000000384491      -0.0000177250054320      55.5928694783047774
       0.0000000000377921      -0.0000177250054320      55.0659983361964862
       0.0000000000371413      -0.0000177250054320      54.5391287465684229
       0.0000000000364964      -0.0000177250054320      54.0122607081688599
       0.0000000000358577      -0.0000177250054320      53.4853942197630516
       0.0000000000352249      -0.0000177250054320      52.9585292800990501
       0.0000000000345983      -0.0000177250054320      52.4316658879379887
       0.0000000000339777      -0.0000177250054320      51.9048040420188386
       0.0000000000333632      -0.0000177250054320      51.3779437411175905
       0.0000000000327548      -0.0000177250054320      50.8510849839735855
       0.0000000000321525      -0.0000177250054320      50.3242277693408440
       0.0000000000315562      -0.0000177250054320      49.7973720959725981
       0.0000000000309659      -0.0000177250054320      49.2705179626318710
       0.0000000000303817      -0.0000177250054320      48.7436653680582310
       0.0000000000298037      -0.0000177250054320      48.2168143110310012
       0.0000000000292317      -0.0000177250054320      47.6899647902818060
       0.0000000000286658      -0.0000177250054320      47.1631168045700235
       0.0000000000281060      -0.0000177250054320      46.6362703526535896
       0.0000000000275523      -0.0000177250054320      46.1094254332913707
       0.0000000000270046      -0.0000177250054320      45.5825820452185297
       0.0000000000264631      -0.0000177250054320      45.0557401872153918
       0.0000000000259276      -0.0000177250054320      44.5288998580186899
       0.0000000000253982      -0.0000177250054320      44.0020610563878449
       0.0000000000248749      -0.0000177250054320      43.4752237810806790
       0.0000000000243577      -0.0000177250054320      42.9483880308469210
       0.0000000000238466      -0.0000177250054320      42.4215538044434552
       0.0000000000233416      -0.0000177250054320      41.8947211006249631
       0.0000000000228427      -0.0000177250054320      41.3678899181443640
       0.0000000000223499      -0.0000177250054320      40.8410602557645817
       0.0000000000218632      -0.0000177250054320      40.3142321122272946
       0.0000000000213826      -0.0000177250054320      39.7874054862994981
       0.0000000000209081      -0.0000177250054320      39.2605803767257768
       0.0000000000204397      -0.0000177250054320      38.7337567822716551
       0.0000000000199774      -0.0000177250054320      38.2069347016755074
       0.0000000000195213      -0.0000177250054320      37.6801141337101626
       0.0000000000190713      -0.0000177250054320      37.1532950771262520
       0.0000000000186273      -0.0000177250054320      36.6264775306760981
       0.0000000000181896      -0.0000177250054320      36.0996614931162298
       0.0000000000177578      -0.0000177250054320      35.5728469631923758
       0.0000000000173323      -0.0000177250054320      35.0460339396750271
       0.0000000000169128      -0.0000177250054320      34.5192224213015848
       0.0000000000164995      -0.0000177250054320      33.9924124068505407
       0.0000000000160923      -0.0000177250054320      33.4656038950550609
       0.0000000000156912      -0.0000177250054320      32.9387968846880455
       0.0000000000152963      -0.0000177250054320      32.4119913744958055
       0.0000000000149075      -0.0000177250054320      31.8851873632297433
       0.0000000000145248      -0.0000177250054320      31.3583848496533690
       0.0000000000141482      -0.0000177250054320      30.8315838325148341
       0.0000000000137778      -0.0000177250054320      30.3047843105725399
       0.0000000000134135      -0.0000177250054320      29.7779862825882091
       0.0000000000130554      -0.0000177250054320      29.2511897473131093
       0.0000000000127034      -0.0000177250054320      28.7243947035039611
       0.0000000000123576      -0.0000177250054320      28.1976011499662818
       0.0000000000120181      -0.0000177250054320      27.6708090856068232
       0.0000000000116855      -0.0000177250054320      27.1440185100541207
       0.0000000000113626      -0.0000177250054320      26.6172294262259577
       0.0000000000110623      -0.0000177250054320      26.0904418522425274
       0.0000000000108348      -0.0000177250054320      25.5636558690796853
       0.0000000000108158      -0.0000177250054320      25.0368717599263029
       0.0000000000111018      -0.0000177250054320      24.5100902383399450
       0.0000000000114295      -0.0000177250054320      23.9833131008191849
       0.0000000000114822      -0.0000177250054320      23.4565464608837004
       0.0000000000112166      -0.0000177250054320      22.9298133335646064
       0.0000000000107608      -0.0000177250054320      22.4032021984684171
       0.0000000000105739      -0.0000177250054320      21.8770291186436303
       0.0000000000110072      -0.0000177250054320      21.3521526507426813
       0.0000000000114821      -0.0000177250054320      20.8298010560415925
       0.0000000000111442      -0.0000177250054320      20.3103679261587757
       0.0000000000101669      -0.0000177250054320      19.7930922049616917
       0.0000000000091335      -0.0000177250054320      19.2770080680219174
       0.0000000000082602      -0.0000177250054320      18.7615176104817607
       0.0000000000075389      -0.0000177250054320      18.2462766074472782
       0.0000000000069981      -0.0000177250054320      17.7311520984084083
       0.0000000000066084      -0.0000177250054320      17.2160794217532711
       0.0000000000063398      -0.0000177250054320      16.7010190991833802
       0.0000000000061498      -0.0000177250054320      16.1859846364215407
       0.0000000000059658      -0.0000177250054320      15.6709513707890959
       0.0000000000057880      -0.0000177250054320      15.1559185489967749
       0.0000000000056021      -0.0000177250054320      14.6408861602613865
       0.0000000000054145      -0.0000177250054320      14.1258542784129677
       0.0000000000052328      -0.0000177250054320      13.6108228092310934
       0.0000000000050611      -0.0000177250054320      13.0957915972845687
       0.0000000000048993      -0.0000177250054320      12.5807605269585956
       0.0000000000047456      -0.0000177250054320      12.0657295306637149
       0.0000000000045985      -0.0000177250054320      11.5506985712897112
       0.0000000000044573      -0.0000177250054320      11.0356676325653460
       0.0000000000043220      -0.0000177250054320      10.5206367059770116
       0.0000000000041928      -0.0000177250054320      10.0056057854480311
       0.0000000000040702      -0.0000177250054320       9.4905748718890788
       0.0000000000039542      -0.0000177250054320       8.9755439611785786
       0.0000000000038449      -0.0000177250054320       8.4605130519841278
       0.0000000000037420      -0.0000177250054320       7.9454821430974283
       0.0000000000036457      -0.0000177250054318       7.4304512334965827
       0.0000000000035558      -0.0000177250054314       6.9154203221413395
       0.0000000000034723      -0.0000177250054300       6.4003894078971832
       0.0000000000033953      -0.0000177250054255       5.8853584896963946
       0.0000000000033245      -0.0000177250054120       5.3703275662220387
       0.0000000000032598      -0.0000177250053714       4.8552966356808875
       0.0000000000031996      -0.0000177250052518       4.3402656948048568
       0.0000000000031410      -0.0000177250049059       3.8252347362884143
       0.0000000000030752      -0.0000177250039294       3.3102037422697737
       0.0000000000029805      -0.0000177250012786       2.7951726678088407
       0.0000000000028127      -0.0000177249945837       2.2801414137698210
       0.0000000000025108      -0.0000177249797171       1.7651098059147170
       0.0000000000020667      -0.0000177249523336       1.2500776615491880
       0.0000000000015817      -0.0000177249110958       0.7350449232670271
       0.0000000000011826      -0.0000177248583971       0.2200116880003809
       0.0000000000001216      -0.0000177248537914       0.1758696379973049
