      -0.0000000000001105       0.0000000000000000      -0.0026951618398866
      -0.0000000000001105       0.0000000000000000      -0.0106146710332010
      -0.0000000000001658       0.0000000000000000      -0.0185756757009610
      -0.0000000000002487       0.0000000000000000      -0.0305171849411492
      -0.0000000000003730       0.0000000000000000      -0.0484294538381304
      -0.0000000000005595       0.0000000000000000      -0.0752978685162130
      -0.0000000000008393       0.0000000000000000      -0.1156005160317161
      -0.0000000000012589       0.0000000000000000      -0.1760545446763477
      -0.0000000000018883       0.0000000000000000      -0.2667357167293131
      -0.0000000000028323       0.0000000000000000      -0.4027577652532136
      -0.0000000000042483       0.0000000000000000      -0.6067914915426814
      -0.0000000000063721       0.0000000000000000      -0.9128435513718486
      -0.0000000000095572       0.0000000000000000      -1.3719249495438395
      -0.0000000000143339       0.0000000000000000      -2.0605544908996341
      -0.0000000000214964       0.0000000000000000      -3.0935155526062470
      -0.0000000000220868       0.0000000000000000      -4.1550550218212035
      -0.0000000000220842       0.0000000000000000      -5.2166157190155769
      -0.0000000000220828       0.0000000000000000      -6.2781976450386470
      -0.0000000000220827       0.0000000000000000      -7.3398008007397966
      -0.0000000000220838       0.0000000000000000      -8.4014251869684458
      -0.0000000000220862       0.0000000000000000      -9.4630708045740715
      -0.0000000000220899       0.0000000000000000     -10.5247376544061098
      -0.0000000000220948       0.0000000000000000     -11.5864257373143698
      -0.0000000000221009       0.0000000000000000     -12.6481350541481881
      -0.0000000000221083       0.0000000000000000     -13.7098656057573667
      -0.0000000000221170       0.0000000000000000     -14.7716173929915779
      -0.0000000000221270       0.0000000000000000     -15.8333904167007606
      -0.0000000000221382       0.0000000000000000     -16.8951846777344734
      -0.0000000000221506       0.0000000000000000     -17.9570001769429446
      -0.0000000000221643       0.0000000000000000     -19.0188369151757186
      -0.0000000000221793       0.0000000000000000     -20.0806948932829918
      -0.0000000000221956       0.0000000000000000     -21.1425741121147404
      -0.0000000000222131       0.0000000000000000     -22.2044745725210291
      -0.0000000000222319       0.0000000000000000     -23.2663962753521645
      -0.0000000000222519       0.0000000000000000     -24.3283392214580623
      -0.0000000000222732       0.0000000000000000     -25.3903034116893238
      -0.0000000000222958       0.0000000000000000     -26.4522888468957227
      -0.0000000000223196       0.0000000000000000     -27.5142955279278354
      -0.0000000000223447       0.0000000000000000     -28.5763234556362775
      -0.0000000000223711       0.0000000000000000     -29.6383726308711921
      -0.0000000000223988       0.0000000000000000     -30.7004430544832978
      -0.0000000000224277       0.0000000000000000     -31.7625347273229401
      -0.0000000000224579       0.0000000000000000     -32.8246476502407063
      -0.0000000000224893       0.0000000000000000     -33.8867818240873149
      -0.0000000000225221       0.0000000000000000     -34.9489372497136941
      -0.0000000000225561       0.0000000000000000     -36.0111139279701788
      -0.0000000000225913       0.0000000000000000     -37.0733118597076796
      -0.0000000000226279       0.0000000000000000     -38.1355310457772561
      -0.0000000000226657       0.0000000000000000     -39.1977714870294704
      -0.0000000000227048       0.0000000000000000     -40.2600331843156454
      -0.0000000000227452       0.0000000000000000     -41.3223161384857605
      -0.0000000000227868       0.0000000000000000     -42.3846203503865837
      -0.0000000000228298       0.0000000000000000     -43.4469458208437160
      -0.0000000000228740       0.0000000000000000     -44.5092925505522672
      -0.0000000000229194       0.0000000000000000     -45.5716605394720702
      -0.0000000000229662       0.0000000000000000     -46.6340497835993375
      -0.0000000000230141       0.0000000000000000     -47.6964602595642262
      -0.0000000000230627       0.0000000000000000     -48.7588918735472845
      -0.0000000000231115       0.0000000000000000     -49.8213444320455352
      -0.0000000000231614       0.0000000000000000     -50.8838178415505453
      -0.0000000000232134       0.0000000000000000     -51.9463122169657723
      -0.0000000000232675       0.0000000000000000     -53.0088277082527313
      -0.0000000000233235       0.0000000000000000     -54.0713643988258355
      -0.0000000000233811       0.0000000000000000     -55.1339223322932881
      -0.0000000000234401       0.0000000000000000     -56.1965015240165187
      -0.0000000000235005       0.0000000000000000     -57.2591019813970945
      -0.0000000000235622       0.0000000000000000     -58.3217237079446207
      -0.0000000000236253       0.0000000000000000     -59.3843667055813356
      -0.0000000000236897       0.0000000000000002     -60.4470309756022104
      -0.0000000000237554       0.0000000000000007     -61.5097165189494035
      -0.0000000000238222       0.0000000000000023     -62.5724233366971347
      -0.0000000000238899       0.0000000000000082     -63.6351514298434395
      -0.0000000000239571       0.0000000000000279     -64.6979007998516096
      -0.0000000000240200       0.0000000000000932     -65.7606714495070008
      -0.0000000000240659       0.0000000000003049     -66.8234633857815936
      -0.0000000000240578       0.0000000000009688     -67.8862766281378782
      -0.0000000000238966       0.0000000000029385     -68.9491112293808186
      -0.0000000000233858       0.0000000000081720     -70.0119673083224257
      -0.0000000000223365       0.0000000000196551     -71.0748450474354172
      -0.0000000000209236       0.0000000000394092     -72.1377445705572171
      -0.0000000000196334       0.0000000000667309     -73.2006658383751443
      -0.0000000000187825       0.0000000000992640     -74.2636087047260673
      -0.0000000000183196       0.0000000001348342     -75.3265730401040940
      -0.0000000000181113       0.0000000001720043     -76.3895587598858157
      -0.0000000000180590       0.0000000002099603     -77.4525658126989072
      -0.0000000000180766       0.0000000002483083     -78.5155941762643721
      -0.0000000000181314       0.0000000002868455     -79.5786438393226803
      -0.0000000000182135       0.0000000003254716     -80.6417147938486494
      -0.0000000000182869       0.0000000003641609     -81.7048070443038199
      -0.0000000000183771       0.0000000004028584     -82.7679205862712308
      -0.0000000000184715       0.0000000004415530     -83.8310554195755913
      -0.0000000000185678       0.0000000004802429     -84.8942115448732153
      -0.0000000000186657       0.0000000005189276     -85.9573889629796497
      -0.0000000000187649       0.0000000005576069     -87.0205876747401987
      -0.0000000000188654       0.0000000005962809     -88.0838076810068458
      -0.0000000000189673       0.0000000006349497     -89.1470489826328532
      -0.0000000000190706       0.0000000006736130     -90.2103115804707016
      -0.0000000000191752       0.0000000007122711     -91.2735954753737815
      -0.0000000000192811       0.0000000007509239     -92.3369006681971172
      -0.0000000000193884       0.0000000007895713     -93.4002271597920526
      -0.0000000000194971       0.0000000008282134     -94.4635749510143086
      -0.0000000000196071       0.0000000008668502     -95.5269440427141490
      -0.0000000000197185       0.0000000009054816     -96.5903344357492557
      -0.0000000000198312       0.0000000009441078     -97.6537461309703048
      -0.0000000000199453       0.0000000009827286     -98.7171791292322069
      -0.0000000000200607       0.0000000010213441     -99.7806334313882246
      -0.0000000000201775       0.0000000010599543    -100.8441090382930696
      -0.0000000000202956       0.0000000010985591    -101.9076059507994785
      -0.0000000000204152       0.0000000011371586    -102.9711241697630442
      -0.0000000000205360       0.0000000011757528    -104.0346636960354516
      -0.0000000000206582       0.0000000012143417    -105.0982245304726348
      -0.0000000000207818       0.0000000012529252    -106.1618066739273729
      -0.0000000000209068       0.0000000012915035    -107.2254101272546194
      -0.0000000000210331       0.0000000013300764    -108.2890348913080061
      -0.0000000000211608       0.0000000013686439    -109.3526809669423017
      -0.0000000000212898       0.0000000014072062    -110.4163483550117064
      -0.0000000000214202       0.0000000014457631    -111.4800370563705343
      -0.0000000000215519       0.0000000014843147    -112.5437470718734545
      -0.0000000000216851       0.0000000015228609    -113.6074784023742268
      -0.0000000000218196       0.0000000015614019    -114.6712310487271509
      -0.0000000000219554       0.0000000015999375    -115.7350050117874787
      -0.0000000000220926       0.0000000016384677    -116.7988002924100783
      -0.0000000000222312       0.0000000016769927    -117.8626168914486527
      -0.0000000000223712       0.0000000017155123    -118.9264548097589511
      -0.0000000000225125       0.0000000017540266    -119.9903140481946053
      -0.0000000000226552       0.0000000017925355    -121.0541946076110520
      -0.0000000000227993       0.0000000018310392    -122.1180964888629745
      -0.0000000000229447       0.0000000018695375    -123.1820196928055111
      -0.0000000000230915       0.0000000019080304    -124.2459642202931036
      -0.0000000000232397       0.0000000019465180    -125.3099300721814728
      -0.0000000000233892       0.0000000019850003    -126.3739172493247622
      -0.0000000000235401       0.0000000020234773    -127.4379257525795879
      -0.0000000000236924       0.0000000020619490    -128.5019555827996953
      -0.0000000000238461       0.0000000021004153    -129.5660067408407201
      -0.0000000000240012       0.0000000021388762    -130.6300792275575020
      -0.0000000000241576       0.0000000021773319    -131.6941730438067566
      -0.0000000000243157       0.0000000022157821    -132.7582881903824159
      -0.0000000000244747       0.0000000022542280    -133.8224246682233911
      -0.0000000000246352       0.0000000022926690    -134.8865824781810261
      -0.0000000000247971       0.0000000023311048    -135.9507616210994456
      -0.0000000000249603       0.0000000023695354    -137.0149620978321252
      -0.0000000000251250       0.0000000024079606    -138.0791839092305224
      -0.0000000000252911       0.0000000024463806    -139.1434270561492212
      -0.0000000000254585       0.0000000024847952    -140.2076915394416972
      -0.0000000000256274       0.0000000025232044    -141.2719773599613120
      -0.0000000000257976       0.0000000025616082    -142.3362845185616834
      -0.0000000000259692       0.0000000026000065    -143.4006130160937005
      -0.0000000000261422       0.0000000026383993    -144.4649628534029091
      -0.0000000000263167       0.0000000026767862    -145.5293340313295118
      -0.0000000000264925       0.0000000027151671    -146.5937265507041332
      -0.0000000000266699       0.0000000027535413    -147.6581404123342338
      -0.0000000000268488       0.0000000027919081    -148.7225756170002171
      -0.0000000000270294       0.0000000028302658    -149.7870321654263250
      -0.0000000000272118       0.0000000028686118    -150.8515100582480670
      -0.0000000000273964       0.0000000029069420    -151.9160092959518806
      -0.0000000000275836       0.0000000029452492    -152.9805298787775030
      -0.0000000000277744       0.0000000029835215    -154.0450718065649767
      -0.0000000000279700       0.0000000030217395    -155.1096350784978313
      -0.0000000000281728       0.0000000030598718    -156.1742196927120006
      -0.0000000000283860       0.0000000030978676    -157.2388256456976876
      -0.0000000000286150       0.0000000031356472    -158.3034529314446104
      -0.0000000000288673       0.0000000031730889    -159.3681015403283538
      -0.0000000000158948       0.0000000031762948    -159.4593507951021536
      -0.0000000000145376       0.0000000031764797    -159.4540274979843559
      -0.0000000000145370       0.0000000031766627    -159.4487042013919051
      -0.0000000000144674       0.0000000031769325    -159.4407192574599321
      -0.0000000000143639       0.0000000031773276    -159.4287418437326096
      -0.0000000000142107       0.0000000031778992    -159.4107757280060298
      -0.0000000000139851       0.0000000031787125    -159.3838265653357666
      -0.0000000000136552       0.0000000031798423    -159.3434028458665068
      -0.0000000000131757       0.0000000031813603    -159.2827673218023108
      -0.0000000000124840       0.0000000031833087    -159.1918141599542764
      -0.0000000000114903       0.0000000031856593    -159.0553846979670141
      -0.0000000000100617       0.0000000031882684    -158.8507411412464023
      -0.0000000000079939       0.0000000031908509    -158.5437772501517486
      -0.0000000000049586       0.0000000031930195    -158.0833346896638432
      -0.0000000000003664       0.0000000031944121    -157.3926782848343748
       0.0000000000064695       0.0000000031949829    -156.3567104548483826
       0.0000000000071209       0.0000000031951072    -155.2921230674676849
       0.0000000000072883       0.0000000031951113    -154.2275570215747393
       0.0000000000074797       0.0000000031950924    -153.1630123228238176
       0.0000000000076765       0.0000000031950747    -152.0984889720017463
       0.0000000000078733       0.0000000031950625    -151.0339869684520693
       0.0000000000080688       0.0000000031950547    -149.9695063112837090
       0.0000000000082626       0.0000000031950501    -148.9050469993501338
       0.0000000000084547       0.0000000031950474    -147.8406090316880750
       0.0000000000086454       0.0000000031950458    -146.7761924073721502
       0.0000000000088347       0.0000000031950448    -145.7117971255055977
       0.0000000000090226       0.0000000031950443    -144.6474231852073444
       0.0000000000092091       0.0000000031950440    -143.5830705856086240
       0.0000000000093942       0.0000000031950438    -142.5187393258442228
       0.0000000000095780       0.0000000031950437    -141.4544294050513429
       0.0000000000097604       0.0000000031950437    -140.3901408223743204
       0.0000000000099415       0.0000000031950437    -139.3258735769537680
       0.0000000000101213       0.0000000031950436    -138.2616276679344196
       0.0000000000102997       0.0000000031950436    -137.1974030944587071
       0.0000000000104768       0.0000000031950436    -136.1331998556710232
       0.0000000000106525       0.0000000031950436    -135.0690179507149935
       0.0000000000108269       0.0000000031950436    -134.0048573787364887
       0.0000000000110000       0.0000000031950436    -132.9407181388783954
       0.0000000000111717       0.0000000031950436    -131.8766002302858169
       0.0000000000113421       0.0000000031950436    -130.8125036521028903
       0.0000000000115112       0.0000000031950436    -129.7484284034738380
       0.0000000000116789       0.0000000031950436    -128.6843744835443317
       0.0000000000118453       0.0000000031950436    -127.6203418914584233
       0.0000000000120103       0.0000000031950436    -126.5563306263610883
       0.0000000000121741       0.0000000031950436    -125.4923406873963074
       0.0000000000123365       0.0000000031950436    -124.4283720737103351
       0.0000000000124975       0.0000000031950436    -123.3644247844470385
       0.0000000000126573       0.0000000031950436    -122.3004988187518904
       0.0000000000128157       0.0000000031950436    -121.2365941757688574
       0.0000000000129727       0.0000000031950436    -120.1727108546446914
       0.0000000000131285       0.0000000031950436    -119.1088488545226909
       0.0000000000132829       0.0000000031950436    -118.0450081745485562
       0.0000000000134360       0.0000000031950436    -116.9811888138682718
       0.0000000000135878       0.0000000031950436    -115.9173907716269980
       0.0000000000137382       0.0000000031950436    -114.8536140469684739
       0.0000000000138874       0.0000000031950436    -113.7898586390394513
       0.0000000000140352       0.0000000031950436    -112.7261245469853606
       0.0000000000141816       0.0000000031950436    -111.6624117699510634
       0.0000000000143268       0.0000000031950436    -110.5987203070825444
       0.0000000000144706       0.0000000031950436    -109.5350501575249638
       0.0000000000146131       0.0000000031950436    -108.4714013204242633
       0.0000000000147543       0.0000000031950436    -107.4077737949250348
       0.0000000000148942       0.0000000031950436    -106.3441675801752098
       0.0000000000150328       0.0000000031950436    -105.2805826753179588
       0.0000000000151700       0.0000000031950436    -104.2170190795010143
       0.0000000000153059       0.0000000031950436    -103.1534767918692239
       0.0000000000154405       0.0000000031950436    -102.0899558115689558
       0.0000000000155738       0.0000000031950436    -101.0264561377462940
       0.0000000000157058       0.0000000031950436     -99.9629777695469102
       0.0000000000158364       0.0000000031950436     -98.8995207061163768
       0.0000000000159657       0.0000000031950436     -97.8360849466021847
       0.0000000000160938       0.0000000031950436     -96.7726704901498067
       0.0000000000162205       0.0000000031950436     -95.7092773359045736
       0.0000000000163459       0.0000000031950436     -94.6459054830144026
       0.0000000000164700       0.0000000031950436     -93.5825549306242550
       0.0000000000165927       0.0000000031950436     -92.5192256778808826
       0.0000000000167142       0.0000000031950436     -91.4559177239311083
       0.0000000000168344       0.0000000031950436     -90.3926310679207177
       0.0000000000169532       0.0000000031950436     -89.3293657089975710
       0.0000000000170708       0.0000000031950436     -88.2661216463068996
       0.0000000000171870       0.0000000031950436     -87.2028988789955122
       0.0000000000173019       0.0000000031950436     -86.1396974062105016
       0.0000000000174155       0.0000000031950436     -85.0765172270986909
       0.0000000000175278       0.0000000031950436     -84.0133583408072298
       0.0000000000176388       0.0000000031950436     -82.9502207464813637
       0.0000000000177486       0.0000000031950436     -81.8871044432692656
       0.0000000000178569       0.0000000031950436     -80.8240094303175454
       0.0000000000179640       0.0000000031950436     -79.7609357067734663
       0.0000000000180698       0.0000000031950436     -78.6978832717836383
       0.0000000000181743       0.0000000031950436     -77.6348521244959500
       0.0000000000182775       0.0000000031950436     -76.5718422640564000
       0.0000000000183794       0.0000000031950436     -75.5088536896128204
       0.0000000000184800       0.0000000031950436     -74.4458864003126735
       0.0000000000185793       0.0000000031950436     -73.3829403953026258
       0.0000000000186773       0.0000000031950436     -72.3200156737305235
       0.0000000000187740       0.0000000031950436     -71.2571122347438717
       0.0000000000188694       0.0000000031950436     -70.1942300774894505
       0.0000000000189635       0.0000000031950436     -69.1313692011150920
       0.0000000000190563       0.0000000031950436     -68.0685296047692390
       0.0000000000191478       0.0000000031950436     -67.0057112876011445
       0.0000000000192380       0.0000000031950436     -65.9429142487702364
       0.0000000000193269       0.0000000031950436     -64.8801384874991385
       0.0000000000194146       0.0000000031950436     -63.8173840033689075
       0.0000000000195009       0.0000000031950436     -62.7546507979374510
       0.0000000000195858       0.0000000031950436     -61.6919388829173343
       0.0000000000196691       0.0000000031950436     -60.6292483136876257
       0.0000000000197502       0.0000000031950436     -59.5665792502862885
       0.0000000000198292       0.0000000031950436     -58.5039318613520649
       0.0000000000199079       0.0000000031950436     -57.4413061057368566
       0.0000000000199864       0.0000000031950436     -56.3787018290607023
       0.0000000000200645       0.0000000031950436     -55.3161189176245998
       0.0000000000201417       0.0000000031950436     -54.2535573157655477
       0.0000000000202177       0.0000000031950436     -53.1910169976367797
       0.0000000000202925       0.0000000031950436     -52.1284979534385116
       0.0000000000203659       0.0000000031950436     -51.0660001771934731
       0.0000000000204381       0.0000000031950436     -50.0035236701157331
       0.0000000000205089       0.0000000031950436     -48.9410684277805075
       0.0000000000205784       0.0000000031950436     -47.8786344497500451
       0.0000000000206466       0.0000000031950436     -46.8162217351070069
       0.0000000000207135       0.0000000031950436     -45.7538302830076731
       0.0000000000207791       0.0000000031950436     -44.6914600926003658
       0.0000000000208433       0.0000000031950436     -43.6291111630327606
       0.0000000000209062       0.0000000031950436     -42.5667834934542526
       0.0000000000209678       0.0000000031950436     -41.5044770830137963
       0.0000000000210280       0.0000000031950436     -40.4421919308602327
       0.0000000000210870       0.0000000031950436     -39.3799280361424238
       0.0000000000211446       0.0000000031950436     -38.3176853980094734
       0.0000000000212009       0.0000000031950436     -37.2554640156107055
       0.0000000000212558       0.0000000031950436     -36.1932638880947266
       0.0000000000213095       0.0000000031950436     -35.1310850146112799
       0.0000000000213619       0.0000000031950436     -34.0689273943090001
       0.0000000000214129       0.0000000031950436     -33.0067910263373960
       0.0000000000214626       0.0000000031950436     -31.9446759098982689
       0.0000000000215110       0.0000000031950436     -30.8825820440497907
       0.0000000000215581       0.0000000031950436     -29.8205094279723362
       0.0000000000216038       0.0000000031950436     -28.7584580607793612
       0.0000000000216483       0.0000000031950436     -27.6964279416966441
       0.0000000000216914       0.0000000031950434     -26.6344190698381098
       0.0000000000217332       0.0000000031950429     -25.5724314443355745
       0.0000000000217735       0.0000000031950410     -24.5104650643086011
       0.0000000000218118       0.0000000031950346     -23.4485199286565802
       0.0000000000218469       0.0000000031950126     -22.3865960358827181
       0.0000000000218742       0.0000000031949393     -21.3246933829677445
       0.0000000000218796       0.0000000031947008     -20.2628119621433385
       0.0000000000218209       0.0000000031939503     -19.2009517514763921
       0.0000000000215867       0.0000000031917261     -18.1391126916436036
       0.0000000000209663       0.0000000031858820     -17.0772946525936220
       0.0000000000197890       0.0000000031733490     -16.0154974468884426
       0.0000000000182920       0.0000000031523641     -14.9537209664730106
       0.0000000000169772       0.0000000031239677     -13.8919652715439721
       0.0000000000161154       0.0000000030906196     -12.8302305137105801
       0.0000000000156303       0.0000000030544412     -11.7685168194347085
       0.0000000000153832       0.0000000030167868     -10.7068242685560193
       0.0000000000152772       0.0000000029784077      -9.6451529081897540
       0.0000000000152329       0.0000000029396651      -8.5835027587410320
       0.0000000000152200       0.0000000029007429      -7.5218738303643153
       0.0000000000152301       0.0000000028617315      -6.4602661303433013
       0.0000000000152280       0.0000000028226511      -5.3986796543433906
       0.0000000000152392       0.0000000027835535      -4.3371144062922378
       0.0000000000152517       0.0000000027444483      -3.2755703862859700
       0.0000000000152635       0.0000000027053374      -2.2140475936460100
       0.0000000000152741       0.0000000026662212      -1.1525460275558774
       0.0000000000152834       0.0000000026270996      -0.0910656871723285
       0.0000000000152914       0.0000000025879727       0.9703934283525318
       0.0000000000152981       0.0000000025488406       2.0318313198674849
       0.0000000000153035       0.0000000025097031       3.0932479882215107
       0.0000000000153076       0.0000000024705604       4.1546434342635123
       0.0000000000153104       0.0000000024314123       5.2160176588424081
       0.0000000000153119       0.0000000023922590       6.2773706628069332
       0.0000000000153121       0.0000000023531004       7.3387024470057964
       0.0000000000153110       0.0000000023139365       8.4000130122879408
       0.0000000000153086       0.0000000022747673       9.4613023595018131
       0.0000000000153049       0.0000000022355928      10.5225704894960845
       0.0000000000153000       0.0000000021964130      11.5838174031194754
       0.0000000000152937       0.0000000021572279      12.6450431012203346
       0.0000000000152861       0.0000000021180375      13.7062475846470093
       0.0000000000152773       0.0000000020788419      14.7674308542481896
       0.0000000000152671       0.0000000020396409      15.8285929108721017
       0.0000000000152557       0.0000000020004347      16.8897337553670859
       0.0000000000152430       0.0000000019612232      17.9508533885812156
       0.0000000000152290       0.0000000019220064      19.0119518113629766
       0.0000000000152137       0.0000000018827843      20.0730290245604728
       0.0000000000151971       0.0000000018435569      21.1340850290216800
       0.0000000000151792       0.0000000018043242      22.1951198255946522
       0.0000000000151601       0.0000000017650863      23.2561334151274330
       0.0000000000151396       0.0000000017258430      24.3171257984682008
       0.0000000000151179       0.0000000016865945      25.3780969764646329
       0.0000000000150949       0.0000000016473407      26.4390469499643608
       0.0000000000150705       0.0000000016080816      27.4999757198155166
       0.0000000000150450       0.0000000015688172      28.5608832868658524
       0.0000000000150181       0.0000000015295475      29.6217696519629818
       0.0000000000149899       0.0000000014902726      30.6826348159543691
       0.0000000000149605       0.0000000014509923      31.7434787796879121
       0.0000000000149298       0.0000000014117068      32.8043015440109329
       0.0000000000148978       0.0000000013724160      33.8651031097712547
       0.0000000000148645       0.0000000013331199      34.9258834778158445
       0.0000000000148299       0.0000000012938186      35.9866426489922446
       0.0000000000147941       0.0000000012545119      37.0473806241482606
       0.0000000000147570       0.0000000012152000      38.1080974041305467
       0.0000000000147186       0.0000000011758828      39.1687929897867804
       0.0000000000146789       0.0000000011365603      40.2294673819638859
       0.0000000000146380       0.0000000010972325      41.2901205815089796
       0.0000000000145957       0.0000000010578994      42.3507525892695114
       0.0000000000145522       0.0000000010185611      43.4113634060919935
       0.0000000000145075       0.0000000009792175      44.4719530328239898
       0.0000000000144614       0.0000000009398686      45.5325214703122256
       0.0000000000144141       0.0000000009005144      46.5930687194030924
       0.0000000000143655       0.0000000008611550      47.6535947809438483
       0.0000000000143156       0.0000000008217902      48.7140996557813892
       0.0000000000142645       0.0000000007824202      49.7745833447624690
       0.0000000000142121       0.0000000007430449      50.8350458487335146
       0.0000000000141584       0.0000000007036644      51.8954871685414147
       0.0000000000141034       0.0000000006642785      52.9559073050320563
       0.0000000000140472       0.0000000006248874      54.0163062590532590
       0.0000000000139897       0.0000000005854910      55.0766840314503412
       0.0000000000139310       0.0000000005460893      56.1370406230698791
       0.0000000000138709       0.0000000005066824      57.1973760347589462
       0.0000000000138097       0.0000000004672702      58.2576902673630244
       0.0000000000137471       0.0000000004278527      59.3179833217294714
       0.0000000000136833       0.0000000003884299      60.3782551987031155
       0.0000000000136182       0.0000000003490018      61.4385058991313358
       0.0000000000135518       0.0000000003095685      62.4987354238593369
       0.0000000000134842       0.0000000002701299      63.5589437737338088
       0.0000000000134153       0.0000000002306861      64.6191309496008586
       0.0000000000133452       0.0000000001912369      65.6792969523057764
       0.0000000000132738       0.0000000001517825      66.7394417826951241
       0.0000000000132011       0.0000000001123228      67.7995654416142628
       0.0000000000131272       0.0000000000728579      68.8596679299097900
       0.0000000000130520       0.0000000000333876      69.9197492484264842
       0.0000000000129755      -0.0000000000060879      70.9798093980110423
       0.0000000000128978      -0.0000000000455686      72.0398483795082569
       0.0000000000128189      -0.0000000000850547      73.0998661937644698
       0.0000000000127387      -0.0000000001245460      74.1598628416246157
       0.0000000000126572      -0.0000000001640426      75.2198383239341553
       0.0000000000125744      -0.0000000002035444      76.2797926415393022
       0.0000000000124904      -0.0000000002430515      77.3397257952849912
       0.0000000000124052      -0.0000000002825639      78.3996377860162141
       0.0000000000123187      -0.0000000003220816      79.4595286145794404
       0.0000000000122309      -0.0000000003616045      80.5193982818188090
       0.0000000000121419      -0.0000000004011327      81.5792467885803205
       0.0000000000120517      -0.0000000004406662      82.6390741357082987
       0.0000000000119601      -0.0000000004802049      83.6988803240483179
       0.0000000000118674      -0.0000000005197489      84.7586653544459523
       0.0000000000117734      -0.0000000005592981      85.8184292277450282
       0.0000000000116781      -0.0000000005988527      86.8781719447913474
       0.0000000000115816      -0.0000000006384125      87.9378935064296599
       0.0000000000114838      -0.0000000006779775      88.9975939135042324
       0.0000000000113848      -0.0000000007175478      90.0572731668612647
       0.0000000000112845      -0.0000000007571234      91.1169312673439862
       0.0000000000111830      -0.0000000007967043      92.1765682157983264
       0.0000000000110803      -0.0000000008362904      93.2361840130682538
       0.0000000000109763      -0.0000000008758818      94.2957786599986036
       0.0000000000108710      -0.0000000009154784      95.3553521574329324
       0.0000000000107645      -0.0000000009550803      96.4149045062181216
       0.0000000000106568      -0.0000000009946875      97.4744357071954681
       0.0000000000105478      -0.0000000010342999      98.5339457612127489
       0.0000000000104376      -0.0000000010739176      99.5934346691108630
       0.0000000000103261      -0.0000000011135406     100.6529024317365639
       0.0000000000102134      -0.0000000011531688     101.7123490499337777
       0.0000000000100994      -0.0000000011928023     102.7717745245458616
       0.0000000000099842      -0.0000000012324410     103.8311788564172247
       0.0000000000098678      -0.0000000012720850     104.8905620463928585
       0.0000000000097501      -0.0000000013117343     105.9499240953155663
       0.0000000000096312      -0.0000000013513888     107.0092650040295439
       0.0000000000095111      -0.0000000013910486     108.0685847733798397
       0.0000000000093897      -0.0000000014307136     109.1278834042095696
       0.0000000000092670      -0.0000000014703839     110.1871608973620056
       0.0000000000091432      -0.0000000015100595     111.2464172536814715
       0.0000000000090181      -0.0000000015497403     112.3056524740118931
       0.0000000000088917      -0.0000000015894264     113.3648665591964573
       0.0000000000087642      -0.0000000016291177     114.4240595100802835
       0.0000000000086354      -0.0000000016688143     115.4832313275049245
       0.0000000000085053      -0.0000000017085161     116.5423820123151444
       0.0000000000083741      -0.0000000017482232     117.6015115653535474
       0.0000000000082416      -0.0000000017879356     118.6606199874644432
       0.0000000000081078      -0.0000000018276532     119.7197072794912600
       0.0000000000079729      -0.0000000018673760     120.7787734422768438
       0.0000000000078367      -0.0000000019071041     121.8378184766648644
       0.0000000000076992      -0.0000000019468375     122.8968423834973436
       0.0000000000075606      -0.0000000019865761     123.9558451636197560
       0.0000000000074207      -0.0000000020263200     125.0148268178730149
       0.0000000000072796      -0.0000000020660692     126.0737873471010744
       0.0000000000071372      -0.0000000021058236     127.1327267521474056
       0.0000000000069937      -0.0000000021455832     128.1916450338552522
       0.0000000000068489      -0.0000000021853481     129.2505421930656553
       0.0000000000067029      -0.0000000022251182     130.3094182306229811
       0.0000000000065556      -0.0000000022648936     131.3682731473701892
       0.0000000000064068      -0.0000000023046743     132.4271069442062583
       0.0000000000062573      -0.0000000023444593     133.4859196218949080
       0.0000000000061065      -0.0000000023842491     134.5447111812836170
       0.0000000000059544      -0.0000000024240440     135.6034816232238143
       0.0000000000058010      -0.0000000024638441     136.6622309485628364
       0.0000000000056464      -0.0000000025036493     137.7209591581442396
       0.0000000000054906      -0.0000000025434598     138.7796662528105287
       0.0000000000053336      -0.0000000025832755     139.8383522334046631
       0.0000000000051754      -0.0000000026230964     140.8970171007670444
       0.0000000000050159      -0.0000000026629224     141.9556608557390120
       0.0000000000048553      -0.0000000027027536     143.0142834991568463
       0.0000000000046934      -0.0000000027425898     144.0728850318555772
       0.0000000000045304      -0.0000000027824309     145.1314654546623046
       0.0000000000043661      -0.0000000028222765     146.1900247683974499
       0.0000000000042008      -0.0000000028621263     147.2485629738599471
       0.0000000000040344      -0.0000000029019795     148.3070800718273574
       0.0000000000038670      -0.0000000029418347     149.3655760630275608
       0.0000000000036987      -0.0000000029816897     150.4240509481118977
       0.0000000000035300      -0.0000000030215409     151.4825047276013379
       0.0000000000033611      -0.0000000030613822     152.5409374018119308
       0.0000000000031929      -0.0000000031012036     153.5993489707124127
       0.0000000000030264      -0.0000000031409884     154.6577394337105886
       0.0000000000028636      -0.0000000031807098     155.7161087893192644
       0.0000000000027075      -0.0000000032203248     156.7744570346380044
       0.0000000000025625      -0.0000000032597651     157.8327841646004401
       0.0000000000024354      -0.0000000032989258     158.8910901709644179
      -0.0000000000123437      -0.0000000033022796     158.9817938426184298
      -0.0000000000138782      -0.0000000033024730     158.9765023825076753
      -0.0000000000138769      -0.0000000033026642     158.9712109218586136
      -0.0000000000139499      -0.0000000033029461     158.9632737298522045
      -0.0000000000140585      -0.0000000033033584     158.9513679395245447
      -0.0000000000142191      -0.0000000033039541     158.9335092488095142
      -0.0000000000144555      -0.0000000033048001     158.9067212009562127
      -0.0000000000148011      -0.0000000033059722     158.8665391026346754
      -0.0000000000153030      -0.0000000033075413     158.8062658953865878
      -0.0000000000160268      -0.0000000033095452     158.7158559502830997
      -0.0000000000170667      -0.0000000033119471     158.5802407320070699
      -0.0000000000185623      -0.0000000033145899     158.3768172331020594
      -0.0000000000207289      -0.0000000033171749     158.0716804870780265
      -0.0000000000239130      -0.0000000033193085     157.6139720267240705
      -0.0000000000287314      -0.0000000033206428     156.9274018844632224
      -0.0000000000359081      -0.0000000033211651     155.8975299520724889
      -0.0000000000362366      -0.0000000033212706     154.8391651131165361
      -0.0000000000360212      -0.0000000033212700     153.7807791659237751
      -0.0000000000358304      -0.0000000033212511     152.7223721157224361
      -0.0000000000356465      -0.0000000033212346     151.6639439631153721
      -0.0000000000354649      -0.0000000033212234     150.6054947073992594
      -0.0000000000352845      -0.0000000033212165     149.5470243476775352
      -0.0000000000351048      -0.0000000033212123     148.4885328828378022
      -0.0000000000349260      -0.0000000033212099     147.4300203119393302
      -0.0000000000347483      -0.0000000033212084     146.3714866340817196
      -0.0000000000345717      -0.0000000033212076     145.3129318483819077
      -0.0000000000343962      -0.0000000033212071     144.2543559539793989
      -0.0000000000342218      -0.0000000033212069     143.1957589500175629
      -0.0000000000340486      -0.0000000033212067     142.1371408356467612
      -0.0000000000338765      -0.0000000033212066     141.0785016100219025
      -0.0000000000337056      -0.0000000033212066     140.0198412722962757
      -0.0000000000335359      -0.0000000033212066     138.9611598216265520
      -0.0000000000333673      -0.0000000033212065     137.9024572571699707
      -0.0000000000331999      -0.0000000033212065     136.8437335780845672
      -0.0000000000330337      -0.0000000033212065     135.7849887835257334
      -0.0000000000328687      -0.0000000033212065     134.7262228726513058
      -0.0000000000327048      -0.0000000033212065     133.6674358446190070
      -0.0000000000325420      -0.0000000033212065     132.6086276985862185
      -0.0000000000323805      -0.0000000033212065     131.5497984337094408
      -0.0000000000322201      -0.0000000033212065     130.4909480491463967
      -0.0000000000320609      -0.0000000033212065     129.4320765440535297
      -0.0000000000319029      -0.0000000033212065     128.3731839175894152
      -0.0000000000317461      -0.0000000033212065     127.3142701689099283
      -0.0000000000315904      -0.0000000033212065     126.2553352971734455
      -0.0000000000314359      -0.0000000033212065     125.1963793015352309
      -0.0000000000312826      -0.0000000033212065     124.1374021811529360
      -0.0000000000311304      -0.0000000033212065     123.0784039351838572
      -0.0000000000309795      -0.0000000033212065     122.0193845627842819
      -0.0000000000308297      -0.0000000033212065     120.9603440631114637
      -0.0000000000306811      -0.0000000033212065     119.9012824353215905
      -0.0000000000305337      -0.0000000033212065     118.8421996785713901
      -0.0000000000303874      -0.0000000033212065     117.7830957920178037
      -0.0000000000302424      -0.0000000033212065     116.7239707748169195
      -0.0000000000300985      -0.0000000033212065     115.6648246261262898
      -0.0000000000299558      -0.0000000033212065     114.6056573451017755
      -0.0000000000298143      -0.0000000033212065     113.5464689308988966
      -0.0000000000296739      -0.0000000033212065     112.4872593826757452
      -0.0000000000295348      -0.0000000033212065     111.4280286995869886
      -0.0000000000293968      -0.0000000033212065     110.3687768807904206
      -0.0000000000292600      -0.0000000033212065     109.3095039254407652
      -0.0000000000291244      -0.0000000033212065     108.2502098326951625
      -0.0000000000289900      -0.0000000033212065     107.1908946017103119
      -0.0000000000288568      -0.0000000033212065     106.1315582316407813
      -0.0000000000287248      -0.0000000033212065     105.0722007216439380
      -0.0000000000285939      -0.0000000033212065     104.0128220708738809
      -0.0000000000284643      -0.0000000033212065     102.9534222784887447
      -0.0000000000283358      -0.0000000033212065     101.8940013436433532
      -0.0000000000282086      -0.0000000033212065     100.8345592654933256
      -0.0000000000280825      -0.0000000033212065      99.7750960431944662
      -0.0000000000279576      -0.0000000033212065      98.7156116759038298
      -0.0000000000278339      -0.0000000033212065      97.6561061627744351
      -0.0000000000277114      -0.0000000033212065      96.5965795029642038
      -0.0000000000275901      -0.0000000033212065      95.5370316956280021
      -0.0000000000274700      -0.0000000033212065      94.4774627399208242
      -0.0000000000273510      -0.0000000033212065      93.4178726349986164
      -0.0000000000272333      -0.0000000033212065      92.3582613800174101
      -0.0000000000271168      -0.0000000033212065      91.2986289741306649
      -0.0000000000270015      -0.0000000033212065      90.2389754164963875
      -0.0000000000268873      -0.0000000033212065      89.1793007062671563
      -0.0000000000267744      -0.0000000033212065      88.1196048425998697
      -0.0000000000266626      -0.0000000033212065      87.0598878246494650
      -0.0000000000265521      -0.0000000033212065      86.0001496515707373
      -0.0000000000264428      -0.0000000033212065      84.9403903225184678
      -0.0000000000263346      -0.0000000033212065      83.8806098366480200
      -0.0000000000262277      -0.0000000033212065      82.8208081931145728
      -0.0000000000261220      -0.0000000033212065      81.7609853910720688
      -0.0000000000260174      -0.0000000033212065      80.7011414296767526
      -0.0000000000259141      -0.0000000033212065      79.6412763080825528
      -0.0000000000258120      -0.0000000033212065      78.5813900254448185
      -0.0000000000257110      -0.0000000033212065      77.5214825809177768
      -0.0000000000256113      -0.0000000033212065      76.4615539736553842
      -0.0000000000255128      -0.0000000033212065      75.4016042028133739
      -0.0000000000254155      -0.0000000033212065      74.3416332675461433
      -0.0000000000253194      -0.0000000033212065      73.2816411670077201
      -0.0000000000252245      -0.0000000033212065      72.2216279003528285
      -0.0000000000251308      -0.0000000033212065      71.1615934667360932
      -0.0000000000250384      -0.0000000033212065      70.1015378653117978
      -0.0000000000249471      -0.0000000033212065      69.0414610952352348
      -0.0000000000248571      -0.0000000033212065      67.9813631556670401
      -0.0000000000247682      -0.0000000033212065      66.9212440458020552
      -0.0000000000246806      -0.0000000033212065      65.8611037650417188
      -0.0000000000245942      -0.0000000033212065      64.8009423139590979
      -0.0000000000245090      -0.0000000033212065      63.7407596994250696
      -0.0000000000244253      -0.0000000033212065      62.6805559580557059
      -0.0000000000243437      -0.0000000033212065      61.6203312193595423
      -0.0000000000242642      -0.0000000033212065      60.5600856837185901
      -0.0000000000241856      -0.0000000033212065      59.4998193773707555
      -0.0000000000241068      -0.0000000033212065      58.4395321511524557
      -0.0000000000240282      -0.0000000033212065      57.3792238685050151
      -0.0000000000239504      -0.0000000033212065      56.3188944592887708
      -0.0000000000238736      -0.0000000033212065      55.2585438896846739
      -0.0000000000237980      -0.0000000033212065      54.1981721473804470
      -0.0000000000237236      -0.0000000033212065      53.1377792250153931
      -0.0000000000236504      -0.0000000033212065      52.0773651240815667
      -0.0000000000235785      -0.0000000033212065      51.0169298392324890
      -0.0000000000235078      -0.0000000033212065      49.9564733701667620
      -0.0000000000234384      -0.0000000033212065      48.8959957159537737
      -0.0000000000233703      -0.0000000033212065      47.8354968757557089
      -0.0000000000233034      -0.0000000033212065      46.7749768487256574
      -0.0000000000232378      -0.0000000033212065      45.7144356340163611
      -0.0000000000231735      -0.0000000033212065      44.6538732307812936
      -0.0000000000231104      -0.0000000033212065      43.5932896381733812
      -0.0000000000230487      -0.0000000033212065      42.5326848553457921
      -0.0000000000229881      -0.0000000033212065      41.4720588814512325
      -0.0000000000229289      -0.0000000033212065      40.4114117156429273
      -0.0000000000228709      -0.0000000033212065      39.3507433570739380
      -0.0000000000228142      -0.0000000033212065      38.2900538048968073
      -0.0000000000227587      -0.0000000033212065      37.2293430582642557
      -0.0000000000227046      -0.0000000033212065      36.1686111163296005
      -0.0000000000226517      -0.0000000033212065      35.1078579781929534
      -0.0000000000226000      -0.0000000033212065      34.0470836430975794
      -0.0000000000225497      -0.0000000033212065      32.9862881101654537
      -0.0000000000225006      -0.0000000033212065      31.9254713785846960
      -0.0000000000224528      -0.0000000033212065      30.8646334474286093
      -0.0000000000224063      -0.0000000033212063      29.8037743158760762
      -0.0000000000223610      -0.0000000033212058      28.7428939830665016
      -0.0000000000223167      -0.0000000033212039      27.6819924480594572
      -0.0000000000222732      -0.0000000033211973      26.6210697098587694
      -0.0000000000222289      -0.0000000033211747      25.5601257669135897
      -0.0000000000221791      -0.0000000033210989      24.4991606161139401
      -0.0000000000221091      -0.0000000033208508      23.4381742493792551
      -0.0000000000219744      -0.0000000033200668      22.3771666437530463
      -0.0000000000216583      -0.0000000033177394      21.3161377371145839
      -0.0000000000209438      -0.0000000033116414      20.2550873945400305
      -0.0000000000196687      -0.0000000032986716      19.1940154265742606
      -0.0000000000180966      -0.0000000032771789      18.1329217319235809
      -0.0000000000167354      -0.0000000032483432      17.0718063793712460
      -0.0000000000158371      -0.0000000032146670      16.0106695228510993
      -0.0000000000153152      -0.0000000031782528      14.9495112877698126
      -0.0000000000150289      -0.0000000031404238      13.8883317522231184
      -0.0000000000148815      -0.0000000031019075      12.8271309617036593
      -0.0000000000147965      -0.0000000030630530      11.7659089359332150
      -0.0000000000147442      -0.0000000030240370      10.7046656846587318
      -0.0000000000147155      -0.0000000029849463       9.6434012146497956
      -0.0000000000146796      -0.0000000029458029       8.5821155220019971
      -0.0000000000146583      -0.0000000029066539       7.5208086104021703
      -0.0000000000146406      -0.0000000028675082       6.4594804798400611
      -0.0000000000146247      -0.0000000028283675       5.3981311296231862
      -0.0000000000146102      -0.0000000027892319       4.3367605589316041
      -0.0000000000145970      -0.0000000027501016       3.2753687669218685
      -0.0000000000145851      -0.0000000027109767       2.2139557527460689
      -0.0000000000145745      -0.0000000026718570       1.1525215155555455
      -0.0000000000145652      -0.0000000026327426       0.0910660545013225
      -0.0000000000008045      -0.0000000026293904       0.0000904818604543
