       0.0000000000000000       0.0000000000000000       0.0000000000000000       0.0000000000000000       0.0000000000000000       0.0000000000000000       0.0000000000000000       0.0000000000000000       0.0000000000000000       0.0000000000000000       0.0000000000000000       0.0000000000000000
       0.0000000000000000       0.0000000000000000       0.0000000000000000       0.0000000000000000       0.0000000000000000       0.0000000000000000       0.0000000000000000       0.0000000000000000       0.0000000000000000       0.0000000000000000       0.0000000000000000       0.0000000000000000
       0.0000000000000000       0.0000000000000000       0.0000000000000000       0.0000000000000000       0.0000000000000000       0.0000000000000000       0.0000000000000000       0.0000000000000000       0.0000000000000000       0.0000000000000000       0.0000000000000000       0.0000000000000000
       0.0000000000000000       0.0000000000000000       0.0000000000000000       0.0000000000000000       0.0000000000000000       0.0000000000000000       0.0000000000000000       0.0000000000000000       0.0000000000000000       0.0000000000000000       0.0000000000000000       0.0000000000000000
       0.0000000000000000       0.0000000000000000       0.0000000000000000       0.0000000000000000       0.0000000000000000       0.0000000000000000       0.0000000000000000       0.0000000000000000       0.0000000000000000       0.0000000000000000       0.0000000000000000       0.0000000000000000
       0.0000000000000000       0.0000000000000000       0.0000000000000000       0.0000000000000000       0.0000000000000000       0.0000000000000000       0.0000000000000000       0.0000000000000000       0.0000000000000000       0.0000000000000000       0.0000000000000000       0.0000000000000000
       0.0000000000000000       0.0000000000000000       0.0000000000000000       0.0000000000000000       0.0000000000000000       0.0000000000000000       0.0000000000000000       0.0000000000000000       0.0000000000000000       0.0000000000000000       0.0000000000000000       0.0000000000000000
       0.0000000000000000       0.0000000000000000       0.0000000000000000       0.0000000000000000       0.0000000000000000       0.0000000000000000       0.0000000000000000       0.0000000000000000       0.0000000000000000       0.0000000000000000       0.0000000000000000       0.0000000000000000
       0.0000000000000000       0.0000000000000000       0.0000000000000000       0.0000000000000000       0.0000000000000000       0.0000000000000000       0.0000000000000000       0.0000000000000000       0.0000000000000000       0.0000000000000000       0.0000000000000000       0.0000000000000000
       0.0000000000000000       0.0000000000000000       0.0000000000000000       0.0000000000000000       0.0000000000000000       0.0000000000000000       0.0000000000000000       0.0000000000000000       0.0000000000000000       0.0000000000000000       0.0000000000000000       0.0000000000000000
       0.0000000000000000       0.0000000000000000       0.0000000000000000       0.0000000000000000       0.0000000000000000       0.0000000000000000       0.0000000000000000       0.0000000000000000       0.0000000000000000       0.0000000000000000       0.0000000000000000       0.0000000000000000
       0.0000000000000000       0.0000000000000000       0.0000000000000000       0.0000000000000000       0.0000000000000000       0.0000000000000000       0.0000000000000000       0.0000000000000000       0.0000000000000000       0.0000000000000000       0.0000000000000000       0.0000000000000000
       0.0000000000000000       0.0000000000000000       0.0000000000000000       0.0000000000000000       0.0000000000000000       0.0000000000000000       0.0000000000000000       0.0000000000000000       0.0000000000000000       0.0000000000000000       0.0000000000000000       0.0000000000000000
       0.0000000000000000       0.0000000000000000       0.0000000000000000       0.0000000000000000       0.0000000000000000       0.0000000000000000       0.0000000000000000       0.0000000000000000       0.0000000000000000       0.0000000000000000       0.0000000000000000       0.0000000000000000
       0.0000000000000000       0.0000000000000000       0.0000000000000000       0.0000000000000000       0.0000000000000000       0.0000000000000000       0.0000000000000000       0.0000000000000000       0.0000000000000000       0.0000000000000000       0.0000000000000000       0.0000000000000000
       0.0000000000000000       0.0000000000000000       0.0000000000000000       0.0000000000000000       0.0000000000000000       0.0000000000000000       0.0000000000000000       0.0000000000000000       0.0000000000000000       0.0000000000000000       0.0000000000000000       0.0000000000000000
       0.0000000000000000       0.0000000000000000       0.0000000000000000       0.0000000000000000       0.0000000000000000       0.0000000000000000       0.0000000000000000       0.0000000000000000       0.0000000000000000       0.0000000000000000       0.0000000000000000       0.0000000000000000
       0.0000000000000000       0.0000000000000000       0.0000000000000000       0.0000000000000000       0.0000000000000000       0.0000000000000000       0.0000000000000000       0.0000000000000000       0.0000000000000000       0.0000000000000000       0.0000000000000000       0.0000000000000000
       0.0000000000000000       0.0000000000000000       0.0000000000000000       0.0000000000000000       0.0000000000000000       0.0000000000000000       0.0000000000000000       0.0000000000000000       0.0000000000000000       0.0000000000000000       0.0000000000000000       0.0000000000000000
       0.0000000000000000       0.0000000000000000       0.0000000000000000       0.0000000000000000       0.0000000000000000       0.0000000000000000       0.0000000000000000       0.0000000000000000       0.0000000000000000       0.0000000000000000       0.0000000000000000       0.0000000000000000
       0.0000000000000000       0.0000000000000000       0.0000000000000000       0.0000000000000000       0.0000000000000000       0.0000000000000000       0.0000000000000000       0.0000000000000000       0.0000000000000000       0.0000000000000000       0.0000000000000000       0.0000000000000000
       0.0000000000000000       0.0000000000000000       0.0000000000000000       0.0000000000000000       0.0000000000000000       0.0000000000000000       0.0000000000000000       0.0000000000000000       0.0000000000000000       0.0000000000000000       0.0000000000000000       0.0000000000000000
       0.0000000000000000       0.0000000000000000       0.0000000000000000       0.0000000000000000       0.0000000000000000       0.0000000000000000       0.0000000000000000       0.0000000000000000       0.0000000000000000       0.0000000000000000       0.0000000000000000       0.0000000000000000
       0.0000000000000000       0.0000000000000000       0.0000000000000000       0.0000000000000000       0.0000000000000000       0.0000000000000000       0.0000000000000000       0.0000000000000000       0.0000000000000000       0.0000000000000000       0.0000000000000000       0.0000000000000000
       0.0000000000000000       0.0000000000000000       0.0000000000000000       0.0000000000000000       0.0000000000000000       0.0000000000000000       0.0000000000000000       0.0000000000000000       0.0000000000000000       0.0000000000000000       0.0000000000000000       0.0000000000000000
       0.0000000000000000       0.0000000000000000       0.0000000000000000       0.0000000000000000       0.0000000000000000       0.0000000000000000       0.0000000000000000       0.0000000000000000       0.0000000000000000       0.0000000000000000       0.0000000000000000       0.0000000000000000
       0.0000000000000000       0.0000000000000000       0.0000000000000000       0.0000000000000000       0.0000000000000000       0.0000000000000000       0.0000000000000000       0.0000000000000000       0.0000000000000000       0.0000000000000000       0.0000000000000000       0.0000000000000000
       0.0000000000000000       0.0000000000000000       0.0000000000000000       0.0000000000000000       0.0000000000000000       0.0000000000000000       0.0000000000000000       0.0000000000000000       0.0000000000000000       0.0000000000000000       0.0000000000000000       0.0000000000000000
       0.0000000000000000       0.0000000000000000       0.0000000000000000       0.0000000000000000       0.0000000000000000       0.0000000000000000       0.0000000000000000       0.0000000000000000       0.0000000000000000       0.0000000000000000       0.0000000000000000       0.0000000000000000
       0.0000000000000000       0.0000000000000000       0.0000000000000000       0.0000000000000000       0.0000000000000000       0.0000000000000000       0.0000000000000000       0.0000000000000000       0.0000000000000000       0.0000000000000000       0.0000000000000000       0.0000000000000000
       0.0000000000000000       0.0000000000000000       0.0000000000000000       0.0000000000000000       0.0000000000000000       0.0000000000000000       0.0000000000000000       0.0000000000000000       0.0000000000000000       0.0000000000000000       0.0000000000000000       0.0000000000000000
       0.0000000000000000       0.0000000000000000       0.0000000000000000       0.0000000000000000       0.0000000000000000       0.0000000000000000       0.0000000000000000       0.0000000000000000       0.0000000000000000       0.0000000000000000       0.0000000000000000       0.0000000000000000
       0.0000000000000000       0.0000000000000000       0.0000000000000000       0.0000000000000000       0.0000000000000000       0.0000000000000000       0.0000000000000000       0.0000000000000000       0.0000000000000000       0.0000000000000000       0.0000000000000000       0.0000000000000000
       0.0000000000000000       0.0000000000000000       0.0000000000000000       0.0000000000000000       0.0000000000000000       0.0000000000000000       0.0000000000000000       0.0000000000000000       0.0000000000000000       0.0000000000000000       0.0000000000000000       0.0000000000000000
       0.0000000000000000       0.0000000000000000       0.0000000000000000       0.0000000000000000       0.0000000000000000       0.0000000000000000       0.0000000000000000       0.0000000000000000       0.0000000000000000       0.0000000000000000       0.0000000000000000       0.0000000000000000
       0.0000000000000000       0.0000000000000000       0.0000000000000000       0.0000000000000000       0.0000000000000000       0.0000000000000000       0.0000000000000000       0.0000000000000000       0.0000000000000000       0.0000000000000000       0.0000000000000000       0.0000000000000000
       0.0000000000000000       0.0000000000000000       0.0000000000000000       0.0000000000000000       0.0000000000000000       0.0000000000000000       0.0000000000000000       0.0000000000000000       0.0000000000000000       0.0000000000000000       0.0000000000000000       0.0000000000000000
       0.0000000000000000       0.0000000000000000       0.0000000000000000       0.0000000000000000       0.0000000000000000       0.0000000000000000       0.0000000000000000       0.0000000000000000       0.0000000000000000       0.0000000000000000       0.0000000000000000       0.0000000000000000
       0.0000000000000000       0.0000000000000000       0.0000000000000000       0.0000000000000000       0.0000000000000000       0.0000000000000000       0.0000000000000000       0.0000000000000000       0.0000000000000000       0.0000000000000000       0.0000000000000000       0.0000000000000000
       0.0000000000000000       0.0000000000000000       0.0000000000000000       0.0000000000000000       0.0000000000000000       0.0000000000000000       0.0000000000000000       0.0000000000000000       0.0000000000000000       0.0000000000000000       0.0000000000000000       0.0000000000000000
       0.0000000000000000       0.0000000000000000       0.0000000000000000       0.0000000000000000       0.0000000000000000       0.0000000000000000       0.0000000000000000       0.0000000000000000       0.0000000000000000       0.0000000000000000       0.0000000000000000       0.0000000000000000
       0.0000000000000000       0.0000000000000000       0.0000000000000000       0.0000000000000000       0.0000000000000000       0.0000000000000000       0.0000000000000000       0.0000000000000000       0.0000000000000000       0.0000000000000000       0.0000000000000000       0.0000000000000000
       0.0000000000000000       0.0000000000000000       0.0000000000000000       0.0000000000000000       0.0000000000000000       0.0000000000000000       0.0000000000000000       0.0000000000000000       0.0000000000000000       0.0000000000000000       0.0000000000000000       0.0000000000000000
       0.0000000000000000       0.0000000000000000       0.0000000000000000       0.0000000000000000       0.0000000000000000       0.0000000000000000       0.0000000000000000       0.0000000000000000       0.0000000000000000       0.0000000000000000       0.0000000000000000       0.0000000000000000
       0.0000000000000000       0.0000000000000000       0.0000000000000000       0.0000000000000000       0.0000000000000000       0.0000000000000000       0.0000000000000000       0.0000000000000000       0.0000000000000000       0.0000000000000000       0.0000000000000000       0.0000000000000000
       0.0000000000000000       0.0000000000000000       0.0000000000000000       0.0000000000000000       0.0000000000000000       0.0000000000000000       0.0000000000000000       0.0000000000000000       0.0000000000000000       0.0000000000000000       0.0000000000000000       0.0000000000000000
       0.0000000000000000       0.0000000000000000       0.0000000000000000       0.0000000000000000       0.0000000000000000       0.0000000000000000       0.0000000000000000       0.0000000000000000       0.0000000000000000       0.0000000000000000       0.0000000000000000       0.0000000000000000
       0.0000000000000000       0.0000000000000000       0.0000000000000000       0.0000000000000000       0.0000000000000000       0.0000000000000000       0.0000000000000000       0.0000000000000000       0.0000000000000000       0.0000000000000000       0.0000000000000000       0.0000000000000000
       0.0000000000000000       0.0000000000000000       0.0000000000000000       0.0000000000000000       0.0000000000000000       0.0000000000000000       0.0000000000000000       0.0000000000000000       0.0000000000000000       0.0000000000000000       0.0000000000000000       0.0000000000000000
       0.0000000000000000       0.0000000000000000       0.0000000000000000       0.0000000000000000       0.0000000000000000       0.0000000000000000       0.0000000000000000       0.0000000000000000       0.0000000000000000       0.0000000000000000       0.0000000000000000       0.0000000000000000
       0.0000000000000000       0.0000000000000000       0.0000000000000000       0.0000000000000000       0.0000000000000000       0.0000000000000000       0.0000000000000000       0.0000000000000000       0.0000000000000000       0.0000000000000000       0.0000000000000000       0.0000000000000000
       0.0000000000000000      -0.0000000000000003       0.0000000000000003       0.0000000000000000      -0.0000000000000003       0.0000000000000003       0.0000000000000000      -0.0000000000000003       0.0000000000000003       0.0000000000000000      -0.0000000000000003       0.0000000000000003
       0.0000000000000000      -0.0000000000000020       0.0000000000000020       0.0000000000000000      -0.0000000000000020       0.0000000000000020       0.0000000000000000      -0.0000000000000020       0.0000000000000020       0.0000000000000000      -0.0000000000000020       0.0000000000000020
       0.0000000000000000      -0.0000000000000122       0.0000000000000122       0.0000000000000000      -0.0000000000000122       0.0000000000000122       0.0000000000000000      -0.0000000000000122       0.0000000000000122       0.0000000000000000      -0.0000000000000122       0.0000000000000122
       0.0000000000000000      -0.0000000000000721       0.0000000000000724       0.0000000000000000      -0.0000000000000722       0.0000000000000724       0.0000000000000000      -0.0000000000000722       0.0000000000000725       0.0000000000000000      -0.0000000000000723       0.0000000000000725
       0.0000000000000000      -0.0000000000004105       0.0000000000004120       0.0000000000000000      -0.0000000000004111       0.0000000000004121       0.0000000000000000      -0.0000000000004110       0.0000000000004125       0.0000000000000000      -0.0000000000004115       0.0000000000004125
       0.0000000000000000      -0.0000000000022481       0.0000000000022563       0.0000000000000000      -0.0000000000022510       0.0000000000022564       0.0000000000000000      -0.0000000000022505       0.0000000000022587       0.0000000000000000      -0.0000000000022533       0.0000000000022587
       0.0000000000000000      -0.0000000000118623       0.0000000000119056       0.0000000000000000      -0.0000000000118774       0.0000000000119059       0.0000000000000000      -0.0000000000118746       0.0000000000119183       0.0000000000000000      -0.0000000000118897       0.0000000000119180
       0.0000000000000000      -0.0000000000603836       0.0000000000606039       0.0000000000000000      -0.0000000000604602       0.0000000000606055       0.0000000000000000      -0.0000000000604462       0.0000000000606683       0.0000000000000000      -0.0000000000605228       0.0000000000606667
       0.0000000000000000      -0.0000000002973046       0.0000000002983891       0.0000000000000000      -0.0000000002976815       0.0000000002983970       0.0000000000000000      -0.0000000002976127       0.0000000002987060       0.0000000000000000      -0.0000000002979899       0.0000000002986984
       0.0000000000000000      -0.0000000014164485       0.0000000014216144       0.0000000000000000      -0.0000000014182438       0.0000000014216523       0.0000000000000000      -0.0000000014179160       0.0000000014231244       0.0000000000000000      -0.0000000014197132       0.0000000014230881
       0.0000000000000000      -0.0000000065399505       0.0000000065637997       0.0000000000000000      -0.0000000065482398       0.0000000065639752       0.0000000000000000      -0.0000000065467258       0.0000000065707710       0.0000000000000000      -0.0000000065550235       0.0000000065706035
       0.0000000000000000      -0.0000000293005708       0.0000000294074100       0.0000000000000000      -0.0000000293377091       0.0000000294081972       0.0000000000000000      -0.0000000293309231       0.0000000294386407       0.0000000000000000      -0.0000000293680986       0.0000000294378896
       0.0000000000000000      -0.0000001275304767       0.0000001279954437       0.0000000000000000      -0.0000001276921198       0.0000001279988742       0.0000000000000000      -0.0000001276625715       0.0000001281313638       0.0000000000000000      -0.0000001278243764       0.0000001281280941
       0.0000000000000000      -0.0000005398397224       0.0000005418077266       0.0000000000000000      -0.0000005405239571       0.0000005418222647       0.0000000000000000      -0.0000005403988254       0.0000005423830320       0.0000000000000000      -0.0000005410837446       0.0000005423691874
       0.0000000000000000      -0.0000022247310795       0.0000022328404859       0.0000000000000000      -0.0000022275508389       0.0000022329004674       0.0000000000000000      -0.0000022270349459       0.0000022352111627       0.0000000000000000      -0.0000022298575250       0.0000022351540941
       0.0000000000000000      -0.0000089345698198       0.0000089671329117       0.0000000000000000      -0.0000089458936325       0.0000089673740451       0.0000000000000000      -0.0000089438209896       0.0000089766525191       0.0000000000000000      -0.0000089551561195       0.0000089764233029
       0.0000000000000000      -0.0000349979463293       0.0000351254723597       0.0000000000000000      -0.0000350422980184       0.0000351264174929       0.0000000000000000      -0.0000350341767850       0.0000351627544031       0.0000000000000000      -0.0000350785727699       0.0000351618568065
       0.0000000000000000      -0.0001338191682116       0.0001343065375681       0.0000000000000000      -0.0001339886852769       0.0001343101489565       0.0000000000000000      -0.0001339576330525       0.0001344490186071       0.0000000000000000      -0.0001341273192381       0.0001344455922031
       0.0000000000000000      -0.0004996829778754       0.0005015004277559       0.0000000000000000      -0.0005003151789407       0.0005015138595087       0.0000000000000000      -0.0005001993345798       0.0005020317157145       0.0000000000000000      -0.0005008321648602       0.0005020189861780
       0.0000000000000000      -0.0018210891075887       0.0018276890142044       0.0000000000000000      -0.0018233849876754       0.0018277374561126       0.0000000000000000      -0.0018229641749134       0.0018296179043917       0.0000000000000000      -0.0018252623252266       0.0018295720577452
       0.0000000000000000      -0.0064536170078681       0.0064767672774745       0.0000000000000000      -0.0064616704716687       0.0064769351302439       0.0000000000000000      -0.0064601935436445       0.0064835300174574       0.0000000000000000      -0.0064682548174164       0.0064833714288501
       0.0000000000000000      -0.0219054921133918       0.0219817682669509       0.0000000000000000      -0.0219320330666672       0.0219823120948718       0.0000000000000000      -0.0219271550255777       0.0220040309369182       0.0000000000000000      -0.0219537202448682       0.0220035181873373
       0.0000000000000000      -0.0688409539741074       0.0690625923684114       0.0000000000000000      -0.0689181416129368       0.0690641511733207       0.0000000000000000      -0.0689038472492139       0.0691271759936916       0.0000000000000000      -0.0689810950203364       0.0691257092248319
       0.0000000000000000      -0.1870143015542862       0.1875257226175765       0.0000000000000000      -0.1871927947277062       0.1875293607071862       0.0000000000000000      -0.1871591600610799       0.1876744048254820       0.0000000000000000      -0.1873377519433710       0.1876709834666271
       0.0000000000000000      -0.4139908390052680       0.4148773948891813       0.0000000000000000      -0.4143015203285782       0.4148840662835137       0.0000000000000000      -0.4142414823814398       0.4151348219402907       0.0000000000000000      -0.4145522632757893       0.4151285343495881
       0.0000000000000000      -0.7492612305568058       0.7504766660328180       0.0000000000000000      -0.7496895413798209       0.7504866205404115       0.0000000000000000      -0.7496046690974725       0.7508300096864623       0.0000000000000000      -0.7500330468427906       0.7508205928769160
       0.0000000000000000      -1.1614872750628404       1.1629270796362534       0.0000000000000000      -1.1619973471389125       1.1629398251778962       0.0000000000000000      -1.1618943166091453       1.1633466692998620       0.0000000000000000      -1.1624044205887185       1.1633345739380327
       0.0000000000000000      -1.6176377573545415       1.6192164750642741       0.0000000000000000      -1.6181990496564425       1.6192311830003521       0.0000000000000000      -1.6180842380138700       1.6196773639136004       0.0000000000000000      -1.6186455373786801       1.6196633819919837
       0.0000000000000000      -2.0967773731607959       2.0984398439752625       0.0000000000000000      -2.0973695601157787       2.0984557705665292       0.0000000000000000      -2.0972474430758412       2.0989254811726852       0.0000000000000000      -2.0978396235908026       2.0989103315714774
       0.0000000000000000      -2.5863136221292686       2.5880338366651103       0.0000000000000000      -2.5869270814645633       2.5880506081813368       0.0000000000000000      -2.5867998229978850       2.5885364103046151       0.0000000000000000      -2.5874132677640436       2.5885204551090673
       0.0000000000000000      -3.0809975073929898       3.0827610721219347       0.0000000000000000      -3.0816269917566244       3.0827785236818146       0.0000000000000000      -3.0814958218382822       3.0832764121793339       0.0000000000000000      -3.0821252868672535       3.0832598100192343
       0.0000000000000000      -3.5781524303647494       3.5799515831128685       0.0000000000000000      -3.5787951049513955       3.5799696298170782       0.0000000000000000      -3.5786607715035759       3.5804775244794889       0.0000000000000000      -3.5793034238487089       3.5804603570019058
       0.0000000000000000      -4.0764877734988563       4.0783173764900917       0.0000000000000000      -4.0771419930094215       4.0783359276471671       0.0000000000000000      -4.0770049161491952       4.0788526067926023       0.0000000000000000      -4.0776591115242571       4.0788349629179415
       0.0000000000000000      -4.5751018566392769       4.5769614022553275       0.0000000000000000      -4.5757670900279006       4.5769804226379120       0.0000000000000000      -4.5756274791159424       4.5775055654899983       0.0000000000000000      -4.5762926867358749       4.5774874799232670
       0.0000000000000000      -5.0743815774367285       5.0762693019699450       0.0000000000000000      -5.0750566163557389       5.0762886991785852       0.0000000000000000      -5.0749149221107368       5.0768215501999583       0.0000000000000000      -5.0755899342534372       5.0768031142490813
       0.0000000000000000      -5.5737941262574520       5.5757085644920803       0.0000000000000000      -5.5744788209989808       5.5757282938617374       0.0000000000000000      -5.5743350361252499       5.5762686962705441       0.0000000000000000      -5.5750197032470519       5.5762499547780173
       0.0000000000000000      -6.0732599905694187       6.0752009731940824       0.0000000000000000      -6.0739543139558192       6.0752210132217721       0.0000000000000000      -6.0738083947425858       6.0757688960455924       0.0000000000000000      -6.0745026897073604       6.0757498708393634
       0.0000000000000000      -6.5727682099918416       6.5747356605493117       0.0000000000000000      -6.5734721388155721       6.5747560117043928       0.0000000000000000      -6.5733240680443670       6.5753113343617660       0.0000000000000000      -6.5740279676369333       6.5752920252991851
       0.0000000000000000      -7.0723170924973378       7.0743109673071203       0.0000000000000000      -7.0730306020600517       7.0743316444152162       0.0000000000000000      -7.0728803967069434       7.0748943990099846       0.0000000000000000      -7.0735938761969477       7.0748747915884787
       0.0000000000000000      -7.5719064417423096       7.5739266884353116       0.0000000000000000      -7.5726295126652170       7.5739477024075397       0.0000000000000000      -7.5724771936397284       7.5745178902924719       0.0000000000000000      -7.5732002336208444       7.5744979739308604
       0.0000000000000000      -8.0715361871543756       8.0735827707224281       0.0000000000000000      -8.0722688082384586       8.0736041208083211       0.0000000000000000      -8.0721143833323783       8.0741817384002008       0.0000000000000000      -8.0728469725950607       8.0741615141905143
       0.0000000000000000      -8.5712062790373800       8.5732791855980448       0.0000000000000000      -8.5719484482881843       8.5733008649355966       0.0000000000000000      -8.5717919130676830       8.5738859056280443       0.0000000000000000      -8.5725340496164311       8.5738653807874936
       0.0000000000000000      -9.0709166932065770       9.0730159202076024       0.0000000000000000      -9.0716684140309027       9.0730379235908707       0.0000000000000000      -9.0715097605956814       9.0736303827071882       0.0000000000000000      -9.0722614478340180       9.0736095628051139
       0.0000000000000000      -9.5706674096368243       9.5727929595467991       0.0000000000000000      -9.5714286866299219       9.5728152864433813       0.0000000000000000      -9.5712679097403370       9.5734151631515356       0.0000000000000000      -9.5720291522531031       9.5733940490857030
       0.0000000000000000     -10.0704584320086941      10.0726103041561359       0.0000000000000000     -10.0712292678116953      10.0726329569480466       0.0000000000000000     -10.0710663659130990      10.0732402521458475       0.0000000000000000     -10.0718371663262882      10.0732188418966402
       0.0000000000000000     -10.5702897673527580      10.5724679579344141       0.0000000000000000     -10.5710701618844034      10.5724909389878547       0.0000000000000000     -10.5709051354884451      10.5731056529189544       0.0000000000000000     -10.5716854937055693      10.5730839444783538
       0.0000000000000000     -11.0701614199233749      11.0723659241765215       0.0000000000000000     -11.0709513721028401      11.0723892345443904       0.0000000000000000     -11.0707842215332750      11.0730113662668135       0.0000000000000000     -11.0715741364602795      11.0729893589383881
       0.0000000000000000     -11.5700733912702312      11.5723042051663043       0.0000000000000000     -11.5708729006165125      11.5723278448908999       0.0000000000000000     -11.5707036250256170      11.5729573928913752       0.0000000000000000     -11.5715030961699448      11.5729350869902792
       0.0000000000000000     -12.0700256822263352      12.0722828027142945       0.0000000000000000     -12.0708347492374983      12.0723067716313004       0.0000000000000000     -12.0706633469106794      12.0729437345082378       0.0000000000000000     -12.0714723747592210      12.0729211305577433
       0.0000000000000000     -12.5700182939919642      12.5723017185292782       0.0000000000000000     -12.5708369197022716      12.5723260167630393       0.0000000000000000     -12.5706633887203836      12.5729703934457788       0.0000000000000000     -12.5714819742957644      12.5729474916814485
       0.0000000000000000     -13.0700512283144885      13.0723609543123427       0.0000000000000000     -13.0708794137339357      13.0723855823178301       0.0000000000000000     -13.0707037524214531      13.0730373719548147       0.0000000000000000     -13.0715318967214635      13.0730141722815603
       0.0000000000000000     -13.5701244872533469      13.5724605118826478       0.0000000000000000     -13.5709622331104622      13.5724854702308111       0.0000000000000000     -13.5707844401182030      13.5731446720154700       0.0000000000000000     -13.5716221438589084      13.5731211742217113
       0.0000000000000000     -14.0702380730120549      14.0726003932709318       0.0000000000000000     -14.0710853798124074      14.0726256824925038       0.0000000000000000     -14.0709054539304024      14.0732922955347117       0.0000000000000000     -14.0717527176049639      14.0732684994487247
       0.0000000000000000     -14.5703919876794803      14.5727806005052987       0.0000000000000000     -14.5712488558695750      14.5728062210498877       0.0000000000000000     -14.5710667958626665      14.5734802443753626       0.0000000000000000     -14.5719236199053075      14.5734561499064892
       0.0000000000000000     -15.0705862332014764      15.0730011355833042       0.0000000000000000     -15.0714526632825230      15.0730270878402877       0.0000000000000000     -15.0712684678269273      15.0737085204408849       0.0000000000000000     -15.0721348527266699      15.0736841275587068
       0.0000000000000000     -15.5708208115081117      15.5732620004877695       0.0000000000000000     -15.5716968040639188      15.5732882848360230       0.0000000000000000     -15.5715104717661337      15.5739771257164072       0.0000000000000000     -15.5723864180946769      15.5739524344012068
       0.0000000000000000     -16.0710957245084067      16.0735631971679993       0.0000000000000000     -16.0719812801668596      16.0735898140168061       0.0000000000000000     -16.0717928096187350      16.0742860622109269       0.0000000000000000     -16.0726783179917057      16.0742610724126997
       0.0000000000000000     -16.5714109741417701      16.5739047275701417       0.0000000000000000     -16.5723060935187974      16.5739316773451044       0.0000000000000000     -16.5721154833459607      16.5746353319088193       0.0000000000000000     -16.5730105543670234      16.5746100435611048
       0.0000000000000000     -17.0717665623846599      17.0742865936323724       0.0000000000000000     -17.0726712460735008      17.0743138767638101       0.0000000000000000     -17.0724784949222794      17.0750249367509426       0.0000000000000000     -17.0733831291723384      17.0749993497825550
       0.0000000000000000     -17.5721624912347778      17.5747087973497287       0.0000000000000000     -17.5730767398091210      17.5747364142644393       0.0000000000000000     -17.5728818463260943      17.5754548787095324       0.0000000000000000     -17.5737960443665777      17.5754289930528564
       0.0000000000000000     -18.0725987626333300      18.0751713406595549       0.0000000000000000     -18.0735225766714009      18.0751992917809616       0.0000000000000000     -18.0733255395016421      18.0759251597215886       0.0000000000000000     -18.0742493018984547      18.0758989753123025
       0.0000000000000000     -18.5730753785449458      18.5756742255436080       0.0000000000000000     -18.5740087586289953      18.5757025112924516       0.0000000000000000     -18.5738095764169984      18.5764357817696464       0.0000000000000000     -18.5747429037400664      18.5764092985461353
       0.0000000000000000     -19.0735923409581289      19.0762174539661977       0.0000000000000000     -19.0745352876665635      19.0762460747680080       0.0000000000000000     -19.0743339590507190      19.0769867468127892       0.0000000000000000     -19.0752768518661178      19.0769599647086920
       0.0000000000000000     -19.5741496518199085      19.5768010278841800       0.0000000000000000     -19.5751021657366593      19.5768299841551219       0.0000000000000000     -19.5748986893565551      19.5775780568053079       0.0000000000000000     -19.5758511482358948      19.5775509757635646
       0.0000000000000000     -20.0747473130596568      20.0774249492567378       0.0000000000000000     -20.0757093947752630      20.0774542414151504       0.0000000000000000     -20.0755037692707461      20.0782097137153492       0.0000000000000000     -20.0764657947922274      20.0781823336768035
       0.0000000000000000     -20.5753853267008218      20.5780892200717105       0.0000000000000000     -20.5763569768076273      20.5781188485395425       0.0000000000000000     -20.5761492008056628      20.5788817195232951       0.0000000000000000     -20.5771207935492342      20.5788540404251208
       0.0000000000000000     -21.0760636946482727      21.0787938422407528       0.0000000000000000     -21.0770449137261053      21.0788238074497727       0.0000000000000000     -21.0768349858740898      21.0795940761585427       0.0000000000000000     -21.0778161464071943      21.0795660979281152
       0.0000000000000000     -21.5767824189099571      21.5795388177761502       0.0000000000000000     -21.5777732075357633      21.5795691201458055       0.0000000000000000     -21.5775611264837366      21.5803467856208258       0.0000000000000000     -21.5785518553709252      21.5803185081978022
       0.0000000000000000     -22.0775415014313765      22.0803241486303818       0.0000000000000000     -22.0785418601962995      22.0803547885766385       0.0000000000000000     -22.0783276245761151      22.0811398498550915       0.0000000000000000     -22.0793279223961321      22.0811112731826995
       0.0000000000000000     -22.5783409441721936      22.5811498367602042       0.0000000000000000     -22.5793508736634081      22.5811808147028223       0.0000000000000000     -22.5791344821097653      22.5819732708208427       0.0000000000000000     -22.5801443494374006      22.5819443948384055
       0.0000000000000000     -23.0791807491005585      23.0820158841202066       0.0000000000000000     -23.0802002498985033      23.0820472004799093       0.0000000000000000     -23.0799817010538852      23.0828470504746335       0.0000000000000000     -23.0810011384571361      23.0828178751205542
       0.0000000000000000     -23.5800609181935918      23.5829222926963915       0.0000000000000000     -23.5810899908759559      23.5829539478989005       0.0000000000000000     -23.5808692833893687      23.5837611908112059       0.0000000000000000     -23.5818982914334683      23.5837317160189173
       0.0000000000000000     -24.0809814533992999      24.0838690644324167       0.0000000000000000     -24.0820200985454100      24.0839010589047504       0.0000000000000000     -24.0817972310668260      24.0847156937781683       0.0000000000000000     -24.0828358103186417      24.0846859194797496
       0.0000000000000000     -24.5819423566738919      24.5848562013060992       0.0000000000000000     -24.5829905748742981      24.5848885354656090       0.0000000000000000     -24.5827655460338228      24.5857105613349844       0.0000000000000000     -24.5838136970714309      24.5856804874722208
       0.0000000000000000     -25.0829436299997752      25.0858837052765651       0.0000000000000000     -25.0840014218370513      25.0859163795470010       0.0000000000000000     -25.0837742302751963      25.0867457954495734       0.0000000000000000     -25.0848319536686795      25.0867154219578588
       0.0000000000000000     -25.5839852753282173      25.5869515783041912       0.0000000000000000     -25.5850526413885504      25.5869845931063935       0.0000000000000000     -25.5848232857432336      25.5878213980804645       0.0000000000000000     -25.5858905820663161      25.5877907248980918
       0.0000000000000000     -26.0850672946384599      26.0880598223625420       0.0000000000000000     -26.0861442355026050      26.0880931781206691       0.0000000000000000     -26.0859127144190026      26.0889373712063950       0.0000000000000000     -26.0869895842399089      26.0889063982682678
       0.0000000000000000     -26.5861896898824384      26.5892084394098802       0.0000000000000000     -26.5872762061300101      26.5892421365481120       0.0000000000000000     -26.5870425182521828      26.5900937167833007       0.0000000000000000     -26.5881289621380326      26.5900624440244044
       0.0000000000000000     -27.0873524630214746      27.0903974314114073       0.0000000000000000     -27.0884485552398324      27.0904314703478235       0.0000000000000000     -27.0882126992004473      27.0912904367666520       0.0000000000000000     -27.0893087177260412      27.0912588641280720
       0.0000000000000000     -27.5885556160373895      27.5916268003357352       0.0000000000000000     -27.5896612848096154      27.5916611814816761       0.0000000000000000     -27.5894232592493474      27.5925275331221229       0.0000000000000000     -27.5905288529852619      27.5924956605515490
       0.0000000000000000     -28.0897991508711407      28.0928965481400716       0.0000000000000000     -28.0909143967805122      28.0929312719155142       0.0000000000000000     -28.0906742003465375      28.0938050078221764       0.0000000000000000     -28.0917893698635091      28.0937728352588181
       0.0000000000000000     -28.5910830695025027      28.5942066767874827       0.0000000000000000     -28.5922078931258312      28.5942417436209020       0.0000000000000000     -28.5919655244716324      28.5951228628382168       0.0000000000000000     -28.5930902703338852      28.5950903902126718
       0.0000000000000000     -29.0924073738889888      29.0955571882544461       0.0000000000000000     -29.0935417758110226      29.0955925985760224       0.0000000000000000     -29.0932972335680091      29.0964811001342838       0.0000000000000000     -29.0944315563476827      29.0964483273754944
       0.0000000000000000     -29.5937720660034458      29.5969480844900907       0.0000000000000000     -29.5949160468121661      29.5969838387205399       0.0000000000000000     -29.5946693296119356      29.5978797216534630       0.0000000000000000     -29.5958132298844490      29.5978466486998535
       0.0000000000000000     -30.0951771478101513      30.0983793674703826       0.0000000000000000     -30.0963307080855991      30.0984154660299659       0.0000000000000000     -30.0960818145709226      30.0993187293745095       0.0000000000000000     -30.0972352929037186      30.0992853561649412
       0.0000000000000000     -30.5966226212769570      30.5998510391682466       0.0000000000000000     -30.5977857615971232      30.5998874824777793       0.0000000000000000     -30.5975346904185379      30.6007981252765759       0.0000000000000000     -30.5986977473769350      30.6007644517493276
       0.0000000000000000     -31.0981084883574148      31.1013631015288219       0.0000000000000000     -31.0992812093082094      31.1013998900122424       0.0000000000000000     -31.0990279591048200      31.1023179113044499       0.0000000000000000     -31.1002005952621374      31.1022839373946738
       0.0000000000000000     -31.5996347510071054      31.6029155565091280       0.0000000000000000     -31.6008170531695605      31.6029526905906017       0.0000000000000000     -31.6005616225884189      31.6038780894184370       0.0000000000000000     -31.6017438385130305      31.6038438150610972
       0.0000000000000000     -32.1012014112168060      32.1045084061118402       0.0000000000000000     -32.1023932951747355      32.1045458862095643       0.0000000000000000     -32.1021356828533158      32.1054786616083874       0.0000000000000000     -32.1033274791163876      32.1054440867444342
       0.0000000000000000     -32.6028084709494337      32.6061416522864889       0.0000000000000000     -32.6040099372787253      32.6061794788160029       0.0000000000000000     -32.6037501418651274      32.6071196298239272       0.0000000000000000     -32.6049515190298607      32.6070847543968512
       0.0000000000000000     -33.1044559321588068      33.1078152969877024       0.0000000000000000     -33.1056669814448412      33.1078534703752041       0.0000000000000000     -33.1054050015746668      33.1088009960273553       0.0000000000000000     -33.1066159602137873      33.1087658199700385
       0.0000000000000000     -33.6061437968017955      33.6095293421760815       0.0000000000000000     -33.6073644296290723      33.6095678628477970       0.0000000000000000     -33.6071002639402749      33.6105227621806719       0.0000000000000000     -33.6083208046255990      33.6104872854261032
       0.0000000000000000     -34.1078720668567357      34.1112837898425241       0.0000000000000000     -34.1091022838045532      34.1113226582158973       0.0000000000000000     -34.1088359309392430      34.1122849302649769       0.0000000000000000     -34.1100660542372935      34.1122491527547353
       0.0000000000000000     -34.6096407443089973      34.6130786419484764       0.0000000000000000     -34.6108805459560998      34.6131178584465573       0.0000000000000000     -34.6106120045626753      34.6140875022530921       0.0000000000000000     -34.6118517110395629      34.6140514239232715
       0.0000000000000000     -35.1114498310786090      35.1149139004249733       0.0000000000000000     -35.1126992180063837      35.1149534654687585       0.0000000000000000     -35.1124284867286818      35.1159304800720804       0.0000000000000000     -35.1136777769530255      35.1158941008607499
       0.0000000000000000     -35.6132993291616273      35.6167895672758519       0.0000000000000000     -35.6145583019592351      35.6168294812890878       0.0000000000000000     -35.6142853794309246      35.6178138657261059       0.0000000000000000     -35.6155442539791807      35.6177771855686203
       0.0000000000000000     -36.1151892405222696      36.1187056444545433       0.0000000000000000     -36.1164577997633529      36.1187459078608484       0.0000000000000000     -36.1161826846321432      36.1197376611669725       0.0000000000000000     -36.1174511440652068      36.1197006799988500
       0.0000000000000000     -36.6171195671256768      36.6206621339154665       0.0000000000000000     -36.6183977133885676      36.6207027471351267       0.0000000000000000     -36.6181204043024309      36.6217018683507192       0.0000000000000000     -36.6193984491858231      36.6216645861107040
       0.0000000000000000     -37.1190903109221608      37.1226590376422294       0.0000000000000000     -37.1203780447943359      37.1227000010991262       0.0000000000000000     -37.1200985403900461      37.1237064892624247       0.0000000000000000     -37.1213861712983970      37.1236689058858005
       0.0000000000000000     -37.6211014738871654      37.6246963575912758       0.0000000000000000     -37.6223987959504313      37.6247376717104416       0.0000000000000000     -37.6221170948718395      37.6257515258612329       0.0000000000000000     -37.6234143123741802      37.6257136412819975
       0.0000000000000000     -38.1231530580067712      38.1267740957381420       0.0000000000000000     -38.1244599688378472      38.1268157609361822       0.0000000000000000     -38.1241760697252232      38.1278369801054566       0.0000000000000000     -38.1254828743855398      38.1277987942661056
       0.0000000000000000     -38.6252450652209731      38.6288922540339286       0.0000000000000000     -38.6265615653972958      38.6289342707298786       0.0000000000000000     -38.6262754669013617      38.6299628539598672       0.0000000000000000     -38.6275918592842729      38.6299243668005019
       0.0000000000000000     -39.1273774975135709      39.1310508344504200       0.0000000000000000     -39.1287035876173519      39.1310932030655181       0.0000000000000000     -39.1284152883825413      39.1321291493969454       0.0000000000000000     -39.1297412690574546      39.1320903608553650
       0.0000000000000000     -39.6295503568314018      39.6332498389597063       0.0000000000000000     -39.6308860374470129      39.6332925599266659       0.0000000000000000     -39.6305955361159690      39.6343358684004770       0.0000000000000000     -39.6319311056543384      39.6342967784031046
       0.0000000000000000     -40.1317636451393085      40.1354892695162562       0.0000000000000000     -40.1331089168416923      40.1355323432479025       0.0000000000000000     -40.1328162120588416      40.1365830128975887       0.0000000000000000     -40.1341613710227989      40.1365436213906008
       0.0000000000000000     -40.6340173644309246      40.6377691281129287       0.0000000000000000     -40.6353722278009570      40.6378125550274447       0.0000000000000000     -40.6350773181991585      40.6388705848807348       0.0000000000000000     -40.6364320671567114      40.6388308918050782
       0.0000000000000000     -41.1363115166645628      41.1400894166882054       0.0000000000000000     -41.1376759722883207      41.1401331972146309       0.0000000000000000     -41.1373788565096561      41.1411985863136280       0.0000000000000000     -41.1387431960339640      41.1411585915993854
       0.0000000000000000     -41.6386461037965958      41.6424501372261915       0.0000000000000000     -41.6400201522530935      41.6424942717892250       0.0000000000000000     -41.6397208289492085      41.6435670191786471       0.0000000000000000     -41.6410947596064034      41.6435267227601571
       0.0000000000000000     -42.1410211277852724      42.1448512916757636       0.0000000000000000     -42.1424047696492536      42.1448957806975244       0.0000000000000000     -42.1421032374715381      42.1459758854175206       0.0000000000000000     -42.1434867598234817      42.1459352872317012
       0.0000000000000000     -42.6434365906175472      42.6472928820262283       0.0000000000000000     -42.6448298264731207      42.6473377259250697       0.0000000000000000     -42.6445260840523517      42.6484251870044844       0.0000000000000000     -42.6459191986701924      42.6483842869921190
       0.0000000000000000     -43.1458924942553494      43.1497749102279400       0.0000000000000000     -43.1472953246795257      43.1498201094307632       0.0000000000000000     -43.1469893706648193      43.1509149259096958       0.0000000000000000     -43.1483920781126429      43.1508737240030058
       0.0000000000000000     -43.6483888406618092      43.6522973782397443       0.0000000000000000     -43.6498012662335668      43.6523429331706794       0.0000000000000000     -43.6494930992771799      43.6534451040943807       0.0000000000000000     -43.6509054001209833      43.6534036002282093
       0.0000000000000000     -44.1509256318008170      44.1548602880463505       0.0000000000000000     -44.1523476531004775      44.1549061991229905       0.0000000000000000     -44.1520372718421328      44.1560157235255133       0.0000000000000000     -44.1534591666493768      44.1559739176413757
       0.0000000000000000     -44.6535028696379044      44.6574636416203390       0.0000000000000000     -44.6549344872499958      44.6575099092604333       0.0000000000000000     -44.6546218903227725      44.6586267861733148       0.0000000000000000     -44.6560533796650034      44.6585846782125628
       0.0000000000000000     -45.1561205561467318      45.1601074409141887       0.0000000000000000     -45.1575617706504957      45.1601540655451998       0.0000000000000000     -45.1572469567031618      45.1612782940104367       0.0000000000000000     -45.1586880411466112      45.1612358839046522
       0.0000000000000000     -45.6587786932976414      45.6627916879094258       0.0000000000000000     -45.6602295052709621      45.6628386699522650       0.0000000000000000     -45.6599124729466368      45.6639702490048549       0.0000000000000000     -45.6613631530562003      45.6639275366921851
       0.0000000000000000     -46.1614772830576214      46.1655163845637517       0.0000000000000000     -46.1629376930780069      46.1655637244377388       0.0000000000000000     -46.1626184410231346      46.1667026531155358       0.0000000000000000     -46.1640787173633171      46.1666596385357906
       0.0000000000000000     -46.6642163273979307      46.6682815328421441       0.0000000000000000     -46.6656863360429526      46.6683292309745354       0.0000000000000000     -46.6653648629050650      46.6694755083165802       0.0000000000000000     -46.6668347360404141      46.6694321914015475
       0.0000000000000000     -47.1669958282717090      47.1710871347221214       0.0000000000000000     -47.1684754361217387      47.1711351915288972       0.0000000000000000     -47.1681517405397983      47.1722888165685603       0.0000000000000000     -47.1696312110376823      47.1722451972612333
       0.0000000000000000     -47.6698157876521122      47.6739331921591400       0.0000000000000000     -47.6713049952897379      47.6739816080702212       0.0000000000000000     -47.6709790759018972      47.6751425798421380       0.0000000000000000     -47.6724681443318303      47.6750986580717324
       0.0000000000000000     -48.1726762075073012      48.1768197071162589       0.0000000000000000     -48.1741750155115653      48.1768684825574667       0.0000000000000000     -48.1738468709688306      48.1780368001056019       0.0000000000000000     -48.1753455378967388      48.1779925758053551
       0.0000000000000000     -48.6755770898056568      48.6797466815757431       0.0000000000000000     -48.6770854987554458      48.6797958169680101       0.0000000000000000     -48.6767551277023784      48.6809714793297061       0.0000000000000000     -48.6782633936941167      48.6809269524378152
       0.0000000000000000     -49.1785184365121992      49.1827141175010070       0.0000000000000000     -49.1800364469781002      49.1827636132594108       0.0000000000000000     -49.1797038480627791      49.1839466194673207       0.0000000000000000     -49.1812217136758818      49.1839017899276527
       0.0000000000000000     -49.6815002496169598      49.6857220168737967       0.0000000000000000     -49.6830278621774184      49.6857718734145521       0.0000000000000000     -49.6826930340458972      49.6869622225071339       0.0000000000000000     -49.6842204998457504      49.6869170902625044
       0.0000000000000000     -50.1845225310510799      50.1887703816461723       0.0000000000000000     -50.1860597462911429      50.1888205993972392       0.0000000000000000     -50.1857226875781492      50.1900182904081191       0.0000000000000000     -50.1872597541366687      50.1899728553896765
       0.0000000000000000     -50.6875852828098203      50.6918592137854205       0.0000000000000000     -50.6891321013018299      50.6919097931699980       0.0000000000000000     -50.6887928106623775      50.6931148251404267       0.0000000000000000     -50.6903394785387817      50.6930690872840373
       0.0000000000000000     -51.1906885068426760      51.1949885152524615       0.0000000000000000     -51.1922449291685737      51.1950394566937632       0.0000000000000000     -51.1919034052473734      51.1962518286643657       0.0000000000000000     -51.1934596750104731      51.1962057879058108
       0.0000000000000000     -51.6938322051369781      51.6981582880310597       0.0000000000000000     -51.6953982318766947      51.6982095919524980       0.0000000000000000     -51.6950544733196224      51.6994293029629475       0.0000000000000000     -51.6966203455362034      51.6993829592378944
       0.0000000000000000     -52.1970163796379936      52.2013685340841533       0.0000000000000000     -52.1985920113670403      52.2014202009098582       0.0000000000000000     -52.1982460168201214      52.2026472499955645       0.0000000000000000     -52.1998214920525143      52.2026006032389773
       0.0000000000000000     -52.7002410323340484      52.7046192553711208       0.0000000000000000     -52.7018262696312263      52.7046712855227142       0.0000000000000000     -52.7014780377392853      52.7059056717211689       0.0000000000000000     -52.7030631165531176      52.7058587218704204
       0.0000000000000000     -53.2035061651999470      53.2079104538817802       0.0000000000000000     -53.2051010086382945      53.2079628477817650       0.0000000000000000     -53.2047505380512291      53.2092045701298346       0.0000000000000000     -53.2063452210064085      53.2091573171214236
       0.0000000000000000     -53.7068117801854115      53.7112421315824378       0.0000000000000000     -53.7084162303505579      53.7112948896429003       0.0000000000000000     -53.7080635196955853      53.7125439471673189       0.0000000000000000     -53.7096678073645819      53.7124963909482815
       0.0000000000000000     -54.2101578792659708      54.2146142904317898       0.0000000000000000     -54.2117719367350617      54.2146674130752118       0.0000000000000000     -54.2114169846633871      54.2159238048181606       0.0000000000000000     -54.2130308776100946      54.2158759453250809
       0.0000000000000000     -54.7135444644148237      54.7180269323959365       0.0000000000000000     -54.7151681297637182      54.7180804200597422       0.0000000000000000     -54.7148109349234275      54.7193441450590257       0.0000000000000000     -54.7164344337104325      54.7192959822134526
       0.0000000000000000     -55.2169715375808821      55.2214800594234703       0.0000000000000000     -55.2186048113826473      55.2215339125368061       0.0000000000000000     -55.2182453724234890      55.2228049698291272       0.0000000000000000     -55.2198784776106564      55.2227565035609516
       0.0000000000000000     -55.7204391007490045      55.7249736735257244       0.0000000000000000     -55.7220819835823846      55.7250278925003641       0.0000000000000000     -55.7217202991496379      55.7263062811235628       0.0000000000000000     -55.7233630113024461      55.7262575113800693
       0.0000000000000000     -56.2239471558910040      56.2285077766508081       0.0000000000000000     -56.2255996483376350      56.2285623619026538       0.0000000000000000     -56.2252357170772186      56.2298480808981651       0.0000000000000000     -56.2268880367641017      56.2297990076224750
       0.0000000000000000     -56.7274957049808108      56.7320823707683459       0.0000000000000000     -56.7291578076191811      56.7321373227190975       0.0000000000000000     -56.7287916281737807      56.7334303711219547       0.0000000000000000     -56.7304535559599614      56.7333809942514122
       0.0000000000000000     -57.2310847499805035      57.2356974578610505       0.0000000000000000     -57.2327564633783652      57.2357527769317613       0.0000000000000000     -57.2323880343934377      57.2370531537690113       0.0000000000000000     -57.2340595708334163      57.2370034732415718
       0.0000000000000000     -57.7347142928396835      57.7393530398687673       0.0000000000000000     -57.7363956175738124      57.7394087264872979       0.0000000000000000     -57.7360249377027515      57.7407164308029195       0.0000000000000000     -57.7377060833599032      57.7406664465497528
       0.0000000000000000     -58.2383843355413831      58.2430491187821744       0.0000000000000000     -58.2400752721951704      58.2431051733783818       0.0000000000000000     -58.2397023400805978      58.2444202042122470       0.0000000000000000     -58.2413930955250834      58.2443699161624835
       0.0000000000000000     -58.7420948800710505      58.7467856965879065       0.0000000000000000     -58.7437954292294933      58.7468421195792132       0.0000000000000000     -58.7434202435040973      58.7481644759627954       0.0000000000000000     -58.7451206093075982      58.7481138840581494
       0.0000000000000000     -59.2458459283837158      59.2505627752220860       0.0000000000000000     -59.2475560906199732      59.2506195670247351       0.0000000000000000     -59.2471786499280810      59.2519492479893231       0.0000000000000000     -59.2488886266503627      59.2518983521724891
       0.0000000000000000     -59.7496374824543679      59.7543803566568386       0.0000000000000000     -59.7513572583471984      59.7544375176920326       0.0000000000000000     -59.7509775613427720      59.7557745222841703       0.0000000000000000     -59.7526971495493058      59.7557233224930542
       0.0000000000000000     -60.2534695442516863      60.2582384428704358       0.0000000000000000     -60.2551989343665326      60.2582959735637615       0.0000000000000000     -60.2548169797106681      60.2596403008238255       0.0000000000000000     -60.2565461799535456      60.2595887969917285
       0.0000000000000000     -60.7573421157432421      60.7621370358370569       0.0000000000000000     -60.7590811206515795      60.7621949366145273       0.0000000000000000     -60.7586969069935492      60.7635465855770747       0.0000000000000000     -60.7604357198308520      60.7634947776370495
       0.0000000000000000     -61.2612551988892946      61.2660761375329272       0.0000000000000000     -61.2630038191740951      61.2661344088129454       0.0000000000000000     -61.2626173451542186      61.2674933785150415       0.0000000000000000     -61.2643657711555818      61.2674412664077082
       0.0000000000000000     -61.7652087956892757      61.7700557499233085       0.0000000000000000     -61.7669670319242883      61.7701143921298126       0.0000000000000000     -61.7665782961825656      61.7714806815990158       0.0000000000000000     -61.7683363359083017      61.7714282652594449
       0.0000000000000000     -62.2692029080869887      62.2740758749503200       0.0000000000000000     -62.2709707608534870      62.2741348885163291       0.0000000000000000     -62.2705797620346857      62.2755084967924262       0.0000000000000000     -62.2723474160526109      62.2754557761466074
       0.0000000000000000     -62.7732375380470842      62.7781365146129531       0.0000000000000000     -62.7750150079290847      62.7781958999606360       0.0000000000000000     -62.7746217446755495      62.7795768260837477       0.0000000000000000     -62.7763990135563219      62.7795238010685779
       0.0000000000000000     -63.2773126875618601      63.2822376708862961       0.0000000000000000     -63.2790997751298221      63.2822974284303967       0.0000000000000000     -63.2787042460883882      63.2836856714316269       0.0000000000000000     -63.2804911303890449      63.2836323419913498
       0.0000000000000000     -63.7814283585947663      63.7863793457312127       0.0000000000000000     -63.7832250644215648      63.7864394758906599       0.0000000000000000     -63.7828272682454838      63.7878350348098948       0.0000000000000000     -63.7846237685254493      63.7877814008845689
       0.0000000000000000     -64.2855845531018844      64.2905615411121545       0.0000000000000000     -64.2873908777653185      64.2906220443026513       0.0000000000000000     -64.2869908131023351      64.2920249181792229       0.0000000000000000     -64.2887969299259510      64.2919709797121754
       0.0000000000000000     -64.7897812730699911      64.7947842589956622       0.0000000000000000     -64.7915972171393690      64.7948451356432713       0.0000000000000000     -64.7911948826432251      64.7962553235139893       0.0000000000000000     -64.7930106165663631      64.7962010804381094
       0.0000000000000000     -65.2940185204580388      65.2990475013639866       0.0000000000000000     -65.2958440845037842      65.2991087518967106       0.0000000000000000     -65.2954394788240648      65.3005262527953931       0.0000000000000000     -65.2972648304036483      65.3004717050416303
       0.0000000000000000     -65.7982962972387355      65.8033512701785952       0.0000000000000000     -65.8001314818435077      65.8034128950312294       0.0000000000000000     -65.7997246036207173      65.8048377079947073       0.0000000000000000     -65.8015595734258767      65.8047828554873036
       0.0000000000000000     -66.3026146053875607      66.3076955674114004       0.0000000000000000     -66.3044594111324557      66.3077575670042165       0.0000000000000000     -66.3040502590087328      66.3091896910694771       0.0000000000000000     -66.3058948476070782      66.3091345337471978
       0.0000000000000000     -66.8069734468734850      66.8120803950315292       0.0000000000000000     -66.8088278743296513      66.8121427697815449       0.0000000000000000     -66.8084164469612034      66.8135822039896965       0.0000000000000000     -66.8102706549103260      66.8135267417945187
       0.0000000000000000     -67.3113728236746596      67.3165057550401400       0.0000000000000000     -67.3132368734180631      67.3165685053606779       0.0000000000000000     -67.3128231694470713      67.3180152487435777       0.0000000000000000     -67.3146869973094937      67.3179594816212017
       0.0000000000000000     -67.8158127377460573      67.8209716493829546       0.0000000000000000     -67.8176864103490971      67.8210347756944145       0.0000000000000000     -67.8172704284224181      67.8224888272850990       0.0000000000000000     -67.8191438767569679      67.8224327551740060
       0.0000000000000000     -68.3202931910797702      68.3254780800247943       0.0000000000000000     -68.3221764871135235      68.3255415827487838       0.0000000000000000     -68.3217582258852048      68.3270029415860307       0.0000000000000000     -68.3236412952494305      68.3269465644237357
       0.0000000000000000     -68.3635333973010688      68.3687205126066004       0.0000000000000000     -68.3654175181843868      68.3687840476059563       0.0000000000000000     -68.3649990615152205      68.3702460326793897       0.0000000000000000     -68.3668829555224420      68.3701896293800075
