      -0.0000000000039090       0.0000000000000000       0.0000000000328356
      -0.0000000724096782       0.0000000000000000      -0.0000000000023345
      -0.0000001267176181       0.0000000000000000       0.0000000000083818
      -0.0000002081794666       0.0000000000000000      -0.0000000000007315
      -0.0000003303722533       0.0000000000000000      -0.0000000000005584
      -0.0000005136615292       0.0000000000000000      -0.0000000000047402
      -0.0000007885956474       0.0000000000000000      -0.0000000000080549
      -0.0000012009972373       0.0000000000000000      -0.0000000000031622
      -0.0000018196005083       0.0000000000000000      -0.0000000000131874
      -0.0000027475073900       0.0000000000000000      -0.0000000000244785
      -0.0000041393721613       0.0000000000000000      -0.0000000000539393
      -0.0000062271793422       0.0000000000000000      -0.0000000000770927
      -0.0000093589126812       0.0000000000000000      -0.0000000001050050
      -0.0000140565634718       0.0000000000000000       0.0000000000219997
      -0.0000211031539143       0.0000000000000000       0.0000000009283439
      -0.0000283448546791       0.0000000000000000       0.0000000013573707
      -0.0000355867139440       0.0000000000000000       0.0000000007924352
      -0.0000428287180186       0.0000000000000000      -0.0000000002250976
      -0.0000500708669028       0.0000000000000000      -0.0000000016458664
      -0.0000573131605967       0.0000000000000000      -0.0000000034566067
      -0.0000645555991007       0.0000000000000000      -0.0000000056785084
      -0.0000717981824147       0.0000000000000000      -0.0000000082939440
      -0.0000790409105387       0.0000000000000000      -0.0000000113147033
      -0.0000862837834727       0.0000000000000000      -0.0000000147150047
      -0.0000935268012167       0.0000000000000000      -0.0000000185272105
      -0.0001007699637706       0.0000000000000000      -0.0000000227375095
      -0.0001080132711344       0.0000000000000000      -0.0000000273384186
      -0.0001152567233082       0.0000000000000000      -0.0000000323534573
      -0.0001225003202918       0.0000000000000000      -0.0000000377509407
      -0.0001297440620854       0.0000000000000000      -0.0000000435347319
      -0.0001369879486889       0.0000000000000000      -0.0000000497433998
      -0.0001442319801024       0.0000000000000000      -0.0000000563365060
      -0.0001514761563257       0.0000000000000000      -0.0000000633258137
      -0.0001587204773590       0.0000000000000000      -0.0000000707082171
      -0.0001659649432022       0.0000000000000000      -0.0000000784937750
      -0.0001732095538552       0.0000000000000000      -0.0000000866662804
      -0.0001804543093181       0.0000000000000000      -0.0000000952412166
      -0.0001876992095910       0.0000000000000000      -0.0000001042119091
      -0.0001949442546737       0.0000000000000000      -0.0000001135768591
      -0.0002021894445663       0.0000000000000000      -0.0000001233396324
      -0.0002094347792688       0.0000000000000000      -0.0000001334963883
      -0.0002166802587812       0.0000000000000000      -0.0000001440572622
      -0.0002239258831034       0.0000000000000000      -0.0000001550059046
      -0.0002311716522354       0.0000000000000000      -0.0000001663393360
      -0.0002384175661774       0.0000000000000000      -0.0000001780788732
      -0.0002456636249292       0.0000000000000000      -0.0000001902173670
      -0.0002529098284908       0.0000000000000000      -0.0000002027360951
      -0.0002601561768623       0.0000000000000000      -0.0000002156637376
      -0.0002674026700436       0.0000000000000000      -0.0000002289767433
      -0.0002746493080348       0.0000000000000000      -0.0000002426942086
      -0.0002818960908357       0.0000000000000000      -0.0000002567859626
      -0.0002891430184465       0.0000000000000000      -0.0000002712968640
      -0.0002963900908671       0.0000000000000000      -0.0000002861703928
      -0.0003036373080975       0.0000000000000000      -0.0000003014503463
      -0.0003108846701378       0.0000000000000000      -0.0000003171376493
      -0.0003181321769878       0.0000000000000000      -0.0000003332053616
      -0.0003253798286477       0.0000000000000000      -0.0000003496757792
      -0.0003326276251173       0.0000000000000000      -0.0000003665225540
      -0.0003398755663968      -0.0000000000000001      -0.0000003837705942
      -0.0003471236524861      -0.0000000000000003      -0.0000004014077312
      -0.0003543718833854      -0.0000000000000013      -0.0000004194491840
      -0.0003616202590955      -0.0000000000000061      -0.0000004378724113
      -0.0003688687796198      -0.0000000000000274      -0.0000004566902650
      -0.0003761174449729      -0.0000000000001192      -0.0000004758962178
      -0.0003833662552145      -0.0000000000005045      -0.0000004954762512
      -0.0003906152105853      -0.0000000000020781      -0.0000005153900159
      -0.0003978643120244      -0.0000000000083319      -0.0000005354696278
      -0.0004051135630852      -0.0000000000324594      -0.0000005550889861
      -0.0004123629766636      -0.0000000001221641      -0.0000005720636491
      -0.0004196125974879      -0.0000000004416463      -0.0000005792806279
      -0.0004268625774339      -0.0000000015452589      -0.0000005512494042
      -0.0004341134258485      -0.0000000052909623      -0.0000003979387119
      -0.0004413667468084      -0.0000000175645796       0.0000001403148367
      -0.0004486269033981      -0.0000000543421187       0.0000016238857149
      -0.0004559021860113      -0.0000001459903226       0.0000040580192231
      -0.0004632003140975      -0.0000003207560094       0.0000048467965017
      -0.0004705210723499      -0.0000005778877430       0.0000027325931103
      -0.0004778579077836      -0.0000008933918438       0.0000005898510077
      -0.0004852039698348      -0.0000012423742392      -0.0000004209339453
      -0.0004925549173347      -0.0000016085579345      -0.0000007008463836
      -0.0004999081466302      -0.0000019829176219      -0.0000008715711747
      -0.0005072625617686      -0.0000023612696058      -0.0000009399914411
      -0.0005146176063759      -0.0000027415317985      -0.0000009840199002
      -0.0005219729685834      -0.0000031227072860      -0.0000008930806319
      -0.0005293285851359      -0.0000035044081510      -0.0000011038475765
      -0.0005366844210367      -0.0000038863751221      -0.0000011280538034
      -0.0005440403930271      -0.0000042684105206      -0.0000011477992425
      -0.0005513964883767      -0.0000046504838044      -0.0000011766310941
      -0.0005587527048660      -0.0000050325897003      -0.0000012068672935
      -0.0005661090420718      -0.0000054147270662      -0.0000012375468684
      -0.0005734654998715      -0.0000057968955407      -0.0000012685946129
      -0.0005808220781999      -0.0000061790949744      -0.0000013000877817
      -0.0005881787770573      -0.0000065613253365      -0.0000013319236499
      -0.0005955355964201      -0.0000069435865468      -0.0000013641631041
      -0.0006028925362717      -0.0000073258785892      -0.0000013968163736
      -0.0006102495966047      -0.0000077082014616      -0.0000014298701644
      -0.0006176067774144      -0.0000080905551645      -0.0000014633409779
      -0.0006249640786964      -0.0000084729396994      -0.0000014972140906
      -0.0006323215004465      -0.0000088553550677      -0.0000015314993487
      -0.0006396790426605      -0.0000092378012708      -0.0000015661965987
      -0.0006470367053337      -0.0000096202783103      -0.0000016012942163
      -0.0006543944884619      -0.0000100027861877      -0.0000016368003421
      -0.0006617523920406      -0.0000103853249044      -0.0000016727180372
      -0.0006691104160654      -0.0000107678944621      -0.0000017090495293
      -0.0006764685605321      -0.0000111504948621      -0.0000017457767586
      -0.0006838268254362      -0.0000115331261059      -0.0000017829242786
      -0.0006911852107733      -0.0000119157881952      -0.0000018204637974
      -0.0006985437165391      -0.0000122984811313      -0.0000018584225755
      -0.0007059023427292      -0.0000126812049158      -0.0000018967802020
      -0.0007132610893393      -0.0000130639595502      -0.0000019355501980
      -0.0007206199563649      -0.0000134467450360      -0.0000019747232752
      -0.0007279789438017      -0.0000138295613746      -0.0000020143107769
      -0.0007353380516453      -0.0000142124085676      -0.0000020542941010
      -0.0007426972798913      -0.0000145952866165      -0.0000020946870394
      -0.0007500566285354      -0.0000149781955228      -0.0000021354861313
      -0.0007574160975732      -0.0000153611352880      -0.0000021766902604
      -0.0007647756870003      -0.0000157441059135      -0.0000022183082757
      -0.0007721353968123      -0.0000161271074010      -0.0000022603230108
      -0.0007794952270049      -0.0000165101397518      -0.0000023027505020
      -0.0007868551775736      -0.0000168932029675      -0.0000023455791771
      -0.0007942152485142      -0.0000172762970496      -0.0000023888147066
      -0.0008015754398221      -0.0000176594219996      -0.0000024324433580
      -0.0008089357514931      -0.0000180425778190      -0.0000024764905091
      -0.0008162961835228      -0.0000184257645092      -0.0000025209423633
      -0.0008236567359067      -0.0000188089820719      -0.0000025657887778
      -0.0008310174086405      -0.0000191922305085      -0.0000026110480865
      -0.0008383782017199      -0.0000195755098205      -0.0000026567159537
      -0.0008457391151404      -0.0000199588200094      -0.0000027027772114
      -0.0008531001488976      -0.0000203421610766      -0.0000027492452500
      -0.0008604613029873      -0.0000207255330238      -0.0000027961170911
      -0.0008678225774049      -0.0000211089358524      -0.0000028433897464
      -0.0008751839721461      -0.0000214923695639      -0.0000028910732954
      -0.0008825454872066      -0.0000218758341598      -0.0000029391584840
      -0.0008899071225819      -0.0000222593296417      -0.0000029876418635
      -0.0008972688782677      -0.0000226428560109      -0.0000030365343352
      -0.0009046307542596      -0.0000230264132691      -0.0000030858249784
      -0.0009119927505532      -0.0000234100014177      -0.0000031355073749
      -0.0009193548671441      -0.0000237936204582      -0.0000031856156534
      -0.0009267171040279      -0.0000241772703921      -0.0000032361125353
      -0.0009340794612003      -0.0000245609512210      -0.0000032870119682
      -0.0009414419386568      -0.0000249446629463      -0.0000033383149251
      -0.0009488045363932      -0.0000253284055695      -0.0000033900247074
      -0.0009561672544049      -0.0000257121790922      -0.0000034421301206
      -0.0009635300926876      -0.0000260959835158      -0.0000034946313646
      -0.0009708930512370      -0.0000264798188419      -0.0000035475505618
      -0.0009782561300486      -0.0000268636850719      -0.0000036008582169
      -0.0009856193291180      -0.0000272475822073      -0.0000036545664200
      -0.0009929826484409      -0.0000276315102497      -0.0000037086727757
      -0.0010003460880129      -0.0000280154692006      -0.0000037632014277
      -0.0010077096478295      -0.0000283994590614      -0.0000038181156479
      -0.0010150733278865      -0.0000287834798337      -0.0000038734244025
      -0.0010224371281794      -0.0000291675315189      -0.0000039291456107
      -0.0010298010487037      -0.0000295516141186      -0.0000039852534143
      -0.0010371650894552      -0.0000299357276343      -0.0000040417682066
      -0.0010445292504295      -0.0000303198720675      -0.0000040986880436
      -0.0010518935316221      -0.0000307040474196      -0.0000041560026103
      -0.0010592579330286      -0.0000310882536922      -0.0000042137176557
      -0.0010666224546447      -0.0000314724908868      -0.0000042718246529
      -0.0010739870964660      -0.0000318567590049      -0.0000043303385122
      -0.0010813518584881      -0.0000322410580480      -0.0000043892556953
      -0.0010887167407066      -0.0000326253880176      -0.0000044485552867
      -0.0010960817431171      -0.0000330097489152      -0.0000045082652491
      -0.0011034468657152      -0.0000333941407423      -0.0000045683812080
      -0.0011108121084965      -0.0000337785635004      -0.0000046288834117
      -0.0011181774714567      -0.0000341630171910      -0.0000046897956816
      -0.0011255429545913      -0.0000345475018157      -0.0000047510969742
      -0.0011329085578959      -0.0000349320173758      -0.0000048127896007
      -0.0011402742813661      -0.0000353165638730      -0.0000048748895940
      -0.0011476401249976      -0.0000357011413088      -0.0000049373857775
      -0.0011550060887860      -0.0000360857496845      -0.0000050002798563
      -0.0011623721727268      -0.0000364703890018      -0.0000050635766612
      -0.0011697383768157      -0.0000368550592622      -0.0000051272611278
      -0.0011771047010482      -0.0000372397604670      -0.0000051913428671
      -0.0011844711454201      -0.0000376244926180      -0.0000052558297042
      -0.0011918377099267      -0.0000380092557165      -0.0000053207045966
      -0.0011992043945639      -0.0000383940497641      -0.0000053859800790
      -0.0012065711993272      -0.0000387788747622      -0.0000054516503869
      -0.0012139381242121      -0.0000391637307124      -0.0000055177198154
      -0.0012213051692143      -0.0000395486176162      -0.0000055841892255
      -0.0012286723343294      -0.0000399335354751      -0.0000056510460930
      -0.0012360396195530      -0.0000403184842905      -0.0000057183002555
      -0.0012434070248806      -0.0000407034640641      -0.0000057859477414
      -0.0012507745503081      -0.0000410884747972      -0.0000058539994870
      -0.0012581421958307      -0.0000414735164915      -0.0000059224371994
      -0.0012655099614442      -0.0000418585891483      -0.0000059912777807
      -0.0012728778471443      -0.0000422436927693      -0.0000060605115645
      -0.0012802458529263      -0.0000426288273559      -0.0000061301225464
      -0.0012876139787862      -0.0000430139929097      -0.0000062001539994
      -0.0012949822247193      -0.0000433991894320      -0.0000062705710523
      -0.0013023505907212      -0.0000437844169245      -0.0000063413755325
      -0.0013097190767877      -0.0000441696753886      -0.0000064125811047
      -0.0013170876829142      -0.0000445549648259      -0.0000064841831211
      -0.0013244564090965      -0.0000449402852379      -0.0000065561816724
      -0.0013318252553299      -0.0000453256366260      -0.0000066285616324
      -0.0013391942216103      -0.0000457110189918      -0.0000067013397739
      -0.0013465633079331      -0.0000460964323367      -0.0000067745152243
      -0.0013539325142940      -0.0000464818766623      -0.0000068480837134
      -0.0013613018406885      -0.0000468673519701      -0.0000069220302493
      -0.0013686712871123      -0.0000472528582616      -0.0000069963949189
      -0.0013760408535610      -0.0000476383955383      -0.0000070711401300
      -0.0013834105400300      -0.0000480239638017      -0.0000071462747761
      -0.0013907803465151      -0.0000484095630533      -0.0000072218008004
      -0.0013981502730119      -0.0000487951932946      -0.0000072977285094
      -0.0014055203195158      -0.0000491808545272      -0.0000073740427895
      -0.0014128904860226      -0.0000495665467525      -0.0000074507497511
      -0.0014202607725278      -0.0000499522699720      -0.0000075278462879
      -0.0014276311790270      -0.0000503380241872      -0.0000076053393647
      -0.0014350017055157      -0.0000507238093997      -0.0000076832198161
      -0.0014423723519897      -0.0000511096256110      -0.0000077614939554
      -0.0014497431184444      -0.0000514954728225      -0.0000078401604502
      -0.0014571140048756      -0.0000518813510358      -0.0000079192165659
      -0.0014644850112786      -0.0000522672602524      -0.0000079986644009
      -0.0014651172334972      -0.0000523003366931      -0.0000080934048164
