      -0.0000000000041380       0.0000000000000000       0.0000000720007576
      -0.0000000300045701       0.0000000000000000       0.0000000000000211
      -0.0000000600070644       0.0000000000000000      -0.0000000000000826
      -0.0000001050108030       0.0000000000000000      -0.0000000000002132
      -0.0000001725163983       0.0000000000000000      -0.0000000000005881
      -0.0000002737747628       0.0000000000000000      -0.0000000000014412
      -0.0000004256622455       0.0000000000000000      -0.0000000000032900
      -0.0000006534933253       0.0000000000000000      -0.0000000000076445
      -0.0000009952396207       0.0000000000000000      -0.0000000000175353
      -0.0000015078583339       0.0000000000000000      -0.0000000000399865
      -0.0000022767847616       0.0000000000000000      -0.0000000000907780
      -0.0000034301707538       0.0000000000000000      -0.0000000002044605
      -0.0000051602412492       0.0000000000000000      -0.0000000004638986
      -0.0000077553281161       0.0000000000000000      -0.0000000010484864
      -0.0000116479159396       0.0000000000000000      -0.0000000023699949
      -0.0000174863214194       0.0000000000000000      -0.0000000042784915
      -0.0000234859923294       0.0000000000000000      -0.0000000068737328
      -0.0000294855407068       0.0000000000000000      -0.0000000100963057
      -0.0000354849666187       0.0000000000000000      -0.0000000139745445
      -0.0000414842700184       0.0000000000000000      -0.0000000185319340
      -0.0000474834508585       0.0000000000000000      -0.0000000237881890
      -0.0000534825090905       0.0000000000000000      -0.0000000297634263
      -0.0000594814446650       0.0000000000000000      -0.0000000364776704
      -0.0000654802575319       0.0000000000000000      -0.0000000439513260
      -0.0000714789476399       0.0000000000000000      -0.0000000522048754
      -0.0000774775149367       0.0000000000000000      -0.0000000612589209
      -0.0000834759593692       0.0000000000000000      -0.0000000711343336
      -0.0000894742808832       0.0000000000000000      -0.0000000818520212
      -0.0000954724794235       0.0000000000000000      -0.0000000934330468
      -0.0001014705549338       0.0000000000000000      -0.0000001058987431
      -0.0001074685073566       0.0000000000000000      -0.0000001192704146
      -0.0001134663366337       0.0000000000000000      -0.0000001335696065
      -0.0001194640427054       0.0000000000000000      -0.0000001488179409
      -0.0001254616255111       0.0000000000000000      -0.0000001650371128
      -0.0001314590849889       0.0000000000000000      -0.0000001822490370
      -0.0001374564210757       0.0000000000000000      -0.0000002004755277
      -0.0001434536337073       0.0000000000000000      -0.0000002197387576
      -0.0001494507228183       0.0000000000000000      -0.0000002400607647
      -0.0001554476883419       0.0000000000000000      -0.0000002614637637
      -0.0001614445302101       0.0000000000000000      -0.0000002839699392
      -0.0001674412483535       0.0000000000000000      -0.0000003076016644
      -0.0001734378427017       0.0000000000000000      -0.0000003323812099
      -0.0001794343131825       0.0000000000000000      -0.0000003583309043
      -0.0001854306597225       0.0000000000000000      -0.0000003854732113
      -0.0001914268822469       0.0000000000000000      -0.0000004138305029
      -0.0001974229806794       0.0000000000000000      -0.0000004434250694
      -0.0002034189549423       0.0000000000000000      -0.0000004742793513
      -0.0002094148049564       0.0000000000000000      -0.0000005064155662
      -0.0002154105306407       0.0000000000000000      -0.0000005398560644
      -0.0002214061319131       0.0000000000000000      -0.0000005746230406
      -0.0002274016086893       0.0000000000000000      -0.0000006107384916
      -0.0002333969608840       0.0000000000000000      -0.0000006482244564
      -0.0002393921884096       0.0000000000000000      -0.0000006871028432
      -0.0002453872911773       0.0000000000000000      -0.0000007273953966
      -0.0002513822690962       0.0000000000000000      -0.0000007691236526
      -0.0002573771220739       0.0000000000000000      -0.0000008123090102
      -0.0002633718500158       0.0000000000000000      -0.0000008569726808
      -0.0002693664528258       0.0000000000000000      -0.0000009031355694
      -0.0002753609304058       0.0000000000000000      -0.0000009508183963
      -0.0002813552826556       0.0000000000000000      -0.0000010000416394
      -0.0002873495094731       0.0000000000000000      -0.0000010508253668
      -0.0002933436107542       0.0000000000000000      -0.0000011031893784
      -0.0002993375863927       0.0000000000000000      -0.0000011571531427
      -0.0003053314362803       0.0000000000000000      -0.0000012127357106
      -0.0003113251603064       0.0000000000000000      -0.0000012699555927
      -0.0003173187583583       0.0000000000000000      -0.0000013288310675
      -0.0003233122303210       0.0000000000000000      -0.0000013893797550
      -0.0003293055760772       0.0000000000000000      -0.0000014516187813
      -0.0003352987955072       0.0000000000000000      -0.0000015155647715
      -0.0003412918884888       0.0000000000000000      -0.0000015812336616
      -0.0003472848548974       0.0000000000000000      -0.0000016486407833
      -0.0003532776946058       0.0000000000000000      -0.0000017178008324
      -0.0003592704074843       0.0000000000000000      -0.0000017887276719
      -0.0003652629934004       0.0000000000000000      -0.0000018614344013
      -0.0003712554522190       0.0000000000000000      -0.0000019359333842
      -0.0003772477838020       0.0000000000000000      -0.0000020122360171
      -0.0003832399880088       0.0000000000000000      -0.0000020903527507
      -0.0003892320646955       0.0000000000000000      -0.0000021702931023
      -0.0003952240137155       0.0000000000000000      -0.0000022520654876
      -0.0004012158349189       0.0000000000000000      -0.0000023356772417
      -0.0004072075281529       0.0000000000000000      -0.0000024211345592
      -0.0004131990932614       0.0000000000000000      -0.0000025084423108
      -0.0004191905300848       0.0000000000000000      -0.0000025976041194
      -0.0004251818384606       0.0000000000000000      -0.0000026886221419
      -0.0004311730182223       0.0000000000000000      -0.0000027814972187
      -0.0004371640692004       0.0000000000000000      -0.0000028762285330
      -0.0004431549912213       0.0000000000000000      -0.0000029728136810
      -0.0004491457841081       0.0000000000000000      -0.0000030712484994
      -0.0004551364476798       0.0000000000000000      -0.0000031715271251
      -0.0004611269817516       0.0000000000000000      -0.0000032736417399
      -0.0004671173861349       0.0000000000000000      -0.0000033775824825
      -0.0004731076606368       0.0000000000000000      -0.0000034833374873
      -0.0004790978050602       0.0000000000000000      -0.0000035908926332
      -0.0004850878192038       0.0000000000000000      -0.0000037002314757
      -0.0004910777028618       0.0000000000000000      -0.0000038113351334
      -0.0004970674558240       0.0000000000000000      -0.0000039241821787
      -0.0005030570778755       0.0000000000000000      -0.0000040387485253
      -0.0005090465687966       0.0000000000000000      -0.0000041550071590
      -0.0005150359283628       0.0000000000000000      -0.0000042729281837
      -0.0005210251563445       0.0000000000000000      -0.0000043924786017
      -0.0005270142525071       0.0000000000000000      -0.0000045136220730
      -0.0005330032166107       0.0000000000000000      -0.0000046363188816
      -0.0005389920484099       0.0000000000000000      -0.0000047605257105
      -0.0005449807476537       0.0000000000000000      -0.0000048861954556
      -0.0005509693140856       0.0000000000000000      -0.0000050132770399
      -0.0005569577474432       0.0000000000000000      -0.0000051417153034
      -0.0005629460474580       0.0000000000000000      -0.0000052714506196
      -0.0005689342138554       0.0000000000000000      -0.0000054024189015
      -0.0005749222463543       0.0000000000000000      -0.0000055345512433
      -0.0005809101446674       0.0000000000000000      -0.0000056677736873
      -0.0005868979085004       0.0000000000000000      -0.0000058020071013
      -0.0005928855375523       0.0000000000000000      -0.0000059371667096
      -0.0005988730315150       0.0000000000000000      -0.0000060731621237
      -0.0006048603900731       0.0000000000000000      -0.0000062098967739
      -0.0006108476129039       0.0000000000000000      -0.0000063472677955
      -0.0006168346996767       0.0000000000000000      -0.0000064851656622
      -0.0006228216500533       0.0000000000000000      -0.0000066234739260
      -0.0006288084636870       0.0000000000000000      -0.0000067620687851
      -0.0006347951402230       0.0000000000000000      -0.0000069008187922
      -0.0006407816792979       0.0000000000000000      -0.0000070395845120
      -0.0006467680805393       0.0000000000000000      -0.0000071782181054
      -0.0006527543435659       0.0000000000000000      -0.0000073165628990
      -0.0006587404679870       0.0000000000000000      -0.0000074544530037
      -0.0006647264534021       0.0000000000000000      -0.0000075917128902
      -0.0006707122994010       0.0000000000000000      -0.0000077281568805
      -0.0006766980055631       0.0000000000000000      -0.0000078635886703
      -0.0006826835714574       0.0000000000000000      -0.0000079978008583
      -0.0006886689966420       0.0000000000000000      -0.0000081305743151
      -0.0006946542806640       0.0000000000000000      -0.0000082616777534
      -0.0007006394230587       0.0000000000000000      -0.0000083908670389
      -0.0007066244233497       0.0000000000000000      -0.0000085178845971
      -0.0007126092810485       0.0000000000000000      -0.0000086424587945
      -0.0007185939956538       0.0000000000000000      -0.0000087643031626
      -0.0007245785666515       0.0000000000000000      -0.0000088831158234
      -0.0007305629935139       0.0000000000000000      -0.0000089985786000
      -0.0007365472756995       0.0000000000000000      -0.0000091103563574
      -0.0007425314126528       0.0000000000000000      -0.0000092180959951
      -0.0007485154038032       0.0000000000000000      -0.0000093214257329
      -0.0007544992485653       0.0000000000000000      -0.0000094199541196
      -0.0007604829463377       0.0000000000000000      -0.0000095132691001
      -0.0007664664965030       0.0000000000000000      -0.0000096009369136
      -0.0007724498984270       0.0000000000000000      -0.0000096825010925
      -0.0007784331514583       0.0000000000000000      -0.0000097574813764
      -0.0007844162549276       0.0000000000000000      -0.0000098253724032
      -0.0007903992081472       0.0000000000000000      -0.0000098856425259
      -0.0007963821799794       0.0000000000000000      -0.0000100145688399
      -0.0008023655372682       0.0000000000000000      -0.0000101614285748
      -0.0008083491007333       0.0000000000000000      -0.0000102909054826
      -0.0008143325446996       0.0000000000000000      -0.0000104425157496
      -0.0008203158695145       0.0000000000000000      -0.0000105951244226
      -0.0008262990749871       0.0000000000000000      -0.0000107488702020
      -0.0008322821611231       0.0000000000000000      -0.0000109037165382
      -0.0008382651279271       0.0000000000000000      -0.0000110596636249
      -0.0008442479754037       0.0000000000000000      -0.0000112167112876
      -0.0008502307035578       0.0000000000000000      -0.0000113748593550
      -0.0008562133123941       0.0000000000000000      -0.0000115341077198
      -0.0008621958019174       0.0000000000000000      -0.0000116944562266
      -0.0008681781721324       0.0000000000000000      -0.0000118559047116
      -0.0008741604230439       0.0000000000000000      -0.0000120184530567
      -0.0008801425546566       0.0000000000000000      -0.0000121821011186
      -0.0008861245669754       0.0000000000000000      -0.0000123468487556
      -0.0008921064600049       0.0000000000000000      -0.0000125126958059
      -0.0008980882337499       0.0000000000000000      -0.0000126796421780
      -0.0009040698882152       0.0000000000000000      -0.0000128476876759
      -0.0009100514234055       0.0000000000000000      -0.0000130168321901
      -0.0009160328393257       0.0000000000000000      -0.0000131870755789
      -0.0009220141359803       0.0000000000000000      -0.0000133584176922
      -0.0009279953133743       0.0000000000000000      -0.0000135308584047
      -0.0009339763715123       0.0000000000000000      -0.0000137043975363
      -0.0009399573103992       0.0000000000000000      -0.0000138790350073
      -0.0009459381300396       0.0000000000000000      -0.0000140547706198
      -0.0009519188304383       0.0000000000000000      -0.0000142316042356
      -0.0009578994116002       0.0000000000000000      -0.0000144095357727
      -0.0009638798735298       0.0000000000000000      -0.0000145885650256
      -0.0009698602162320       0.0000000000000000      -0.0000147686918898
      -0.0009758404397116       0.0000000000000000      -0.0000149499162272
      -0.0009818205439733       0.0000000000000000      -0.0000151322378703
      -0.0009878005290218       0.0000000000000000      -0.0000153156566995
      -0.0009937803948619       0.0000000000000000      -0.0000155001725528
      -0.0009997601414984       0.0000000000000000      -0.0000156857853199
      -0.0010057397689360       0.0000000000000000      -0.0000158724948274
      -0.0010117192771794       0.0000000000000000      -0.0000160603009737
      -0.0010176986662335       0.0000000000000000      -0.0000162492035864
      -0.0010236779361029       0.0000000000000000      -0.0000164392025261
      -0.0010296570867924       0.0000000000000000      -0.0000166302976525
      -0.0010356361183068       0.0000000000000000      -0.0000168224888586
      -0.0010416150306507       0.0000000000000000      -0.0000170157759838
      -0.0010475938238291       0.0000000000000000      -0.0000172101588432
      -0.0010535724978466       0.0000000000000000      -0.0000174056373689
      -0.0010595510527079       0.0000000000000000      -0.0000176022113927
      -0.0010655294884178       0.0000000000000000      -0.0000177998807437
      -0.0010715078049811       0.0000000000000000      -0.0000179986453175
      -0.0010774860024026       0.0000000000000000      -0.0000181985049689
      -0.0010834640806868       0.0000000000000000      -0.0000183994595685
      -0.0010894420398387       0.0000000000000000      -0.0000186015089434
      -0.0010954198798630       0.0000000000000000      -0.0000188046529582
      -0.0011013976007643       0.0000000000000000      -0.0000190088915062
      -0.0011073752025475       0.0000000000000000      -0.0000192142243848
      -0.0011133526852173       0.0000000000000000      -0.0000194206515249
      -0.0011193300487784       0.0000000000000000      -0.0000196281727522
      -0.0011253072932356       0.0000000000000000      -0.0000198367879338
      -0.0011312844185937       0.0000000000000000      -0.0000200464969325
      -0.0011372614248574       0.0000000000000000      -0.0000202572995821
      -0.0011432383120313       0.0000000000000000      -0.0000204691957739
      -0.0011492150801204       0.0000000000000000      -0.0000206821853687
      -0.0011551917291293       0.0000000000000000      -0.0000208962682041
      -0.0011611682590627       0.0000000000000000      -0.0000211114441448
      -0.0011671446699255       0.0000000000000000      -0.0000213277130478
      -0.0011731209617223       0.0000000000000000      -0.0000215450747838
      -0.0011790971344579       0.0000000000000000      -0.0000217635292146
      -0.0011850731881370       0.0000000000000000      -0.0000219830762046
      -0.0011910491227645       0.0000000000000000      -0.0000222037155907
      -0.0011970242544210       0.0000000000000000      -0.0000222226771305
