       0.0000000000000000       0.0000000000000000       0.0000000000000000       0.0000000000000000       0.0000000000000000       0.0000000000000000       0.0000000000000000       0.0000000000000000       0.0000000000000000       0.0000000000000000       0.0000000000000000       0.0000000000000000
       0.0000000000000000       0.0000000000000000       0.0000000000000000       0.0000000000000000       0.0000000000000000       0.0000000000000000       0.0000000000000000       0.0000000000000000       0.0000000000000000       0.0000000000000000       0.0000000000000000       0.0000000000000000
       0.0000000000000000       0.0000000000000000       0.0000000000000000       0.0000000000000000       0.0000000000000000       0.0000000000000000       0.0000000000000000       0.0000000000000000       0.0000000000000000       0.0000000000000000       0.0000000000000000       0.0000000000000000
       0.0000000000000000       0.0000000000000000       0.0000000000000000       0.0000000000000000       0.0000000000000000       0.0000000000000000       0.0000000000000000       0.0000000000000000       0.0000000000000000       0.0000000000000000       0.0000000000000000       0.0000000000000000
       0.0000000000000000       0.0000000000000000       0.0000000000000000       0.0000000000000000       0.0000000000000000       0.0000000000000000       0.0000000000000000       0.0000000000000000       0.0000000000000000       0.0000000000000000       0.0000000000000000       0.0000000000000000
       0.0000000000000000       0.0000000000000000       0.0000000000000000       0.0000000000000000       0.0000000000000000       0.0000000000000000       0.0000000000000000       0.0000000000000000       0.0000000000000000       0.0000000000000000       0.0000000000000000       0.0000000000000000
       0.0000000000000000       0.0000000000000000       0.0000000000000000       0.0000000000000000       0.0000000000000000       0.0000000000000000       0.0000000000000000       0.0000000000000000       0.0000000000000000       0.0000000000000000       0.0000000000000000       0.0000000000000000
       0.0000000000000000       0.0000000000000000       0.0000000000000000       0.0000000000000000       0.0000000000000000       0.0000000000000000       0.0000000000000000       0.0000000000000000       0.0000000000000000       0.0000000000000000       0.0000000000000000       0.0000000000000000
       0.0000000000000000       0.0000000000000000       0.0000000000000000       0.0000000000000000       0.0000000000000000       0.0000000000000000       0.0000000000000000       0.0000000000000000       0.0000000000000000       0.0000000000000000       0.0000000000000000       0.0000000000000000
       0.0000000000000000       0.0000000000000000       0.0000000000000000       0.0000000000000000       0.0000000000000000       0.0000000000000000       0.0000000000000000       0.0000000000000000       0.0000000000000000       0.0000000000000000       0.0000000000000000       0.0000000000000000
       0.0000000000000000       0.0000000000000000       0.0000000000000000       0.0000000000000000       0.0000000000000000       0.0000000000000000       0.0000000000000000       0.0000000000000000       0.0000000000000000       0.0000000000000000       0.0000000000000000       0.0000000000000000
       0.0000000000000000       0.0000000000000000       0.0000000000000000       0.0000000000000000       0.0000000000000000       0.0000000000000000       0.0000000000000000       0.0000000000000000       0.0000000000000000       0.0000000000000000       0.0000000000000000       0.0000000000000000
       0.0000000000000000       0.0000000000000000       0.0000000000000000       0.0000000000000000       0.0000000000000000       0.0000000000000000       0.0000000000000000       0.0000000000000000       0.0000000000000000       0.0000000000000000       0.0000000000000000       0.0000000000000000
       0.0000000000000000       0.0000000000000000       0.0000000000000000       0.0000000000000000       0.0000000000000000       0.0000000000000000       0.0000000000000000       0.0000000000000000       0.0000000000000000       0.0000000000000000       0.0000000000000000       0.0000000000000000
       0.0000000000000000       0.0000000000000000       0.0000000000000000       0.0000000000000000       0.0000000000000000       0.0000000000000000       0.0000000000000000       0.0000000000000000       0.0000000000000000       0.0000000000000000       0.0000000000000000       0.0000000000000000
       0.0000000000000000       0.0000000000000000       0.0000000000000000       0.0000000000000000       0.0000000000000000       0.0000000000000000       0.0000000000000000       0.0000000000000000       0.0000000000000000       0.0000000000000000       0.0000000000000000       0.0000000000000000
       0.0000000000000000       0.0000000000000000       0.0000000000000000       0.0000000000000000       0.0000000000000000       0.0000000000000000       0.0000000000000000       0.0000000000000000       0.0000000000000000       0.0000000000000000       0.0000000000000000       0.0000000000000000
       0.0000000000000000       0.0000000000000000       0.0000000000000000       0.0000000000000000       0.0000000000000000       0.0000000000000000       0.0000000000000000       0.0000000000000000       0.0000000000000000       0.0000000000000000       0.0000000000000000       0.0000000000000000
       0.0000000000000000       0.0000000000000000       0.0000000000000000       0.0000000000000000       0.0000000000000000       0.0000000000000000       0.0000000000000000       0.0000000000000000       0.0000000000000000       0.0000000000000000       0.0000000000000000       0.0000000000000000
       0.0000000000000000       0.0000000000000000       0.0000000000000000       0.0000000000000000       0.0000000000000000       0.0000000000000000       0.0000000000000000       0.0000000000000000       0.0000000000000000       0.0000000000000000       0.0000000000000000       0.0000000000000000
       0.0000000000000000       0.0000000000000000       0.0000000000000000       0.0000000000000000       0.0000000000000000       0.0000000000000000       0.0000000000000000       0.0000000000000000       0.0000000000000000       0.0000000000000000       0.0000000000000000       0.0000000000000000
       0.0000000000000000       0.0000000000000000       0.0000000000000000       0.0000000000000000       0.0000000000000000       0.0000000000000000       0.0000000000000000       0.0000000000000000       0.0000000000000000       0.0000000000000000       0.0000000000000000       0.0000000000000000
       0.0000000000000000       0.0000000000000000       0.0000000000000000       0.0000000000000000       0.0000000000000000       0.0000000000000000       0.0000000000000000       0.0000000000000000       0.0000000000000000       0.0000000000000000       0.0000000000000000       0.0000000000000000
       0.0000000000000000       0.0000000000000000       0.0000000000000000       0.0000000000000000       0.0000000000000000       0.0000000000000000       0.0000000000000000       0.0000000000000000       0.0000000000000000       0.0000000000000000       0.0000000000000000       0.0000000000000000
       0.0000000000000000       0.0000000000000000       0.0000000000000000       0.0000000000000000       0.0000000000000000       0.0000000000000000       0.0000000000000000       0.0000000000000000       0.0000000000000000       0.0000000000000000       0.0000000000000000       0.0000000000000000
       0.0000000000000000       0.0000000000000000       0.0000000000000000       0.0000000000000000       0.0000000000000000       0.0000000000000000       0.0000000000000000       0.0000000000000000       0.0000000000000000       0.0000000000000000       0.0000000000000000       0.0000000000000000
       0.0000000000000000       0.0000000000000000       0.0000000000000000       0.0000000000000000       0.0000000000000000       0.0000000000000000       0.0000000000000000       0.0000000000000000       0.0000000000000000       0.0000000000000000       0.0000000000000000       0.0000000000000000
       0.0000000000000000       0.0000000000000000       0.0000000000000000       0.0000000000000000       0.0000000000000000       0.0000000000000000       0.0000000000000000       0.0000000000000000       0.0000000000000000       0.0000000000000000       0.0000000000000000       0.0000000000000000
       0.0000000000000000       0.0000000000000000       0.0000000000000000       0.0000000000000000       0.0000000000000000       0.0000000000000000       0.0000000000000000       0.0000000000000000       0.0000000000000000       0.0000000000000000       0.0000000000000000       0.0000000000000000
       0.0000000000000000       0.0000000000000000       0.0000000000000000       0.0000000000000000       0.0000000000000000       0.0000000000000000       0.0000000000000000       0.0000000000000000       0.0000000000000000       0.0000000000000000       0.0000000000000000       0.0000000000000000
       0.0000000000000000       0.0000000000000000       0.0000000000000000       0.0000000000000000       0.0000000000000000       0.0000000000000000       0.0000000000000000       0.0000000000000000       0.0000000000000000       0.0000000000000000       0.0000000000000000       0.0000000000000000
       0.0000000000000000       0.0000000000000000       0.0000000000000000       0.0000000000000000       0.0000000000000000       0.0000000000000000       0.0000000000000000       0.0000000000000000       0.0000000000000000       0.0000000000000000       0.0000000000000000       0.0000000000000000
       0.0000000000000000       0.0000000000000000       0.0000000000000000       0.0000000000000000       0.0000000000000000       0.0000000000000000       0.0000000000000000       0.0000000000000000       0.0000000000000000       0.0000000000000000       0.0000000000000000       0.0000000000000000
       0.0000000000000000       0.0000000000000000       0.0000000000000000       0.0000000000000000       0.0000000000000000       0.0000000000000000       0.0000000000000000       0.0000000000000000       0.0000000000000000       0.0000000000000000       0.0000000000000000       0.0000000000000000
       0.0000000000000000       0.0000000000000000       0.0000000000000000       0.0000000000000000       0.0000000000000000       0.0000000000000000       0.0000000000000000       0.0000000000000000       0.0000000000000000       0.0000000000000000       0.0000000000000000       0.0000000000000000
       0.0000000000000000       0.0000000000000000       0.0000000000000000       0.0000000000000000       0.0000000000000000       0.0000000000000000       0.0000000000000000       0.0000000000000000       0.0000000000000000       0.0000000000000000       0.0000000000000000       0.0000000000000000
       0.0000000000000000       0.0000000000000000       0.0000000000000000       0.0000000000000000       0.0000000000000000       0.0000000000000000       0.0000000000000000       0.0000000000000000       0.0000000000000000       0.0000000000000000       0.0000000000000000       0.0000000000000000
       0.0000000000000000       0.0000000000000000       0.0000000000000000       0.0000000000000000       0.0000000000000000       0.0000000000000000       0.0000000000000000       0.0000000000000000       0.0000000000000000       0.0000000000000000       0.0000000000000000       0.0000000000000000
       0.0000000000000000       0.0000000000000000       0.0000000000000000       0.0000000000000000       0.0000000000000000       0.0000000000000000       0.0000000000000000       0.0000000000000000       0.0000000000000000       0.0000000000000000       0.0000000000000000       0.0000000000000000
       0.0000000000000000       0.0000000000000000       0.0000000000000000       0.0000000000000000       0.0000000000000000       0.0000000000000000       0.0000000000000000       0.0000000000000000       0.0000000000000000       0.0000000000000000       0.0000000000000000       0.0000000000000000
       0.0000000000000000       0.0000000000000000       0.0000000000000000       0.0000000000000000       0.0000000000000000       0.0000000000000000       0.0000000000000000       0.0000000000000000       0.0000000000000000       0.0000000000000000       0.0000000000000000       0.0000000000000000
       0.0000000000000000       0.0000000000000000       0.0000000000000000       0.0000000000000000       0.0000000000000000       0.0000000000000000       0.0000000000000000       0.0000000000000000       0.0000000000000000       0.0000000000000000       0.0000000000000000       0.0000000000000000
       0.0000000000000002       0.0000000000000000       0.0000000000000000       0.0000000000000000       0.0000000000000000       0.0000000000000000       0.0000000000000002       0.0000000000000000       0.0000000000000000       0.0000000000000000       0.0000000000000000       0.0000000000000000
       0.0000000000000018       0.0000000000000000       0.0000000000000000       0.0000000000000000       0.0000000000000000       0.0000000000000000       0.0000000000000018       0.0000000000000000       0.0000000000000000       0.0000000000000000       0.0000000000000000       0.0000000000000000
       0.0000000000000182       0.0000000000000000       0.0000000000000000       0.0000000000000000       0.0000000000000000       0.0000000000000000       0.0000000000000182       0.0000000000000000       0.0000000000000000       0.0000000000000000       0.0000000000000000       0.0000000000000000
       0.0000000000001741       0.0000000000000000       0.0000000000000000       0.0000000000000000       0.0000000000000000       0.0000000000000000       0.0000000000001741       0.0000000000000000       0.0000000000000000       0.0000000000000000       0.0000000000000000       0.0000000000000000
       0.0000000000015568       0.0000000000000000       0.0000000000000000       0.0000000000000000       0.0000000000000000       0.0000000000000000       0.0000000000015569       0.0000000000000000       0.0000000000000000       0.0000000000000000       0.0000000000000000       0.0000000000000000
       0.0000000000130937       0.0000000000000000       0.0000000000000000       0.0000000000000000       0.0000000000000000       0.0000000000000000       0.0000000000130936       0.0000000000000000       0.0000000000000000       0.0000000000000000       0.0000000000000000       0.0000000000000000
       0.0000000001039115       0.0000000000000000       0.0000000000000000       0.0000000000000000       0.0000000000000000       0.0000000000000000       0.0000000001039073       0.0000000000000000       0.0000000000000000       0.0000000000000000       0.0000000000000000       0.0000000000000000
       0.0000000007829448       0.0000000000000000       0.0000000000000000       0.0000000000000000       0.0000000000000000       0.0000000000000000       0.0000000007828836       0.0000000000000000       0.0000000000000000       0.0000000000000000       0.0000000000000000       0.0000000000000000
       0.0000000055802495       0.0000000000000000       0.0000000000000000       0.0000000000000000       0.0000000000000000       0.0000000000000000       0.0000000055795990       0.0000000000000000       0.0000000000000000       0.0000000000000000       0.0000000000000000       0.0000000000000000
       0.0000000378405749       0.0000000000000000       0.0000000000000000       0.0000000000000000       0.0000000000000000       0.0000000000000000       0.0000000378346612       0.0000000000000000       0.0000000000000000       0.0000000000000000       0.0000000000000000       0.0000000000000000
       0.0000002448350085       0.0000000000000000       0.0000000000000000       0.0000000000000000       0.0000000000000000       0.0000000000000000       0.0000002447866784       0.0000000000000000       0.0000000000000000       0.0000000000000000       0.0000000000000000       0.0000000000000000
       0.0000015149523343       0.0000000000000000       0.0000000000000000       0.0000000000000000       0.0000000000000000       0.0000000000000000       0.0000015145887135       0.0000000000000000       0.0000000000000000       0.0000000000000000       0.0000000000000000       0.0000000000000000
       0.0000089833537442       0.0000000000000000       0.0000000000000000       0.0000000000000000       0.0000000000000000       0.0000000000000000       0.0000089808004121       0.0000000000000000       0.0000000000000000       0.0000000000000000       0.0000000000000000       0.0000000000000000
       0.0000511457398365       0.0000000000000000       0.0000000000000000       0.0000000000000000       0.0000000000000000       0.0000000000000000       0.0000511288569844       0.0000000000000000       0.0000000000000000       0.0000000000000000       0.0000000000000000       0.0000000000000000
       0.0002800007057137       0.0000000000000000       0.0000000000000000       0.0000000000000000       0.0000000000000000       0.0000000000000000       0.0002798949819442       0.0000000000000000       0.0000000000000000       0.0000000000000000       0.0000000000000000       0.0000000000000000
       0.0014740951093248       0.0000000000000000       0.0000000000000000       0.0000000000000000       0.0000000000000000       0.0000000000000000       0.0014734670033244       0.0000000000000000       0.0000000000000000       0.0000000000000000       0.0000000000000000       0.0000000000000000
       0.0074129110860819       0.0000000000000000       0.0000000000000000       0.0000000000000000       0.0000000000000000       0.0000000000000000       0.0074093675709386       0.0000000000000000       0.0000000000000000       0.0000000000000000       0.0000000000000000       0.0000000000000000
       0.0346083978003434       0.0000000000000000       0.0000000000000000       0.0000000000000000       0.0000000000000000       0.0000000000000000       0.0345910674726111       0.0000000000000000       0.0000000000000000       0.0000000000000000       0.0000000000000000       0.0000000000000000
       0.1360383708837946       0.0000000000000000       0.0000000000000000       0.0000000000000000       0.0000000000000000       0.0000000000000000       0.1359743157597552       0.0000000000000000       0.0000000000000000       0.0000000000000000       0.0000000000000000       0.0000000000000000
       0.3931735206807244      -0.0000000000000001       0.0000000000000000       0.0000000000000000       0.0000000000000000       0.0000000000000000       0.3930236119402811      -0.0000000000000001       0.0000000000000000       0.0000000000000000       0.0000000000000000       0.0000000000000000
       0.8246099066470669      -0.0000000000000005       0.0000000000000000       0.0000000000000000       0.0000000000000000       0.0000000000000000       0.8243703421183320      -0.0000000000000005       0.0000000000000000       0.0000000000000000       0.0000000000000000       0.0000000000000000
       1.3744485314751036      -0.0000000000000023       0.0000000000000000       0.0000000000000000       0.0000000000000000       0.0000000000000000       1.3741379522495181      -0.0000000000000023       0.0000000000000000       0.0000000000000000       0.0000000000000000       0.0000000000000000
       1.9837496921069802      -0.0000000000000097       0.0000000000000000       0.0000000000000000       0.0000000000000000       0.0000000000000000       1.9833828533589688      -0.0000000000000097       0.0000000000000000       0.0000000000000000       0.0000000000000000       0.0000000000000000
       2.6200564669290607      -0.0000000000000479       0.0000000000000000       0.0000000000000000       0.0000000000000000       0.0000000000000000       2.6196410607648342      -0.0000000000000479       0.0000000000000000       0.0000000000000000       0.0000000000000000       0.0000000000000000
       3.2668401590122689      -0.0000000000001960       0.0000000000000000       0.0000000000000000       0.0000000000000000       0.0000000000000000       3.2663775494935638      -0.0000000000001959       0.0000000000000000       0.0000000000000000       0.0000000000000000       0.0000000000000000
       3.9182034704726121      -0.0000000000007563       0.0000000000000000       0.0000000000000000       0.0000000000000000       0.0000000000000000       3.9176925867565551      -0.0000000000007560       0.0000000000000000       0.0000000000000000       0.0000000000000000       0.0000000000000000
       4.5705188266195513      -0.0000000000021742       0.0000000000000000       0.0000000000000000       0.0000000000000000       0.0000000000000000       4.5699584494332717      -0.0000000000021730       0.0000000000000000       0.0000000000000000       0.0000000000000000       0.0000000000000000
       5.2252634143769985      -0.0000000000073172       0.0000000000000000       0.0000000000000000       0.0000000000000000       0.0000000000000000       5.2246493816517487      -0.0000000000073129       0.0000000000000000       0.0000000000000000       0.0000000000000000       0.0000000000000000
       5.8799420511373013      -0.0000000000255769       0.0000000000000000       0.0000000000000000       0.0000000000000000       0.0000000000000000       5.8792706236061978      -0.0000000000255607       0.0000000000000000       0.0000000000000000       0.0000000000000000       0.0000000000000000
       6.5346931963344641      -0.0000000000890655       0.0000000000000000       0.0000000000000000       0.0000000000000000       0.0000000000000000       6.5339600123260055      -0.0000000000890052       0.0000000000000000       0.0000000000000000       0.0000000000000000       0.0000000000000000
       7.1894960916009847      -0.0000000003054099       0.0000000000000000       0.0000000000000000       0.0000000000000000       0.0000000000000000       7.1886965556157341      -0.0000000003051880       0.0000000000000000       0.0000000000000000       0.0000000000000000       0.0000000000000000
       7.8443627240147453      -0.0000000010283735       0.0000000000000000       0.0000000000000000       0.0000000000000000       0.0000000000000000       7.8434917337951484      -0.0000000010275729       0.0000000000000000       0.0000000000000000       0.0000000000000000       0.0000000000000000
       8.4993068989243774      -0.0000000044390596       0.0000000000000000       0.0000000000000000       0.0000000000000000       0.0000000000000000       8.4983570004972222      -0.0000000044353015       0.0000000000000000       0.0000000000000000       0.0000000000000000       0.0000000000000000
       9.1542991904070998      -0.0000000153911347       0.0000000000000000       0.0000000000000000       0.0000000000000000       0.0000000000000000       9.1532650740501200      -0.0000000153771737       0.0000000000000000       0.0000000000000000       0.0000000000000000       0.0000000000000000
       9.8093449408357234      -0.0000000499401807       0.0000000000000000       0.0000000000000000       0.0000000000000000       0.0000000000000000       9.8082201135560929      -0.0000000498916063       0.0000000000000000       0.0000000000000000       0.0000000000000000       0.0000000000000000
      10.4644319521685496      -0.0000001301519252       0.0000000000000000       0.0000000000000000       0.0000000000000000       0.0000000000000000      10.4632107993319607      -0.0000001300184038       0.0000000000000000       0.0000000000000000       0.0000000000000000       0.0000000000000000
      11.1195506373114252      -0.0000003758687182       0.0000000000000000       0.0000000000000000       0.0000000000000000       0.0000000000000000      11.1182588813146843      -0.0000003754722567       0.0000000000000000       0.0000000000000000       0.0000000000000000       0.0000000000000000
      11.7746968989074290      -0.0000011164558477       0.0000000000000000       0.0000000000000000       0.0000000000000000       0.0000000000000000      11.7733711120661440      -0.0000011152677476       0.0000000000000000       0.0000000000000000       0.0000000000000000       0.0000000000000000
      12.4299008319426392      -0.0000033134536594       0.0000000000000000       0.0000000000000000       0.0000000000000000       0.0000000000000000      12.4285525064871614      -0.0000033099176307       0.0000000000000000       0.0000000000000000       0.0000000000000000       0.0000000000000000
      13.0851730474775270      -0.0000101584513602       0.0000000000000000       0.0000000000000000       0.0000000000000000       0.0000000000000000      13.0838045416269999      -0.0000101475996155       0.0000000000000000       0.0000000000000000       0.0000000000000000       0.0000000000000000
      13.7404949036821158      -0.0000298789137355       0.0000000000000000       0.0000000000000000       0.0000000000000000       0.0000000000000000      13.7391065340814151      -0.0000298469749650       0.0000000000000000       0.0000000000000000       0.0000000000000000       0.0000000000000000
      14.3958706385033697      -0.0000858629240345       0.0000000000000000       0.0000000000000000       0.0000000000000000       0.0000000000000000      14.3944625063320615      -0.0000857710786218       0.0000000000000000       0.0000000000000000       0.0000000000000000       0.0000000000000000
      15.0513025276004981      -0.0002425090739899       0.0000000000000000       0.0000000000000000       0.0000000000000000       0.0000000000000000      15.0498745941915946      -0.0002422495039407       0.0000000000000000       0.0000000000000000       0.0000000000000000       0.0000000000000000
      15.7067911233358064      -0.0006744907132859       0.0000000000000000       0.0000000000000000       0.0000000000000000       0.0000000000000000      15.7053432743358883      -0.0006737685654112       0.0000000000000000       0.0000000000000000       0.0000000000000000       0.0000000000000000
      16.3623345930982040      -0.0018476850685327       0.0000000000000000       0.0000000000000000       0.0000000000000000       0.0000000000000000      16.3608666735419881      -0.0018457083009109       0.0000000000000000       0.0000000000000000       0.0000000000000000       0.0000000000000000
      17.0179263928412681      -0.0049775303295319       0.0000000000000000       0.0000000000000000       0.0000000000000000       0.0000000000000000      17.0164381911084064      -0.0049722240655336       0.0000000000000000       0.0000000000000000       0.0000000000000000       0.0000000000000000
      17.6735488665226406      -0.0131232571341335       0.0000000000000000       0.0000000000000000       0.0000000000000000       0.0000000000000000      17.6720400474272701      -0.0131094207201825       0.0000000000000000       0.0000000000000000       0.0000000000000000       0.0000000000000000
      18.3291589449389498      -0.0334681370573889       0.0000000000000000       0.0000000000000000       0.0000000000000000       0.0000000000000000      18.3276289534519954      -0.0334338574162083       0.0000000000000000       0.0000000000000000       0.0000000000000000       0.0000000000000000
      18.9846662295321309      -0.0803580476045206       0.0000000000000000       0.0000000000000000       0.0000000000000000       0.0000000000000000      18.9831142363613736      -0.0802809666294698       0.0000000000000000       0.0000000000000000       0.0000000000000000       0.0000000000000000
      19.6399182977539155      -0.1762885365197736      -0.0000000000000001       0.0000000000000000       0.0000000000000000      -0.0000000000000001      19.6383433423822602      -0.1761388899678740      -0.0000000000000001       0.0000000000000000       0.0000000000000000      -0.0000000000000001
      20.2947458123860045      -0.3418924371739494      -0.0000000000000003       0.0000000000000000       0.0000000000000000      -0.0000000000000003      20.2931472468257823      -0.3416503735531179      -0.0000000000000003       0.0000000000000000       0.0000000000000000      -0.0000000000000003
      20.9490544518580286      -0.5819899806316821      -0.0000000000000008       0.0000000000000000       0.0000000000000000      -0.0000000000000008      20.9474324125362585      -0.5816598930528399      -0.0000000000000008       0.0000000000000000       0.0000000000000000      -0.0000000000000008
      21.6028807852024443      -0.8824281309476226      -0.0000000000000021       0.0000000000000000       0.0000000000000000      -0.0000000000000019      21.6012361359495948      -0.8820296625650285      -0.0000000000000021       0.0000000000000000       0.0000000000000000      -0.0000000000000020
      22.2563366359346162      -1.2243307992881076      -0.0000000000000051       0.0000000000000000       0.0000000000000000      -0.0000000000000048      22.2546705351390095      -1.2238859863967473      -0.0000000000000051       0.0000000000000000       0.0000000000000000      -0.0000000000000048
      22.9095466924159830      -1.5920875335221361      -0.0000000000000137       0.0000000000000000       0.0000000000000000      -0.0000000000000128      22.9078601528581061      -1.5916141476023216      -0.0000000000000137       0.0000000000000000       0.0000000000000000      -0.0000000000000129
      23.5626231157936878      -1.9733725087952432      -0.0000000000000343       0.0000000000000000       0.0000000000000000      -0.0000000000000320      23.5609167448239560      -1.9728802089171180      -0.0000000000000342       0.0000000000000000       0.0000000000000000      -0.0000000000000322
      24.2156406581780139      -2.3623336968203796      -0.0000000000000835       0.0000000000000000       0.0000000000000000      -0.0000000000000777      24.2139147252177587      -2.3618284649559103      -0.0000000000000831       0.0000000000000000       0.0000000000000000      -0.0000000000000783
      24.8686471353991436      -2.7555023434761141      -0.0000000000001994       0.0000000000000000       0.0000000000000000      -0.0000000000001854      24.8669017241238208      -2.7549876308509331      -0.0000000000001985       0.0000000000000000       0.0000000000000000      -0.0000000000001868
      25.5216720424075625      -3.1509353687706403      -0.0000000000004702       0.0000000000000000       0.0000000000000000      -0.0000000000004369      25.5199071730963070      -3.1504130872199667      -0.0000000000004682       0.0000000000000000       0.0000000000000000      -0.0000000000004403
      26.1747144592814678      -3.5469700201383030      -0.0000000000009336       0.0000000000000000       0.0000000000000000      -0.0000000000008671      26.1729301260795886      -3.5464406688721946      -0.0000000000009297       0.0000000000000000       0.0000000000000000      -0.0000000000008738
      26.8278226757430005      -3.9443667948240502      -0.0000000000019987       0.0000000000000000       0.0000000000000000      -0.0000000000018550      26.8260188674803750      -3.9438314951434816      -0.0000000000019904       0.0000000000000000       0.0000000000000000      -0.0000000000018693
      27.4809774534627032      -4.3422000450625671      -0.0000000000044246       0.0000000000000000       0.0000000000000000      -0.0000000000041036      27.4791541802864003      -4.3416591277611927      -0.0000000000044063       0.0000000000000000       0.0000000000000000      -0.0000000000041352
      28.1341874810459700      -4.7401890162511258      -0.0000000000099017       0.0000000000000000       0.0000000000000000      -0.0000000000091765      28.1323447334553300      -4.7396425482204307      -0.0000000000098608       0.0000000000000000       0.0000000000000000      -0.0000000000092471
      28.7874542811252994      -5.1382490506636245      -0.0000000000221610       0.0000000000000000       0.0000000000000000      -0.0000000000205226      28.7855920272315942      -5.1376970118111673      -0.0000000000220695       0.0000000000000000       0.0000000000000000      -0.0000000000206805
      29.4407782064669377      -5.5363545349009691      -0.0000000000493702       0.0000000000000000       0.0000000000000000      -0.0000000000456862      29.4388964048846802      -5.5357968860659952      -0.0000000000491662       0.0000000000000000       0.0000000000000000      -0.0000000000460374
      30.0941593035320807      -5.9344976393832747      -0.0000000001092619       0.0000000000000000       0.0000000000000000      -0.0000000001010339      30.0922579148043141      -5.9339343487789131      -0.0000000001088106       0.0000000000000000       0.0000000000000000      -0.0000000001018105
      30.7475976039266605      -6.3326759330754916      -0.0000000002400287       0.0000000000000000       0.0000000000000000      -0.0000000002217894      30.7456765953571001      -6.3321069842546258      -0.0000000002390374       0.0000000000000000       0.0000000000000000      -0.0000000002234938
      31.4010931356064305      -6.7308886239867984      -0.0000000005232846       0.0000000000000000       0.0000000000000000      -0.0000000004831648      31.3991524796258688      -6.7303140153520928      -0.0000000005211236       0.0000000000000000       0.0000000000000000      -0.0000000004868768
      32.0546458971889621      -7.1291354198092973      -0.0000000011320932       0.0000000000000000       0.0000000000000000      -0.0000000010445263      32.0526855699586832      -7.1285551612209499      -0.0000000011274183       0.0000000000000000       0.0000000000000000      -0.0000000010525491
      32.7082558530596614      -7.5274161899722793      -0.0000000024306784       0.0000000000000000       0.0000000000000000      -0.0000000022410147      32.7062758348591132      -7.5268302978938184      -0.0000000024206412       0.0000000000000000       0.0000000000000000      -0.0000000022582233
      32.7642787020539004      -7.5615538221890386      -0.0000000025668175       0.0000000000000000       0.0000000000000000      -0.0000000023664489      32.7622969955080734      -7.5609674482194578      -0.0000000025562182       0.0000000000000000       0.0000000000000000      -0.0000000023846205
