       0.0000000000093995       0.0000000000000000       0.0059306701142549
       0.0000000663893956       0.0000000000000000       0.0233929762565409
       0.0000001327740836       0.0000000000000000       0.0409377043575819
       0.0000002323511010       0.0000000000000000       0.0672547899331710
       0.0000003817165943       0.0000000000000000       0.1067304035006601
       0.0000006057647602       0.0000000000000000       0.1659437905615635
       0.0000009418368426       0.0000000000000000       0.2547637962501606
       0.0000014459446335       0.0000000000000000       0.3879936187068497
       0.0000022021054891       0.0000000000000000       0.5878379505889266
       0.0000033363449439       0.0000000000000000       0.8876035443192497
       0.0000050377000116       0.0000000000000000       1.3372499005846581
       0.0000075897233568       0.0000000000000000       2.0117148573301589
       0.0000114177375502       0.0000000000000000       3.0234019913397545
       0.0000171597119956       0.0000000000000000       4.5409095101385386
       0.0000257725682963       0.0000000000000000       6.8171186122717504
       0.0000386907429035       0.0000000000000000       9.1561876093996233
       0.0000519656928255       0.0000000000000000      11.4951882411433797
       0.0000652403306604       0.0000000000000000      13.8341206554728107
       0.0000785146569578       0.0000000000000000      16.1729847768688657
       0.0000917886717371       0.0000000000000000      18.5117805281228058
       0.0001050623750179       0.0000000000000000      20.8505078302590405
       0.0001183357668206       0.0000000000000000      23.1891666024321097
       0.0001316088471659       0.0000000000000000      25.5277567618473391
       0.0001448816160745       0.0000000000000000      27.8662782237044944
       0.0001581540735675       0.0000000000000000      30.2047309011369904
       0.0001714262196663       0.0000000000000000      32.5431147051429903
       0.0001846980543926       0.0000000000000000      34.8814295445077960
       0.0001979695777683       0.0000000000000000      37.2196753257243387
       0.0002112407898158       0.0000000000000000      39.5578519529114914
       0.0002245116905578       0.0000000000000000      41.8959593277282636
       0.0002377822800173       0.0000000000000000      44.2339973492843228
       0.0002510525582178       0.0000000000000000      46.5719659140459612
       0.0002643225251831       0.0000000000000000      48.9098649157384600
       0.0002775921809374       0.0000000000000000      51.2476942452419095
       0.0002908615255053       0.0000000000000000      53.5854537904829940
       0.0003041305589121       0.0000000000000000      55.9231434363225759
       0.0003173992811833       0.0000000000000000      58.2607630644359276
       0.0003306676923450       0.0000000000000000      60.5983125531886841
       0.0003439357924238       0.0000000000000000      62.9357917775036881
       0.0003572035814468       0.0000000000000000      65.2732006087259151
       0.0003704710594418       0.0000000000000000      67.6105389144751427
       0.0003837382264370       0.0000000000000000      69.9478065584948894
       0.0003970050824614       0.0000000000000000      72.2850034004914477
       0.0004102716275444       0.0000000000000000      74.6221292959644131
       0.0004235378617165       0.0000000000000000      76.9591840960317910
       0.0004368037850085       0.0000000000000000      79.2961676472372687
       0.0004500693974521       0.0000000000000000      81.6330797913582984
       0.0004633346990799       0.0000000000000000      83.9699203651933459
       0.0004765996899251       0.0000000000000000      86.3066892003439960
       0.0004898643700220       0.0000000000000000      88.6433861229817950
       0.0005031287394057       0.0000000000000000      90.9800109536035109
       0.0005163927981122       0.0000000000000000      93.3165635067703505
       0.0005296565461787       0.0000000000000000      95.6530435908342156
       0.0005429199836432       0.0000000000000000      97.9894510076452860
       0.0005561831105451       0.0000000000000000     100.3257855522482771
       0.0005694459269249       0.0000000000000000     102.6620470125504596
       0.0005827084328243       0.0000000000000000     104.9982351689817079
       0.0005959706282862       0.0000000000000000     107.3343497941207261
       0.0006092325133553       0.0000000000000000     109.6703906523130598
       0.0006224940880773       0.0000000000000000     112.0063574992490061
       0.0006357553524998       0.0000000000000000     114.3422500815304517
       0.0006490163066720       0.0000000000000000     116.6780681361970693
       0.0006622769506447       0.0000000000000000     119.0138113902332577
       0.0006755372844707       0.0000000000000000     121.3494795600308862
       0.0006887973082048       0.0000000000000000     123.6850723508275678
       0.0007020570219037       0.0000000000000000     126.0205894561023285
       0.0007153164256266       0.0000000000000000     128.3560305569272941
       0.0007285755194348       0.0000000000000000     130.6913953212834372
       0.0007418343033924       0.0000000000000000     133.0266834033208454
       0.0007550927775660       0.0000000000000000     135.3618944425701045
       0.0007683509420250       0.0000000000000000     137.6970280630988270
       0.0007816087968420       0.0000000000000000     140.0320838726071315
       0.0007948663420928       0.0000000000000000     142.3670614614543979
       0.0008081235778567       0.0000000000000000     144.7019604016175265
       0.0008213805042167       0.0000000000000000     147.0367802455728565
       0.0008346371212598       0.0000000000000000     149.3715205250854297
       0.0008478934290773       0.0000000000000000     151.7061807499156032
       0.0008611494277649       0.0000000000000000     154.0407604064183715
       0.0008744051174235       0.0000000000000000     156.3752589560348554
       0.0008876596204509       0.0000000000000000     158.7100284026217878
       0.0009009144772685       0.0000000000000000     161.0447994737663180
       0.0009141691804692       0.0000000000000000     163.3795083688775378
       0.0009274235729201       0.0000000000000000     165.7141550684064839
       0.0009406776545634       0.0000000000000000     168.0487395640493560
       0.0009539314253488       0.0000000000000000     170.3832618580723874
       0.0009671848852880       0.0000000000000000     172.7177219527639522
       0.0009804380343928       0.0000000000000000     175.0521198503920175
       0.0009936908726751       0.0000000000000000     177.3864555532234135
       0.0010069434001466       0.0000000000000000     179.7207290635261074
       0.0010201956168190       0.0000000000000000     182.0549403835688054
       0.0010334475227042       0.0000000000000000     184.3890895156164049
       0.0010466991178138       0.0000000000000000     186.7231764619389764
       0.0010599504021597       0.0000000000000000     189.0572012248010765
       0.0010732013757536       0.0000000000000000     191.3911638064707290
       0.0010864520386073       0.0000000000000000     193.7250642092139685
       0.0010997023907326       0.0000000000000000     196.0589024352979948
       0.0011129524321411       0.0000000000000000     198.3926784869886433
       0.0011262021628448       0.0000000000000000     200.7263923665526022
       0.0011394515828552       0.0000000000000000     203.0600440762567871
       0.0011527006921842       0.0000000000000000     205.3936336183650440
       0.0011659494908436       0.0000000000000000     207.7271609951449136
       0.0011791979788450       0.0000000000000000     210.0606262088626011
       0.0011924461562004       0.0000000000000000     212.3940292617815828
       0.0012056940229213       0.0000000000000000     214.7273701561697408
       0.0012189415790196       0.0000000000000000     217.0606488942913188
       0.0012321888245070       0.0000000000000000     219.3938654784100208
       0.0012454357593953       0.0000000000000000     221.7270199107931319
       0.0012586823836962       0.0000000000000000     224.0601121937045548
       0.0012719286974215       0.0000000000000000     226.3931423294091303
       0.0012851747005830       0.0000000000000000     228.7261103201715002
       0.0012984203931923       0.0000000000000000     231.0590161682565906
       0.0013116657752613       0.0000000000000000     233.3918598759281338
       0.0013249085263022       0.0000000000000000     233.5917989475812533
