       0.0000000000071666       0.0000000000000000       0.0000005188022540
       0.0000001327554055       0.0000000000000000       0.0096109970847901
       0.0000002323231217       0.0000000000000000       0.0168192292640303
       0.0000003816746417       0.0000000000000000       0.0276315984673569
       0.0000006057020081       0.0000000000000000       0.0438501847789461
       0.0000009417432749       0.0000000000000000       0.0681781200282215
       0.0000014458055618       0.0000000000000000       0.1046701315442368
       0.0000022018998386       0.0000000000000000       0.1594083995752980
       0.0000033360430930       0.0000000000000000       0.2415163694557811
       0.0000050372621056       0.0000000000000000       0.3646796062355743
       0.0000075890999348       0.0000000000000000       0.5494273480301757
       0.0000114168776435       0.0000000000000000       0.8265554546870337
       0.0000171585913761       0.0000000000000000       1.2422622208442000
       0.0000257712680585       0.0000000000000000       1.8658552186854007
       0.0000386905205513       0.0000000000000000       2.8013186790733662
       0.0000519675416456       0.0000000000000000       3.7627364448559235
       0.0000652449012404       0.0000000000000000       4.7242475635742824
       0.0000785225688661       0.0000000000000000       5.6858522434949528
       0.0000918005517759       0.0000000000000000       6.6475500293815530
       0.0001050788441244       0.0000000000000000       7.6093409794002902
       0.0001183574474114       0.0000000000000000       8.5712250158663110
       0.0001316363621151       0.0000000000000000       9.5332020081365094
       0.0001449155882726       0.0000000000000000      10.4952718166358849
       0.0001581951257559       0.0000000000000000      11.4574343060530381
       0.0001714749744361       0.0000000000000000      12.4196893440794209
       0.0001847551342343       0.0000000000000000      13.3820367962530433
       0.0001980356051111       0.0000000000000000      14.3444765221727781
       0.0002113163870411       0.0000000000000000      15.3070083740018053
       0.0002245974799965       0.0000000000000000      16.2696321963293116
       0.0002378788839404       0.0000000000000000      17.2323478263053360
       0.0002511605988285       0.0000000000000000      18.1951550936699427
       0.0002644426246113       0.0000000000000000      19.1580538204523059
       0.0002777249612368       0.0000000000000000      20.1210438204686888
       0.0002910076086507       0.0000000000000000      21.0841248987690726
       0.0003042905667967       0.0000000000000000      22.0472968510158047
       0.0003175738356150       0.0000000000000000      23.0105594629236982
       0.0003308574150424       0.0000000000000000      23.9739125095991810
       0.0003441413050111       0.0000000000000000      24.9373557549010734
       0.0003574255054491       0.0000000000000000      25.9008889507448181
       0.0003707100162790       0.0000000000000000      26.8645118362562556
       0.0003839948374187       0.0000000000000000      27.8282241369686005
       0.0003972799687802       0.0000000000000000      28.7920255638614506
       0.0004105654102692       0.0000000000000000      29.7559158123703718
       0.0004238511617850       0.0000000000000000      30.7198945612553267
       0.0004371372232193       0.0000000000000000      31.6839614714049453
       0.0004504235944555       0.0000000000000000      32.6481161845306289
       0.0004637102753685       0.0000000000000000      33.6123583217092872
       0.0004769972658230       0.0000000000000000      34.5766874817814625
       0.0004902845656731       0.0000000000000000      35.5411032396420623
       0.0005035721747607       0.0000000000000003      36.5056051442499836
       0.0005168600929146       0.0000000000000021      37.4701927164502848
       0.0005301483199488       0.0000000000000145      38.4348654461304307
       0.0005434368556608       0.0000000000000936      39.3996227867047182
       0.0005567256998297       0.0000000000005795      40.3644641348671129
       0.0005700148522138       0.0000000000034387      41.3293887292518463
       0.0005833043125464       0.0000000000195919      42.2943951113375931
       0.0005965940805233       0.0000000001073481      43.2594783131626670
       0.0006098841557358       0.0000000005656699      44.2246157300877485
       0.0006231745374082       0.0000000028478467      45.1897004972590395
       0.0006364652242540       0.0000000132733923      46.1542694786640411
       0.0006497562155700       0.0000000520545645      47.1168425295283058
       0.0006630475127987       0.0000001503141220      48.0751452848393512
       0.0006763391182715       0.0000003151307041      49.0286541601602792
       0.0006896310310188       0.0000005251025381      49.9789264126640163
       0.0007029232482275       0.0000007579423413      50.9276059766873175
       0.0007162157495107       0.0000010009698027      51.8755971042992172
       0.0007295085935096       0.0000012481556308      52.8233620539436615
       0.0007428016983133       0.0000014971277818      53.7710630703135308
       0.0007560951404224       0.0000017468478569      54.7187999955263464
       0.0007693888322789       0.0000019970855524      55.6665324182306946
       0.0007826828742038       0.0000022473363763      56.6143256090914306
       0.0007959771533479       0.0000024976078819      57.5621714520479486
       0.0008092717637963       0.0000027478971603      58.5100696166969527
       0.0008225666611378       0.0000029982040904      59.4580164518265377
       0.0008358618400752       0.0000032485279429      60.4060074058421748
       0.0008491573000975       0.0000034988655945      61.3540384414857627
       0.0008624530379168       0.0000037492190177      62.3021040526026439
       0.0008757490476622       0.0000039995887523      63.2501977616883480
       0.0008890490087344       0.0000042499824277      64.1989835646961211
       0.0009023467790547       0.0000045004237755      65.1479871038978047
       0.0009156441222545       0.0000047509108412      66.0970822306915124
       0.0009289417581670       0.0000050014354727      67.0462673838608367
       0.0009422397016051       0.0000052519865280      67.9955432387515799
       0.0009555379604784       0.0000055025616414      68.9449099466855984
       0.0009688365356462       0.0000057531595689      69.8943671453195776
       0.0009821354248605       0.0000060037793491      70.8439130477300694
       0.0009954346258341       0.0000062544195661      71.7935425870304726
       0.0010087341375013       0.0000065050771427      72.7432429414868977
       0.0010220339598919       0.0000067557448114      73.6929828886092366
       0.0010353340934907       0.0000070064056860      74.6426906873066400
       0.0010486345388187       0.0000072570249135      75.5922248950170399
       0.0010619352963378       0.0000075075461003      76.5413659330863823
       0.0010752363665342       0.0000077579073340      77.4899131925275668
       0.0010885377495926       0.0000080080756458      78.4378201957123622
       0.0011018394452053       0.0000082580621446      79.3852250005037803
       0.0011151414528490       0.0000085079086844      80.3323127335042528
       0.0011284437721665       0.0000087576636027      81.2792369989906831
       0.0011417464030088       0.0000090073665587      82.2261184244362653
       0.0011550493453203       0.0000092570467939      83.1730152179193567
       0.0011683525991885       0.0000095067227801      84.1199616537937800
       0.0011816561647105       0.0000097564057096      85.0669769683184143
       0.0011949600419621       0.0000100061017647      86.0140779009349785
       0.0012082642310075       0.0000102558200706      86.9612561176805059
       0.0012215687318541       0.0000105055575966      87.9085212382553323
       0.0012348735444275       0.0000107553165371      88.8558758935800199
       0.0012481786686227       0.0000110050978864      89.8033209683008806
       0.0012614841043407       0.0000112549027909      90.7508567565899682
       0.0012747898514947       0.0000115047329970      91.6984833204098351
       0.0012880959100260       0.0000117545908297      92.6462006105193581
       0.0013014022799754       0.0000120044784745      93.5940085428715633
       0.0013147089615164       0.0000122543969013      94.5419070834525428
       0.0013280159548939       0.0000125043455853      95.4898962901169028
       0.0013291586432115       0.0000125257690036      95.5711502110650457
