      -0.0000000000000005       0.0000000000000000      -0.0000002844265061
       0.0000000000000166       0.0000000000000000      -0.0052674703099309
       0.0000000000000295       0.0000000000000000      -0.0092180644456210
       0.0000000000000398       0.0000000000000000      -0.0151439598818359
       0.0000000000000502       0.0000000000000000      -0.0240328062674543
       0.0000000000000682       0.0000000000000000      -0.0373660763926180
       0.0000000000001013       0.0000000000000000      -0.0573659794446603
       0.0000000000001553       0.0000000000000000      -0.0873658290972662
       0.0000000000002372       0.0000000000000000      -0.1323655940356498
       0.0000000000003582       0.0000000000000000      -0.1998652216472022
       0.0000000000005379       0.0000000000000000      -0.3011146193850431
       0.0000000000008072       0.0000000000000000      -0.4529886177375227
       0.0000000000012135       0.0000000000000000      -0.6807993938355674
       0.0000000000018289       0.0000000000000000      -1.0225150595415962
       0.0000000000027644       0.0000000000000000      -1.5350874373515366
       0.0000000000028777       0.0000000000000000      -2.0618291008940357
       0.0000000000029221       0.0000000000000000      -2.5885693445777558
       0.0000000000029723       0.0000000000000000      -3.1153081701751115
       0.0000000000030283       0.0000000000000000      -3.6420455790325668
       0.0000000000030904       0.0000000000000000      -4.1687815723843906
       0.0000000000031586       0.0000000000000000      -4.6955161514631483
       0.0000000000032332       0.0000000000000000      -5.2222493175063098
       0.0000000000033142       0.0000000000000000      -5.7489810717603937
       0.0000000000034013       0.0000000000000000      -6.2757114154687663
       0.0000000000034948       0.0000000000000000      -6.8024403498646198
       0.0000000000035946       0.0000000000000000      -7.3291678761935888
       0.0000000000037005       0.0000000000000000      -7.8558939957031804
       0.0000000000038127       0.0000000000000000      -8.3826187096336344
       0.0000000000039312       0.0000000000000000      -8.9093420192217838
       0.0000000000040560       0.0000000000000000      -9.4360639257229568
       0.0000000000041870       0.0000000000000000      -9.9627844303648363
       0.0000000000043243       0.0000000000000000     -10.4895035343989242
       0.0000000000044679       0.0000000000000000     -11.0162212390596430
       0.0000000000046177       0.0000000000000000     -11.5429375455966792
       0.0000000000047738       0.0000000000000000     -12.0696524552540989
       0.0000000000049362       0.0000000000000000     -12.5963659692662588
       0.0000000000051049       0.0000000000000000     -13.1230780888661585
       0.0000000000052798       0.0000000000000000     -13.6497888153205018
       0.0000000000054611       0.0000000000000000     -14.1764981498455693
       0.0000000000056486       0.0000000000000000     -14.7032060937040931
       0.0000000000058424       0.0000000000000000     -15.2299126481257332
       0.0000000000060425       0.0000000000000000     -15.7566178143575204
       0.0000000000062489       0.0000000000000000     -16.2833215936284503
       0.0000000000064615       0.0000000000000000     -16.8100239872084316
       0.0000000000066805       0.0000000000000000     -17.3367249963167929
       0.0000000000069058       0.0000000000000000     -17.8634246221947244
       0.0000000000071373       0.0000000000000000     -18.3901228660915628
       0.0000000000073752       0.0000000000000000     -18.9168197292404372
       0.0000000000076193       0.0000000000000000     -19.4435152128959565
       0.0000000000078698       0.0000000000000000     -19.9702093182865035
       0.0000000000081265       0.0000000000000000     -20.4969020466654825
       0.0000000000083896       0.0000000000000000     -21.0235933992674973
       0.0000000000086590       0.0000000000000000     -21.5502833773310982
       0.0000000000089346       0.0000000000000000     -22.0769719820963815
       0.0000000000092166       0.0000000000000000     -22.6036592147814588
       0.0000000000095049       0.0000000000000000     -23.1303450764751339
       0.0000000000097995       0.0000000000000000     -23.6570295676954778
       0.0000000000101006       0.0000000000000000     -24.1837126858570528
       0.0000000000104084       0.0000000000000000     -24.7103944135041118
       0.0000000000107249       0.0000000000000000     -25.2370746624209943
       0.0000000000110583       0.0000000000000000     -25.7637530219545212
       0.0000000000114419       0.0000000000000000     -26.2904276566269068
       0.0000000000119763       0.0000000000000000     -26.8170906732952012
       0.0000000000127763       0.0000000000000000     -27.3437096138371984
       0.0000000000136928       0.0000000000000000     -27.8701588847703263
       0.0000000000145063       0.0000000000000000     -28.3960134846112844
       0.0000000000152653       0.0000000000000000     -28.9202648725673370
       0.0000000000157776       0.0000000000000000     -29.4417822624596823
       0.0000000000157811       0.0000000000000000     -29.9605352870512576
       0.0000000000155713       0.0000000000000000     -30.4774184453055383
       0.0000000000154618       0.0000000000000000     -30.9933097232639874
       0.0000000000155147       0.0000000000000000     -31.5087195370963542
       0.0000000000157262       0.0000000000000000     -32.0239269430785995
       0.0000000000160480       0.0000000000000001     -32.5390406333972777
       0.0000000000164385       0.0000000000000002     -33.0541128642603255
       0.0000000000168707       0.0000000000000006     -33.5691751780298517
       0.0000000000173067       0.0000000000000018     -34.0842165052387855
       0.0000000000177462       0.0000000000000057     -34.5992571134777336
       0.0000000000181917       0.0000000000000173     -35.1142975166130640
       0.0000000000186412       0.0000000000000514     -35.6293382081084644
       0.0000000000190957       0.0000000000001512     -36.1443788544308191
       0.0000000000195536       0.0000000000004382     -36.6594195320391592
       0.0000000000200085       0.0000000000012439     -37.1744600875909725
       0.0000000000204422       0.0000000000034396     -37.6895009687932685
       0.0000000000208174       0.0000000000090857     -38.2045420446869670
       0.0000000000210775       0.0000000000221650     -38.7195835629325273
       0.0000000000211911       0.0000000000480830     -39.2346258801431063
       0.0000000000212323       0.0000000000916208     -39.7496689713055460
       0.0000000000213339       0.0000000001575561     -40.2647131124728546
       0.0000000000215800       0.0000000002582261     -40.7797589208109983
       0.0000000000219770       0.0000000004301635     -41.2948081420728741
       0.0000000000225236       0.0000000007693232     -41.8098653013005404
       0.0000000000232536       0.0000000015121057     -42.3249415094224162
       0.0000000000242195       0.0000000032219153     -42.8400632366567820
       0.0000000000254814       0.0000000072043369     -43.3552918144900090
       0.0000000000270863       0.0000000163590565     -43.8707634379553326
       0.0000000000290650       0.0000000366153250     -44.3867512344846631
       0.0000000000314504       0.0000000783223204     -44.9037410483383823
       0.0000000000340761       0.0000001549737070     -45.4223636120193888
       0.0000000000364577       0.0000002769680994     -45.9431056542458549
       0.0000000000380669       0.0000004450707129     -46.4660131072636062
       0.0000000000388229       0.0000006509925509     -46.9906850800687437
       0.0000000000390618       0.0000008835084107     -47.5166022629070639
       0.0000000000391581       0.0000011328563333     -48.0433274108264428
       0.0000000000392523       0.0000013920159049     -48.5705027888704635
       0.0000000000394765       0.0000016568888825     -49.0979430303356494
       0.0000000000398322       0.0000019249966158     -49.6255345385531257
       0.0000000000403026       0.0000021949020459     -50.1532106396055326
       0.0000000000408592       0.0000024657971015     -50.6809126920740667
       0.0000000000415599       0.0000027374242788     -51.2086624386579246
       0.0000000000422891       0.0000030093263524     -51.7364310048015241
       0.0000000000430260       0.0000032813171714     -52.2642060795161001
       0.0000000000334067       0.0000033046298563     -52.3094402142345487
       0.0000000000325303       0.0000033059783498     -52.3068129648867526
       0.0000000000325286       0.0000033073154652     -52.3041861702411737
       0.0000000000325315       0.0000033092959627     -52.3002462607334735
       0.0000000000325350       0.0000033122114505     -52.2943373572149568
       0.0000000000325344       0.0000033164648131     -52.2854759249769145
       0.0000000000325253       0.0000033225891963     -52.2721874419357988
       0.0000000000325020       0.0000033312433818     -52.2522611336337093
       0.0000000000324540       0.0000033431519399     -52.2223823613597844
       0.0000000000323614       0.0000033589480083     -52.1775764937099282
       0.0000000000321861       0.0000033788804198     -52.1103747657882650
       0.0000000000318652       0.0000034024038805     -52.0095551756193615
       0.0000000000313042       0.0000034277804430     -51.8582518375879076
       0.0000000000303751       0.0000034519817682     -51.6311155429475619
       0.0000000000289171       0.0000034713149714     -51.2900796410317668
       0.0000000000268005       0.0000034829896736     -50.7781510066157082
       0.0000000000258802       0.0000034877870905     -50.2517688785266188
       0.0000000000252038       0.0000034897069508     -49.7252447887574647
       0.0000000000245917       0.0000034904703069     -49.1986579390094505
       0.0000000000240040       0.0000034907709337     -48.6720438163484417
       0.0000000000234254       0.0000034908880300     -48.1454177458372214
       0.0000000000228506       0.0000034909331056     -47.6187861050858601
       0.0000000000222822       0.0000034909502453     -47.0921514787194653
       0.0000000000217205       0.0000034909566804     -46.5655148918738462
       0.0000000000211660       0.0000034909590652     -46.0388767438403477
       0.0000000000206185       0.0000034909599372     -45.5122371872816984
       0.0000000000200776       0.0000034909602516     -44.9855962792388198
       0.0000000000195431       0.0000034909603635     -44.4589540402273968
       0.0000000000190148       0.0000034909604027     -43.9323104770370634
       0.0000000000184928       0.0000034909604162     -43.4056655913137988
       0.0000000000179772       0.0000034909604208     -42.8790193828576847
       0.0000000000174680       0.0000034909604223     -42.3523718507966294
       0.0000000000169652       0.0000034909604228     -41.8257229940215396
       0.0000000000164687       0.0000034909604230     -41.2990728113263543
       0.0000000000159786       0.0000034909604230     -40.7724213015114998
       0.0000000000154950       0.0000034909604231     -40.2457684633110802
       0.0000000000150176       0.0000034909604231     -39.7191142955106713
       0.0000000000145466       0.0000034909604231     -39.1924587968565490
       0.0000000000140820       0.0000034909604231     -38.6658019661052634
       0.0000000000136238       0.0000034909604231     -38.1391438020153686
       0.0000000000131719       0.0000034909604231     -37.6124843033622369
       0.0000000000127264       0.0000034909604231     -37.0858234688952848
       0.0000000000122872       0.0000034909604231     -36.5591612973753470
       0.0000000000118544       0.0000034909604231     -36.0324977875568209
       0.0000000000114280       0.0000034909604231     -35.5058329382119808
       0.0000000000110079       0.0000034909604231     -34.9791667480786757
       0.0000000000105941       0.0000034909604231     -34.4524992159362071
       0.0000000000101867       0.0000034909604231     -33.9258303405411823
       0.0000000000097857       0.0000034909604231     -33.3991601206497251
       0.0000000000093910       0.0000034909604231     -32.8724885550141153
       0.0000000000090026       0.0000034909604231     -32.3458156423996428
       0.0000000000086206       0.0000034909604231     -31.8191413815744042
       0.0000000000082449       0.0000034909604231     -31.2924657712925374
       0.0000000000078756       0.0000034909604231     -30.7657888102874182
       0.0000000000075126       0.0000034909604231     -30.2391104973625637
       0.0000000000071559       0.0000034909604231     -29.7124308312485894
       0.0000000000068056       0.0000034909604231     -29.1857498107121316
       0.0000000000064616       0.0000034909604231     -28.6590674345134424
       0.0000000000061239       0.0000034909604231     -28.1323837014088944
       0.0000000000057926       0.0000034909604231     -27.6056986101598483
       0.0000000000054676       0.0000034909604231     -27.0790121595123310
       0.0000000000051489       0.0000034909604231     -26.5523243482481099
       0.0000000000048365       0.0000034909604231     -26.0256351751173511
       0.0000000000045305       0.0000034909604231     -25.4989446388676164
       0.0000000000042307       0.0000034909604231     -24.9722527382691055
       0.0000000000039373       0.0000034909604231     -24.4455594720864937
       0.0000000000036502       0.0000034909604231     -23.9188648390695420
       0.0000000000033695       0.0000034909604231     -23.3921688379520383
       0.0000000000030950       0.0000034909604231     -22.8654714675410773
       0.0000000000028268       0.0000034909604231     -22.3387727265670364
       0.0000000000025650       0.0000034909604231     -21.8120726137926795
       0.0000000000023095       0.0000034909604231     -21.2853711279850728
       0.0000000000020602       0.0000034909604231     -20.7586682678894796
       0.0000000000018173       0.0000034909604231     -20.2319640322694028
       0.0000000000015807       0.0000034909604231     -19.7052584198876275
       0.0000000000013503       0.0000034909604231     -19.1785514294973147
       0.0000000000011263       0.0000034909604231     -18.6518430598674847
       0.0000000000009086       0.0000034909604231     -18.1251333097306784
       0.0000000000006971       0.0000034909604231     -17.5984221778778256
       0.0000000000004920       0.0000034909604231     -17.0717096630464837
       0.0000000000002931       0.0000034909604231     -16.5449957640011398
       0.0000000000001006       0.0000034909604231     -16.0182804794998503
      -0.0000000000000857       0.0000034909604231     -15.4915638082936127
      -0.0000000000002657       0.0000034909604231     -14.9648457491558080
      -0.0000000000004394       0.0000034909604231     -14.4381263008341136
      -0.0000000000006068       0.0000034909604231     -13.9114054620877123
      -0.0000000000007679       0.0000034909604231     -13.3846832316803717
      -0.0000000000009228       0.0000034909604231     -12.8579596083592733
      -0.0000000000010714       0.0000034909604231     -12.3312345908925973
      -0.0000000000012137       0.0000034909604231     -11.8045081780288239
      -0.0000000000013497       0.0000034909604231     -11.2777803685410269
      -0.0000000000014795       0.0000034909604231     -10.7510511611672754
      -0.0000000000016030       0.0000034909604231     -10.2243205546860381
      -0.0000000000017202       0.0000034909604231      -9.6975885478327815
      -0.0000000000018311       0.0000034909604231      -9.1708551393910565
      -0.0000000000019358       0.0000034909604231      -8.6441203280931802
      -0.0000000000020342       0.0000034909604231      -8.1173841127172892
      -0.0000000000021264       0.0000034909604231      -7.5906464920068615
      -0.0000000000022122       0.0000034909604231      -7.0639074647301472
      -0.0000000000022919       0.0000034909604231      -6.5371670296378861
      -0.0000000000023653       0.0000034909604231      -6.0104251854889021
      -0.0000000000024324       0.0000034909604231      -5.4836819310432601
      -0.0000000000024933       0.0000034909604231      -4.9569372650561050
      -0.0000000000025479       0.0000034909604231      -4.4301911862896217
      -0.0000000000025963       0.0000034909604231      -3.9034436934856229
      -0.0000000000026384       0.0000034909604231      -3.3766947854286564
      -0.0000000000026743       0.0000034909604231      -2.8499444608566069
      -0.0000000000027039       0.0000034909604231      -2.3231927185310108
      -0.0000000000027273       0.0000034909604231      -1.7964395572163363
      -0.0000000000027445       0.0000034909604231      -1.2696849756736643
      -0.0000000000027555       0.0000034909604231      -0.7429289728062753
      -0.0000000000027608       0.0000034909604231      -0.2161715479260191
      -0.0000000000027622       0.0000034909604231       0.3105872973813160
      -0.0000000000027680       0.0000034909604231       0.8373475511750338
      -0.0000000000028125       0.0000034909604231       1.3641091569522583
      -0.0000000000030028       0.0000034909604231       1.8908718995761158
      -0.0000000000034782       0.0000034909604231       2.4176351722634819
      -0.0000000000040894       0.0000034909604231       2.9443974748421744
      -0.0000000000044893       0.0000034909604231       3.4711540626989152
      -0.0000000000045551       0.0000034909604231       3.9978875000991883
      -0.0000000000043593       0.0000034909604231       4.5245309179344719
      -0.0000000000043087       0.0000034909604231       5.0508394479850711
      -0.0000000000048493       0.0000034909604231       5.5760936824051086
      -0.0000000000055991       0.0000034909604231       6.0990709776670871
      -0.0000000000056231       0.0000034909604231       6.6191091967238300
      -0.0000000000048941       0.0000034909604231       7.1367847703729215
      -0.0000000000039992       0.0000034909604231       7.6530974951106971
      -0.0000000000032466       0.0000034909604231       8.1687232599313369
      -0.0000000000026255       0.0000034909604231       8.6840337089262576
      -0.0000000000021720       0.0000034909604231       9.1992085343256402
      -0.0000000000018518       0.0000034909604231       9.7143224918105187
      -0.0000000000016510       0.0000034909604231      10.2294227194632672
      -0.0000000000015285       0.0000034909604231      10.7444920065372749
      -0.0000000000014011       0.0000034909604231      11.2595597169293455
      -0.0000000000012758       0.0000034909604231      11.7746269547587286
      -0.0000000000011330       0.0000034909604231      12.2896938256034804
      -0.0000000000009708       0.0000034909604231      12.8047602312379123
      -0.0000000000007997       0.0000034909604231      13.3198262022092671
      -0.0000000000006248       0.0000034909604231      13.8348918909292902
      -0.0000000000004472       0.0000034909604231      14.3499574314512230
      -0.0000000000002654       0.0000034909604231      14.8650229042169322
      -0.0000000000000776       0.0000034909604231      15.3800883554870609
       0.0000000000001172       0.0000034909604231      15.8951538050490164
       0.0000000000003192       0.0000034909604231      16.4102192632824924
       0.0000000000005279       0.0000034909604231      16.9252847376941418
       0.0000000000007432       0.0000034909604231      17.4403502265872845
       0.0000000000009648       0.0000034909604231      17.9554157351170112
       0.0000000000011928       0.0000034909604231      18.4704812647606893
       0.0000000000014271       0.0000034909604230      18.9855468166822590
       0.0000000000016678       0.0000034909604230      19.5006123918310692
       0.0000000000019151       0.0000034909604228      20.0156779912949787
       0.0000000000021688       0.0000034909604223      20.5307436161404340
       0.0000000000024290       0.0000034909604206      21.0458092674259341
       0.0000000000026958       0.0000034909604153      21.5608749463501859
       0.0000000000029692       0.0000034909603991      22.0759406542568932
       0.0000000000032499       0.0000034909603505      22.5910063931076408
       0.0000000000035390       0.0000034909602069      23.1060721665512645
       0.0000000000038406       0.0000034909597908      23.6211379829961494
       0.0000000000041651       0.0000034909586165      24.1362038640031180
       0.0000000000045382       0.0000034909554430      24.6512698626046003
       0.0000000000050092       0.0000034909475395      25.1663360929010089
       0.0000000000056377       0.0000034909304654      25.6814027415605715
       0.0000000000064124       0.0000034909001508      26.1964699802115604
       0.0000000000072172       0.0000034908560556      26.7115378362924503
       0.0000000000079230       0.0000034908011568      27.2266061802266890
       0.0000000000085083       0.0000034907392233      27.7416748573918177
       0.0000000000090012       0.0000034906732239      28.2567437264057340
       0.0000000000094301       0.0000034906050613      28.7718125309942927
       0.0000000000098318       0.0000034905356939      29.2868815431311340
       0.0000000000102209       0.0000034904655815      29.8019506932236027
       0.0000000000106040       0.0000034903947823      30.3170201418733640
       0.0000000000109791       0.0000034903228499      30.8320895529836854
       0.0000000000113471       0.0000034902483838      31.3471590971772933
       0.0000000000116815       0.0000034901683232      31.8622289294411836
       0.0000000000119565       0.0000034900768019      32.3772992217153970
       0.0000000000121474       0.0000034899643745      32.8923706239968325
       0.0000000000122380       0.0000034898156368      33.4074438308832242
       0.0000000000122147       0.0000034895997732      33.9225202659075435
       0.0000000000120700       0.0000034892475883      34.4376031674802334
       0.0000000000118466       0.0000034886006171      34.9526999699122101
       0.0000000000116151       0.0000034872907838      35.4678279137256496
       0.0000000000113789       0.0000034844600420      35.9830272197586751
       0.0000000000110391       0.0000034781485446      36.4983898068660366
       0.0000000000104333       0.0000034641120752      37.0141145228970743
       0.0000000000094163       0.0000034341372139      37.5305795137193527
       0.0000000000079630       0.0000033754175428      38.0483856564500371
       0.0000000000063468       0.0000032744761009      38.5681624520268258
       0.0000000000051481       0.0000031250964201      39.0902149029117680
       0.0000000000048751       0.0000029320185784      39.6143009435204476
       0.0000000000055358       0.0000027061337686      40.1399183578832108
       0.0000000000068683       0.0000024586138181      40.6665489984914075
       0.0000000000084609       0.0000021979369164      41.1938072646309266
       0.0000000000099796       0.0000019297243789      41.7214125909695710
       0.0000000000112474       0.0000016571782492      42.2492192601357104
       0.0000000000123086       0.0000013821868833      42.7771402051910101
       0.0000000000132337       0.0000011058258874      43.3051251777537445
       0.0000000000141054       0.0000008286909277      43.8331306747870428
       0.0000000000149204       0.0000005509570366      44.3611741505169306
       0.0000000000157114       0.0000002729753133      44.8892328897411730
       0.0000000000164290      -0.0000000051267267      45.4172985142560961
       0.0000000000170834      -0.0000002833017881      45.9453679558453132
       0.0000000000177028      -0.0000005615309285      46.4734400208657590
       0.0000000000183161      -0.0000008398060480      47.0015142412535525
       0.0000000000189279      -0.0000011181241617      47.5295904424046185
       0.0000000000195491      -0.0000013964858459      48.0576686265259099
       0.0000000000201635      -0.0000016748941071      48.5857489347879579
       0.0000000000207508      -0.0000019533520086      49.1138315155776368
       0.0000000000212933      -0.0000022318603126      49.6419164143456229
       0.0000000000218318      -0.0000025104167873      50.1700035228247359
       0.0000000000223817      -0.0000027890176690      50.6980926589454484
       0.0000000000229604      -0.0000030676592575      51.2261836559285726
       0.0000000000235483      -0.0000033463385699      51.7542763656947784
       0.0000000000241716      -0.0000036250536495      52.2823706898598175
       0.0000000000313195      -0.0000036489426645      52.3276323739848550
       0.0000000000319469      -0.0000036503242001      52.3250041356453792
       0.0000000000319482      -0.0000036516937886      52.3223763407697078
       0.0000000000319327      -0.0000036537217471      52.3184349445109689
       0.0000000000319070      -0.0000036567057215      52.3125237985856089
       0.0000000000318695      -0.0000036610560569      52.3036589924727124
       0.0000000000318184      -0.0000036673139566      52.2903654070930202
       0.0000000000317507      -0.0000036761445265      52.2704313233971334
       0.0000000000316640      -0.0000036882721994      52.2405405613500378
       0.0000000000315578      -0.0000037043161686      52.1957159871800371
       0.0000000000314383      -0.0000037244890315      52.1284846203321663
       0.0000000000313201      -0.0000037481827690      52.0276178188521143
       0.0000000000312254      -0.0000037735789615      51.8762396478021657
       0.0000000000311740      -0.0000037975827475      51.6489865961329429
       0.0000000000311672      -0.0000038165072441      51.3077730689019802
       0.0000000000311012      -0.0000038277060799      50.7955829339130673
       0.0000000000307433      -0.0000038322091659      50.2689401450281181
       0.0000000000302370      -0.0000038339711575      49.7421633631486984
       0.0000000000296804      -0.0000038346557340      49.2153297443845688
       0.0000000000291122      -0.0000038349190418      48.6884736957511848
       0.0000000000285467      -0.0000038350191639      48.1616096257198549
       0.0000000000279895      -0.0000038350567734      47.6347433637740139
       0.0000000000274381      -0.0000038350707229      47.1078772098505212
       0.0000000000268925      -0.0000038350758294      46.5810120526507419
       0.0000000000263522      -0.0000038350776737      46.0541482292916839
       0.0000000000258177      -0.0000038350783307      45.5272858652683894
       0.0000000000252890      -0.0000038350785614      45.0004250061011248
       0.0000000000247664      -0.0000038350786413      44.4735656675543751
       0.0000000000242500      -0.0000038350786685      43.9467078544651883
       0.0000000000237396      -0.0000038350786776      43.4198515677368633
       0.0000000000232355      -0.0000038350786807      42.8929968068724392
       0.0000000000227375      -0.0000038350786816      42.3661435708836365
       0.0000000000222455      -0.0000038350786820      41.8392918586170879
       0.0000000000217596      -0.0000038350786821      41.3124416688552856
       0.0000000000212798      -0.0000038350786821      40.7855930003411657
       0.0000000000208061      -0.0000038350786821      40.2587458518635088
       0.0000000000203385      -0.0000038350786821      39.7319002221527242
       0.0000000000198771      -0.0000038350786821      39.2050561099920003
       0.0000000000194217      -0.0000038350786821      38.6782135141072771
       0.0000000000189724      -0.0000038350786821      38.1513724332709572
       0.0000000000185293      -0.0000038350786821      37.6245328662442517
       0.0000000000180923      -0.0000038350786821      37.0976948117548559
       0.0000000000176614      -0.0000038350786821      36.5708582685826684
       0.0000000000172366      -0.0000038350786821      36.0440232354700427
       0.0000000000168179      -0.0000038350786821      35.5171897111821266
       0.0000000000164054      -0.0000038350786821      34.9903576944647980
       0.0000000000159989      -0.0000038350786821      34.4635271840734276
       0.0000000000155986      -0.0000038350786821      33.9366981787650488
       0.0000000000152044      -0.0000038350786821      33.4098706773022229
       0.0000000000148164      -0.0000038350786821      32.8830446784341035
       0.0000000000144345      -0.0000038350786821      32.3562201809062273
       0.0000000000140587      -0.0000038350786821      31.8293971834838736
       0.0000000000136890      -0.0000038350786821      31.3025756849276640
       0.0000000000133255      -0.0000038350786821      30.7757556839768895
       0.0000000000129681      -0.0000038350786821      30.2489371794007909
       0.0000000000126168      -0.0000038350786821      29.7221201699554030
       0.0000000000122717      -0.0000038350786821      29.1953046543865291
       0.0000000000119327      -0.0000038350786821      28.6684906314550538
       0.0000000000115999      -0.0000038350786821      28.1416780999160068
       0.0000000000112732      -0.0000038350786821      27.6148670585147862
       0.0000000000109526      -0.0000038350786821      27.0880575060275461
       0.0000000000106382      -0.0000038350786821      26.5612494411924374
       0.0000000000103300      -0.0000038350786821      26.0344428627745295
       0.0000000000100279      -0.0000038350786821      25.5076377695259460
       0.0000000000097320      -0.0000038350786821      24.9808341602011765
       0.0000000000094422      -0.0000038350786821      24.4540320335589954
       0.0000000000091585      -0.0000038350786821      23.9272313883461436
       0.0000000000088810      -0.0000038350786821      23.4004322233310553
       0.0000000000086097      -0.0000038350786821      22.8736345372690266
       0.0000000000083446      -0.0000038350786821      22.3468383289054664
       0.0000000000080856      -0.0000038350786821      21.8200435970029645
       0.0000000000078328      -0.0000038350786821      21.2932503403147813
       0.0000000000075861      -0.0000038350786821      20.7664585576049134
       0.0000000000073456      -0.0000038350786821      20.2396682476048575
       0.0000000000071113      -0.0000038350786821      19.7128794091055504
       0.0000000000068831      -0.0000038350786821      19.1860920408408404
       0.0000000000066611      -0.0000038350786821      18.6593061415673667
       0.0000000000064453      -0.0000038350786821      18.1325217100588461
       0.0000000000062357      -0.0000038350786821      17.6057387450524807
       0.0000000000060323      -0.0000038350786821      17.0789572453057374
       0.0000000000058350      -0.0000038350786821      16.5521772095825561
       0.0000000000056439      -0.0000038350786821      16.0253986366353693
       0.0000000000054590      -0.0000038350786821      15.4986215252265502
       0.0000000000052803      -0.0000038350786821      14.9718458741014970
       0.0000000000051078      -0.0000038350786821      14.4450716820240714
       0.0000000000049414      -0.0000038350786821      13.9182989477484416
       0.0000000000047813      -0.0000038350786821      13.3915276700272106
       0.0000000000046273      -0.0000038350786821      12.8647578476226965
       0.0000000000044796      -0.0000038350786821      12.3379894792921867
       0.0000000000043380      -0.0000038350786821      11.8112225637867798
       0.0000000000042026      -0.0000038350786821      11.2844570998714158
       0.0000000000040734      -0.0000038350786821      10.7576930862948110
       0.0000000000039505      -0.0000038350786821      10.2309305218142992
       0.0000000000038337      -0.0000038350786821       9.7041694051941381
       0.0000000000037231      -0.0000038350786821       9.1774097351780792
       0.0000000000036188      -0.0000038350786821       8.6506515105287356
       0.0000000000035206      -0.0000038350786821       8.1238947300083364
       0.0000000000034287      -0.0000038350786821       7.5971393923684598
       0.0000000000033430      -0.0000038350786821       7.0703854963805703
       0.0000000000032635      -0.0000038350786821       6.5436330407783565
       0.0000000000031902      -0.0000038350786821       6.0168820243207009
       0.0000000000031231      -0.0000038350786821       5.4901324457763501
       0.0000000000030622      -0.0000038350786821       4.9633843038912744
       0.0000000000030075      -0.0000038350786821       4.4366375974399199
       0.0000000000029591      -0.0000038350786821       3.9098923251673323
       0.0000000000029169      -0.0000038350786821       3.3831484858329164
       0.0000000000028810      -0.0000038350786821       2.8564060781966574
       0.0000000000028512      -0.0000038350786821       2.3296651010089295
       0.0000000000028277      -0.0000038350786821       1.8029255530566646
       0.0000000000028105      -0.0000038350786821       1.2761874331667840
       0.0000000000027999      -0.0000038350786821       0.7494507405720706
       0.0000000000027974      -0.0000038350786821       0.2227154761804764
       0.0000000000028098      -0.0000038350786821      -0.3040183509797701
       0.0000000000002546      -0.0000038350786821      -0.3491632690097931
