      -0.0000000000001105       0.0000000000000000      -0.0027026092076313
      -0.0000000000001105       0.0000000000000000      -0.0106146710332010
      -0.0000000000001658       0.0000000000000000      -0.0185756757009610
      -0.0000000000002487       0.0000000000000000      -0.0305171849411492
      -0.0000000000003730       0.0000000000000000      -0.0484294538381304
      -0.0000000000005595       0.0000000000000000      -0.0752978685162130
      -0.0000000000008393       0.0000000000000000      -0.1156005160317161
      -0.0000000000012589       0.0000000000000000      -0.1760545446763476
      -0.0000000000018883       0.0000000000000000      -0.2667357167293131
      -0.0000000000028323       0.0000000000000000      -0.4027577652532137
      -0.0000000000042483       0.0000000000000000      -0.6067914915426817
      -0.0000000000063721       0.0000000000000000      -0.9128435513718488
      -0.0000000000095572       0.0000000000000000      -1.3719249495438395
      -0.0000000000143339       0.0000000000000000      -2.0605544908996349
      -0.0000000000214964       0.0000000000000000      -3.0935155526062457
      -0.0000000000220868       0.0000000000000000      -4.1550550218212035
      -0.0000000000220842       0.0000000000000000      -5.2166157190155751
      -0.0000000000220828       0.0000000000000000      -6.2781976450386487
      -0.0000000000220827       0.0000000000000000      -7.3398008007397975
      -0.0000000000220838       0.0000000000000000      -8.4014251869684422
      -0.0000000000220862       0.0000000000000000      -9.4630708045740679
      -0.0000000000220899       0.0000000000000000     -10.5247376544061009
      -0.0000000000220948       0.0000000000000000     -11.5864257373143626
      -0.0000000000221009       0.0000000000000000     -12.6481350541481810
      -0.0000000000221083       0.0000000000000000     -13.7098656057573596
      -0.0000000000221170       0.0000000000000000     -14.7716173929915744
      -0.0000000000221270       0.0000000000000000     -15.8333904167007571
      -0.0000000000221382       0.0000000000000000     -16.8951846777344734
      -0.0000000000221506       0.0000000000000000     -17.9570001769429410
      -0.0000000000221643       0.0000000000000000     -19.0188369151757044
      -0.0000000000221793       0.0000000000000000     -20.0806948932829776
      -0.0000000000221956       0.0000000000000000     -21.1425741121147261
      -0.0000000000222131       0.0000000000000000     -22.2044745725210149
      -0.0000000000222319       0.0000000000000000     -23.2663962753521467
      -0.0000000000222519       0.0000000000000000     -24.3283392214580374
      -0.0000000000222732       0.0000000000000000     -25.3903034116893167
      -0.0000000000222958       0.0000000000000000     -26.4522888468957085
      -0.0000000000223196       0.0000000000000000     -27.5142955279278141
      -0.0000000000223447       0.0000000000000000     -28.5763234556362562
      -0.0000000000223711       0.0000000000000000     -29.6383726308711815
      -0.0000000000223988       0.0000000000000000     -30.7004430544832836
      -0.0000000000224277       0.0000000000000000     -31.7625347273229224
      -0.0000000000224579       0.0000000000000000     -32.8246476502407063
      -0.0000000000224893       0.0000000000000000     -33.8867818240873149
      -0.0000000000225221       0.0000000000000000     -34.9489372497137083
      -0.0000000000225561       0.0000000000000000     -36.0111139279701931
      -0.0000000000225913       0.0000000000000000     -37.0733118597076938
      -0.0000000000226279       0.0000000000000000     -38.1355310457772987
      -0.0000000000226657       0.0000000000000000     -39.1977714870294847
      -0.0000000000227048       0.0000000000000000     -40.2600331843156809
      -0.0000000000227452       0.0000000000000000     -41.3223161384858244
      -0.0000000000227868       0.0000000000000000     -42.3846203503866548
      -0.0000000000228298       0.0000000000000000     -43.4469458208437800
      -0.0000000000228740       0.0000000000000000     -44.5092925505523240
      -0.0000000000229194       0.0000000000000000     -45.5716605394721483
      -0.0000000000229662       0.0000000000000000     -46.6340497835994654
      -0.0000000000230141       0.0000000000000000     -47.6964602595643186
      -0.0000000000230627       0.0000000000000000     -48.7588918735473271
      -0.0000000000231115       0.0000000000000000     -49.8213444320456631
      -0.0000000000231614       0.0000000000000000     -50.8838178415506093
      -0.0000000000232134       0.0000000000000000     -51.9463122169659002
      -0.0000000000232675       0.0000000000000000     -53.0088277082528307
      -0.0000000000233235       0.0000000000000000     -54.0713643988259278
      -0.0000000000233811       0.0000000000000000     -55.1339223322934160
      -0.0000000000234401       0.0000000000000000     -56.1965015240166181
      -0.0000000000235005       0.0000000000000000     -57.2591019813972224
      -0.0000000000235622       0.0000000000000000     -58.3217237079447344
      -0.0000000000236253       0.0000000000000000     -59.3843667055814208
      -0.0000000000236897       0.0000000000000002     -60.4470309756023312
      -0.0000000000237554       0.0000000000000007     -61.5097165189495527
      -0.0000000000238222       0.0000000000000023     -62.5724233366973053
      -0.0000000000238899       0.0000000000000082     -63.6351514298435674
      -0.0000000000239571       0.0000000000000279     -64.6979007998518085
      -0.0000000000240200       0.0000000000000932     -65.7606714495071571
      -0.0000000000240659       0.0000000000003049     -66.8234633857817357
      -0.0000000000240578       0.0000000000009688     -67.8862766281380487
      -0.0000000000238966       0.0000000000029385     -68.9491112293810744
      -0.0000000000233858       0.0000000000081720     -70.0119673083226672
      -0.0000000000223365       0.0000000000196551     -71.0748450474355877
      -0.0000000000209236       0.0000000000394092     -72.1377445705574161
      -0.0000000000196334       0.0000000000667309     -73.2006658383753290
      -0.0000000000187825       0.0000000000992640     -74.2636087047262947
      -0.0000000000183196       0.0000000001348342     -75.3265730401042646
      -0.0000000000181113       0.0000000001720043     -76.3895587598861283
      -0.0000000000180590       0.0000000002099603     -77.4525658126991488
      -0.0000000000180766       0.0000000002483083     -78.5155941762645995
      -0.0000000000181314       0.0000000002868455     -79.5786438393229076
      -0.0000000000182135       0.0000000003254716     -80.6417147938489194
      -0.0000000000182869       0.0000000003641609     -81.7048070443041041
      -0.0000000000183771       0.0000000004028584     -82.7679205862714724
      -0.0000000000184715       0.0000000004415530     -83.8310554195758897
      -0.0000000000185678       0.0000000004802429     -84.8942115448734711
      -0.0000000000186657       0.0000000005189276     -85.9573889629799055
      -0.0000000000187649       0.0000000005576069     -87.0205876747405540
      -0.0000000000188654       0.0000000005962809     -88.0838076810071158
      -0.0000000000189673       0.0000000006349497     -89.1470489826331516
      -0.0000000000190706       0.0000000006736130     -90.2103115804710569
      -0.0000000000191752       0.0000000007122711     -91.2735954753741510
      -0.0000000000192811       0.0000000007509239     -92.3369006681973445
      -0.0000000000193884       0.0000000007895713     -93.4002271597923936
      -0.0000000000194971       0.0000000008282134     -94.4635749510145644
      -0.0000000000196071       0.0000000008668502     -95.5269440427143479
      -0.0000000000197185       0.0000000009054816     -96.5903344357494262
      -0.0000000000198312       0.0000000009441078     -97.6537461309704469
      -0.0000000000199453       0.0000000009827286     -98.7171791292324343
      -0.0000000000200607       0.0000000010213441     -99.7806334313885088
      -0.0000000000201775       0.0000000010599543    -100.8441090382932970
      -0.0000000000202956       0.0000000010985591    -101.9076059507996774
      -0.0000000000204152       0.0000000011371586    -102.9711241697633000
      -0.0000000000205360       0.0000000011757528    -104.0346636960357500
      -0.0000000000206582       0.0000000012143417    -105.0982245304728906
      -0.0000000000207818       0.0000000012529252    -106.1618066739275719
      -0.0000000000076397       0.0000000012562319    -106.2529645229508617
      -0.0000000000062649       0.0000000012564227    -106.2476465590755339
      -0.0000000000062647       0.0000000012566115    -106.2423285957182486
      -0.0000000000061941       0.0000000012568900    -106.2343516516413331
      -0.0000000000060892       0.0000000012572978    -106.2223862376816470
      -0.0000000000059339       0.0000000012578880    -106.2044381215830384
      -0.0000000000057053       0.0000000012587285    -106.1775159583015125
      -0.0000000000053709       0.0000000012598972    -106.1371327377944880
      -0.0000000000048852       0.0000000012614703    -106.0765579619069712
      -0.0000000000041846       0.0000000012634947    -105.9856959217469239
      -0.0000000000031785       0.0000000012659475    -105.8494031410555323
      -0.0000000000017329       0.0000000012686890    -105.6449646036721504
       0.0000000000003577       0.0000000012714356    -105.3383082361710024
       0.0000000000034234       0.0000000012737940    -104.8783269500101625
       0.0000000000080593       0.0000000012753859    -104.1883624360903013
       0.0000000000149508       0.0000000012761370    -103.1534323980308869
       0.0000000000155305       0.0000000012763730    -102.0899114439601476
       0.0000000000156210       0.0000000012764443    -101.0264117840835354
       0.0000000000157392       0.0000000012764655     -99.9629334258671776
       0.0000000000158649       0.0000000012764717     -98.8994763711879443
       0.0000000000159920       0.0000000012764734     -97.8360406200540353
       0.0000000000161186       0.0000000012764739     -96.7726261718727585
       0.0000000000162441       0.0000000012764740     -95.7092330258693096
       0.0000000000163683       0.0000000012764741     -94.6458611812099662
       0.0000000000164913       0.0000000012764741     -93.5825106370493813
       0.0000000000166130       0.0000000012764741     -92.5191813925349180
       0.0000000000167333       0.0000000012764741     -91.4558734468126318
       0.0000000000168523       0.0000000012764741     -90.3925867990307808
       0.0000000000169701       0.0000000012764741     -89.3293214483351505
       0.0000000000170865       0.0000000012764741     -88.2660773938718535
       0.0000000000172016       0.0000000012764741     -87.2028546347877693
       0.0000000000173154       0.0000000012764741     -86.1396531702298773
       0.0000000000174279       0.0000000012764741     -85.0764729993451567
       0.0000000000175391       0.0000000012764741     -84.0133141212793362
       0.0000000000176490       0.0000000012764741     -82.9501765351802192
       0.0000000000177575       0.0000000012764741     -81.8870602401941312
       0.0000000000178648       0.0000000012764741     -80.8239652354684921
       0.0000000000179708       0.0000000012764741     -79.7608915201498263
       0.0000000000180755       0.0000000012764741     -78.6978390933859231
       0.0000000000181788       0.0000000012764741     -77.6348079543228948
       0.0000000000182809       0.0000000012764741     -76.5717981021083602
       0.0000000000183817       0.0000000012764741     -75.5088095358899949
       0.0000000000184811       0.0000000012764741     -74.4458422548145649
       0.0000000000185793       0.0000000012764741     -73.3828962580286657
       0.0000000000186762       0.0000000012764741     -72.3199715446808398
       0.0000000000187717       0.0000000012764741     -71.2570681139180948
       0.0000000000188660       0.0000000012764741     -70.1941859648875379
       0.0000000000189590       0.0000000012764741     -69.1313250967369015
       0.0000000000190506       0.0000000012764741     -68.0684855086137333
       0.0000000000191410       0.0000000012764741     -67.0056671996659219
       0.0000000000192301       0.0000000012764741     -65.9428701690411003
       0.0000000000193179       0.0000000012764741     -64.8800944158862478
       0.0000000000194044       0.0000000012764741     -63.8173399393498428
       0.0000000000194896       0.0000000012764741     -62.7546067385791844
       0.0000000000195735       0.0000000012764741     -61.6918948127230777
       0.0000000000196562       0.0000000012764741     -60.6292041609283174
       0.0000000000197375       0.0000000012764741     -59.5665347823439006
       0.0000000000198175       0.0000000012764741     -58.5038866761165082
       0.0000000000198963       0.0000000012764741     -57.4412598413953077
       0.0000000000199737       0.0000000012764741     -56.3786542773280459
       0.0000000000200499       0.0000000012764741     -55.3160699830628602
       0.0000000000201248       0.0000000012764741     -54.2535069577484563
       0.0000000000201984       0.0000000012764741     -53.1909652005323252
       0.0000000000202707       0.0000000012764741     -52.1284447105632225
       0.0000000000203417       0.0000000012764741     -51.0659454869897544
       0.0000000000204115       0.0000000012764741     -50.0034675289598383
       0.0000000000204799       0.0000000012764741     -48.9410108356224214
       0.0000000000205471       0.0000000012764741     -47.8785754061255062
       0.0000000000206130       0.0000000012764741     -46.8161612396179478
       0.0000000000206776       0.0000000012764741     -45.7537683352482816
       0.0000000000207410       0.0000000012764741     -44.6913966921657391
       0.0000000000208030       0.0000000012764741     -43.6290463095187562
       0.0000000000208638       0.0000000012764741     -42.5667171864551790
       0.0000000000209233       0.0000000012764741     -41.5044093221252837
       0.0000000000209815       0.0000000012764741     -40.4421227156772858
       0.0000000000210384       0.0000000012764741     -39.3798573662599054
       0.0000000000210940       0.0000000012764741     -38.3176132730224310
       0.0000000000211484       0.0000000012764741     -37.2553904351140730
       0.0000000000212015       0.0000000012764741     -36.1931888516831677
       0.0000000000212533       0.0000000012764741     -35.1310085218799486
       0.0000000000213039       0.0000000012764741     -34.0688494448526669
       0.0000000000213531       0.0000000012764741     -33.0067116197511154
       0.0000000000214011       0.0000000012764741     -31.9445950457245083
       0.0000000000214479       0.0000000012764741     -30.8824997219221444
       0.0000000000214933       0.0000000012764741     -29.8204256474932023
       0.0000000000215375       0.0000000012764741     -28.7583728215873187
       0.0000000000215804       0.0000000012764741     -27.6963412433540732
       0.0000000000216220       0.0000000012764741     -26.6343309119429392
       0.0000000000216624       0.0000000012764741     -25.5723418265036280
       0.0000000000217015       0.0000000012764741     -24.5103739861856020
       0.0000000000217393       0.0000000012764741     -23.4484273901384732
       0.0000000000217759       0.0000000012764741     -22.3865020375124040
       0.0000000000218112       0.0000000012764741     -21.3245979274568711
       0.0000000000218452       0.0000000012764741     -20.2627150591217990
       0.0000000000218780       0.0000000012764741     -19.2008534316572863
       0.0000000000219095       0.0000000012764741     -18.1390130442130229
       0.0000000000219397       0.0000000012764741     -17.0771938959390788
       0.0000000000219687       0.0000000012764741     -16.0153959859858190
       0.0000000000219964       0.0000000012764741     -14.9536193135038431
       0.0000000000220228       0.0000000012764741     -13.8918638776471610
       0.0000000000220480       0.0000000012764741     -12.8301296775914508
       0.0000000000220719       0.0000000012764741     -11.7684167126389347
       0.0000000000220946       0.0000000012764741     -10.7067249828162421
       0.0000000000221160       0.0000000012764741      -9.6450544920769641
       0.0000000000221361       0.0000000012764741      -8.5834052637054583
       0.0000000000221549       0.0000000012764741      -7.5217773919395370
       0.0000000000221724       0.0000000012764741      -6.4601710726733312
       0.0000000000221887       0.0000000012764741      -5.3985864014837341
       0.0000000000222040       0.0000000012764741      -4.3370232623706739
       0.0000000000222182       0.0000000012764741      -3.2754815036138254
       0.0000000000222312       0.0000000012764741      -2.2139610410395711
       0.0000000000222429       0.0000000012764741      -1.1524618307696046
       0.0000000000222533       0.0000000012764741      -0.0909838574146063
       0.0000000000222624       0.0000000012764741       0.9704728864136050
       0.0000000000222703       0.0000000012764741       2.0319084051763987
       0.0000000000222768       0.0000000012764741       3.0933226982423898
       0.0000000000222820       0.0000000012764741       4.1547157689772929
       0.0000000000222860       0.0000000012764741       5.2160876179319269
       0.0000000000222886       0.0000000012764741       6.2774382460014886
       0.0000000000222900       0.0000000012764741       7.3387676540295894
       0.0000000000222900       0.0000000012764741       8.4000758428654603
       0.0000000000222888       0.0000000012764741       9.4613628133579031
       0.0000000000222863       0.0000000012764741      10.5226285663555039
       0.0000000000222825       0.0000000012764741      11.5838731027066544
       0.0000000000222774       0.0000000012764741      12.6450964232601830
       0.0000000000222710       0.0000000012764741      13.7062985288643890
       0.0000000000222633       0.0000000012764741      14.7674794203676498
       0.0000000000222544       0.0000000012764741      15.8286390986185328
       0.0000000000222441       0.0000000012764741      16.8897775644651595
       0.0000000000222326       0.0000000012764741      17.9508948187557991
       0.0000000000222198       0.0000000012764741      19.0119908623389335
       0.0000000000222056       0.0000000012764741      20.0730656960104774
       0.0000000000221903       0.0000000012764741      21.1341193207090683
       0.0000000000221736       0.0000000012764741      22.1951517372523206
       0.0000000000221556       0.0000000012764741      23.2561629465242099
       0.0000000000221364       0.0000000012764740      24.3171529492960410
       0.0000000000221158       0.0000000012764739      25.3781217464506064
       0.0000000000220940       0.0000000012764735      26.4390693388517661
       0.0000000000220707       0.0000000012764719      27.4999957273686348
       0.0000000000220456       0.0000000012764663      28.5609009130743203
       0.0000000000220175       0.0000000012764471      29.6217848973847566
       0.0000000000219823       0.0000000012763823      30.6826476830804040
       0.0000000000219273       0.0000000012761693      31.7434892772431390
       0.0000000000218135       0.0000000012754911      32.8043096999775443
       0.0000000000215360       0.0000000012734519      33.8651090065808660
       0.0000000000208866       0.0000000012679869      34.9258873221953579
       0.0000000000196729       0.0000000012559883      35.9866448364563283
       0.0000000000180992       0.0000000012354711      37.0473816707936052
       0.0000000000166773       0.0000000012073115      38.1080977753097230
       0.0000000000157131       0.0000000011739832      39.1687929970551352
       0.0000000000151392       0.0000000011376847      40.2294672052085502
       0.0000000000148148       0.0000000010998360      41.2901203161411914
       0.0000000000146395       0.0000000010612283      42.3507522801152305
       0.0000000000145289       0.0000000010222404      43.4113630757232798
       0.0000000000144514       0.0000000009830651      44.4719526922823434
       0.0000000000143980       0.0000000009437972      45.5325211221485375
       0.0000000000143320       0.0000000009044580      46.5930683698002639
       0.0000000000142801       0.0000000008651012      47.6535944310768187
       0.0000000000142295       0.0000000008257370      48.7140993058598539
       0.0000000000141783       0.0000000007863671      49.7745829948249607
       0.0000000000141258       0.0000000007469918      50.8350454987870251
       0.0000000000140721       0.0000000007076112      51.8954868185873934
       0.0000000000140172       0.0000000006682254      52.9559069550713346
       0.0000000000139610       0.0000000006288343      54.0163059090850197
       0.0000000000139035       0.0000000005894379      55.0766836814748757
       0.0000000000138447       0.0000000005500362      56.1370402730875924
       0.0000000000137847       0.0000000005106293      57.1973756847694901
       0.0000000000137234       0.0000000004712170      58.2576899173666689
       0.0000000000136608       0.0000000004317995      59.3179829717255203
       0.0000000000135970       0.0000000003923768      60.3782548486921158
       0.0000000000135319       0.0000000003529487      61.4385055491129677
       0.0000000000134656       0.0000000003135154      62.4987350738339700
       0.0000000000133980       0.0000000002740768      63.5589434237015212
       0.0000000000133291       0.0000000002346329      64.6191305995613021
       0.0000000000132589       0.0000000001951838      65.6792966022589013
       0.0000000000131875       0.0000000001557294      66.7394414326410725
       0.0000000000131149       0.0000000001162697      67.7995650915530348
       0.0000000000130409       0.0000000000768047      68.8596675798413855
       0.0000000000129657       0.0000000000373345      69.9197488983513011
       0.0000000000128893      -0.0000000000021410      70.9798090479281143
       0.0000000000128116      -0.0000000000416218      72.0398480294187777
       0.0000000000127326      -0.0000000000811078      73.0998658436670183
       0.0000000000126524      -0.0000000001205991      74.1598624915199736
       0.0000000000125709      -0.0000000001600957      75.2198379738228198
       0.0000000000124882      -0.0000000001995976      76.2797922914206339
       0.0000000000124042      -0.0000000002391047      77.3397254451593312
       0.0000000000123189      -0.0000000002786171      78.3996374358839603
       0.0000000000122324      -0.0000000003181347      79.4595282644393848
       0.0000000000121447      -0.0000000003576577      80.5193979316718469
       0.0000000000120557      -0.0000000003971859      81.5792464384261109
       0.0000000000119654      -0.0000000004367193      82.6390737855464153
       0.0000000000118739      -0.0000000004762581      83.6988799738795990
       0.0000000000117811      -0.0000000005158021      84.7586650042698295
       0.0000000000116871      -0.0000000005553513      85.8184288775618285
       0.0000000000115918      -0.0000000005949058      86.8781715946008433
       0.0000000000114953      -0.0000000006344656      87.9378931562321213
       0.0000000000113976      -0.0000000006740307      88.9975935632999864
       0.0000000000112985      -0.0000000007136010      90.0572728166494159
       0.0000000000111983      -0.0000000007531766      91.1169309171250319
       0.0000000000110968      -0.0000000007927575      92.1765678655720819
       0.0000000000109940      -0.0000000008323436      93.2361836628344776
       0.0000000000108900      -0.0000000008719350      94.2957783097576225
       0.0000000000107848      -0.0000000009115316      95.3553518071857695
       0.0000000000106783      -0.0000000009511335      96.4149041559628301
       0.0000000000105705      -0.0000000009907407      97.4744353569331139
       0.0000000000104615      -0.0000000010303531      98.5339454109424508
       0.0000000000103513      -0.0000000010699708      99.5934343188344400
       0.0000000000102398      -0.0000000011095938     100.6529020814528224
       0.0000000000101271      -0.0000000011492220     101.7123486996426038
       0.0000000000100132      -0.0000000011888555     102.7717741742473834
       0.0000000000098980      -0.0000000012284942     103.8311785061119110
       0.0000000000097815      -0.0000000012681382     104.8905616960800558
       0.0000000000096639      -0.0000000013077875     105.9499237449958571
      -0.0000000000046915      -0.0000000013111859     106.0407179255447261
      -0.0000000000061852      -0.0000000013113820     106.0354211859923339
      -0.0000000000061842      -0.0000000013115758     106.0301244458970018
      -0.0000000000062570      -0.0000000013118617     106.0221793347199224
      -0.0000000000063652      -0.0000000013122801     106.0102616656304235
      -0.0000000000065253      -0.0000000013128851     105.9923851567522917
      -0.0000000000067611      -0.0000000013137454     105.9655703816155068
      -0.0000000000071057      -0.0000000013149394     105.9253481922806799
      -0.0000000000076061      -0.0000000013165421     105.8650148483168039
      -0.0000000000083278      -0.0000000013185973     105.7745146976915294
      -0.0000000000093641      -0.0000000013210754     105.6387641701334559
      -0.0000000000108537      -0.0000000013238274     105.4351377050804501
      -0.0000000000130092      -0.0000000013265600     105.1296965049819931
      -0.0000000000161727      -0.0000000013288765     104.6715313532033065
      -0.0000000000209569      -0.0000000013304101     103.9842761539404279
      -0.0000000000280711      -0.0000000013311119     102.9533765927126439
      -0.0000000000284349      -0.0000000013313252     101.8939556659792487
      -0.0000000000282701      -0.0000000013313875     100.8345135845181630
      -0.0000000000281338      -0.0000000013314053      99.7750503553397863
      -0.0000000000280068      -0.0000000013314103      98.7155659800988303
      -0.0000000000278834      -0.0000000013314117      97.6560604587094758
      -0.0000000000277618      -0.0000000013314121      96.5965337905509926
      -0.0000000000276416      -0.0000000013314122      95.5369859748422527
      -0.0000000000275227      -0.0000000013314122      94.4774170107562412
      -0.0000000000274050      -0.0000000013314122      93.4178268974537787
      -0.0000000000272884      -0.0000000013314122      92.3582156340897882
      -0.0000000000271731      -0.0000000013314122      91.2985832198221203
      -0.0000000000270590      -0.0000000013314122      90.2389296538047887
      -0.0000000000269461      -0.0000000013314122      89.1792549351938391
      -0.0000000000268343      -0.0000000013314122      88.1195590631440240
      -0.0000000000267238      -0.0000000013314122      87.0598420368097834
      -0.0000000000266145      -0.0000000013314122      86.0001038553476889
      -0.0000000000265063      -0.0000000013314122      84.9403445179129193
      -0.0000000000263994      -0.0000000013314122      83.8805640236588630
      -0.0000000000262937      -0.0000000013314122      82.8207623717413099
      -0.0000000000261891      -0.0000000013314122      81.7609395613151122
      -0.0000000000260858      -0.0000000013314122      80.7010955915358039
      -0.0000000000259837      -0.0000000013314122      79.6412304615572992
      -0.0000000000258827      -0.0000000013314122      78.5813441705343649
      -0.0000000000257830      -0.0000000013314122      77.5214367176220520
      -0.0000000000256845      -0.0000000013314122      76.4615081019750846
      -0.0000000000255872      -0.0000000013314122      75.4015583227477890
      -0.0000000000254911      -0.0000000013314122      74.3415873790949604
      -0.0000000000253962      -0.0000000013314122      73.2815952701705982
      -0.0000000000253025      -0.0000000013314122      72.2215819951299949
      -0.0000000000252100      -0.0000000013314122      71.1615475531267947
      -0.0000000000251187      -0.0000000013314122      70.1014919433159207
      -0.0000000000250287      -0.0000000013314122      69.0414151648510028
      -0.0000000000249398      -0.0000000013314122      67.9813172168865947
      -0.0000000000248522      -0.0000000013314122      66.9211980985772925
      -0.0000000000247657      -0.0000000013314122      65.8610578090768115
      -0.0000000000246805      -0.0000000013314122      64.8008963475391795
      -0.0000000000245965      -0.0000000013314122      63.7407137131187440
      -0.0000000000245137      -0.0000000013314122      62.6805099049693055
      -0.0000000000244321      -0.0000000013314122      61.6202849222449842
      -0.0000000000243517      -0.0000000013314122      60.5600387640993176
      -0.0000000000242726      -0.0000000013314122      59.4997714296863549
      -0.0000000000241947      -0.0000000013314122      58.4394829181600883
      -0.0000000000241179      -0.0000000013314122      57.3791732286738494
      -0.0000000000240424      -0.0000000013314122      56.3188423603816304
      -0.0000000000239681      -0.0000000013314122      55.2584903124368410
      -0.0000000000238951      -0.0000000013314122      54.1981170839932673
      -0.0000000000238232      -0.0000000013314122      53.1377226742045039
      -0.0000000000237526      -0.0000000013314122      52.0773070822237401
      -0.0000000000236832      -0.0000000013314122      51.0168703072046625
      -0.0000000000236150      -0.0000000013314122      49.9564123483005247
      -0.0000000000235480      -0.0000000013314122      48.8959332046645159
      -0.0000000000234822      -0.0000000013314122      47.8354328754504223
      -0.0000000000234177      -0.0000000013314122      46.7749113598111350
      -0.0000000000233544      -0.0000000013314122      45.7143686568995875
      -0.0000000000232923      -0.0000000013314122      44.6538047658692960
      -0.0000000000232315      -0.0000000013314122      43.5932196858734997
      -0.0000000000231718      -0.0000000013314122      42.5326134160645069
      -0.0000000000231134      -0.0000000013314122      41.4719859555957555
      -0.0000000000230563      -0.0000000013314122      40.4113373036201651
      -0.0000000000230003      -0.0000000013314122      39.3506674592907402
      -0.0000000000229456      -0.0000000013314122      38.2899764217601586
      -0.0000000000228921      -0.0000000013314122      37.2292641901809702
      -0.0000000000228398      -0.0000000013314122      36.1685307637062792
      -0.0000000000227888      -0.0000000013314122      35.1077761414886496
      -0.0000000000227390      -0.0000000013314122      34.0470003226804394
      -0.0000000000226904      -0.0000000013314122      32.9862033064343834
      -0.0000000000226430      -0.0000000013314122      31.9253850919030810
      -0.0000000000225969      -0.0000000013314122      30.8645456782389402
      -0.0000000000225520      -0.0000000013314122      29.8036850645945037
      -0.0000000000225084      -0.0000000013314122      28.7428032501219555
      -0.0000000000224660      -0.0000000013314122      27.6819002339736038
      -0.0000000000224248      -0.0000000013314122      26.6209760153018529
      -0.0000000000223848      -0.0000000013314122      25.5600305932588476
      -0.0000000000223461      -0.0000000013314122      24.4990639669966654
      -0.0000000000223087      -0.0000000013314122      23.4380761356675222
      -0.0000000000222724      -0.0000000013314122      22.3770670984235842
      -0.0000000000222374      -0.0000000013314122      21.3160368544164207
      -0.0000000000222037      -0.0000000013314122      20.2549854027986385
      -0.0000000000221712      -0.0000000013314122      19.1939127427215652
      -0.0000000000221399      -0.0000000013314122      18.1328188733374382
      -0.0000000000221098      -0.0000000013314122      17.0717037937979690
      -0.0000000000220810      -0.0000000013314122      16.0105675032553911
      -0.0000000000220535      -0.0000000013314122      14.9494100008646349
      -0.0000000000220272      -0.0000000013314122      13.8882312857975538
      -0.0000000000220021      -0.0000000013314122      12.8270313573282575
      -0.0000000000219783      -0.0000000013314122      11.7658102153212276
      -0.0000000000219557      -0.0000000013314122      10.7045678628723326
      -0.0000000000219344      -0.0000000013314122       9.6433043192906851
      -0.0000000000219143      -0.0000000013314122       8.5820196668631432
      -0.0000000000218956      -0.0000000013314122       7.5207140965077457
      -0.0000000000218781      -0.0000000013314122       6.4593877270772513
      -0.0000000000218615      -0.0000000013314122       5.3980404590552951
      -0.0000000000218461      -0.0000000013314122       4.3366721388719318
      -0.0000000000218319      -0.0000000013314122       3.2752826725998041
      -0.0000000000218189      -0.0000000013314122       2.2138720118866888
      -0.0000000000218072      -0.0000000013314122       1.1524401400048254
      -0.0000000000217967      -0.0000000013314122       0.0909870488727231
      -0.0000000000015768      -0.0000000013314122       0.0000116793336246
