       0.0000000000000000       0.0000000000000000      -0.0000000000015456
       0.0000000000000001       0.0000000000000000      -0.0000000007466160
       0.0000000000000001       0.0000000000000000      -0.0000000023119024
       0.0000000000000001       0.0000000000000000      -0.0000000062603242
       0.0000000000000001       0.0000000000000000      -0.0000000157733432
       0.0000000000000001       0.0000000000000000      -0.0000000381463198
       0.0000000000000001       0.0000000000000000      -0.0000000899121167
       0.0000000000000003       0.0000000000000000      -0.0000002085477975
       0.0000000000000005       0.0000000000000000      -0.0000004787251498
       0.0000000000000011       0.0000000000000000      -0.0000010914694609
       0.0000000000000024       0.0000000000000000      -0.0000024774422690
       0.0000000000000054       0.0000000000000000      -0.0000056067937347
       0.0000000000000120       0.0000000000000000      -0.0000126642417511
       0.0000000000000271       0.0000000000000000      -0.0000285680858182
       0.0000000000000609       0.0000000000000000      -0.0000643886226325
       0.0000000000000985       0.0000000000000000      -0.0001161582205804
       0.0000000000001420       0.0000000000000000      -0.0001830905986288
       0.0000000000001918       0.0000000000000000      -0.0002651857194024
       0.0000000000002475       0.0000000000000000      -0.0003624435301658
       0.0000000000003093       0.0000000000000000      -0.0004748639906078
       0.0000000000003774       0.0000000000000000      -0.0006024470992465
       0.0000000000004519       0.0000000000000000      -0.0007451928780644
       0.0000000000005328       0.0000000000000000      -0.0009031013272412
       0.0000000000006201       0.0000000000000000      -0.0010761724563305
       0.0000000000007137       0.0000000000000000      -0.0012644062720856
       0.0000000000008136       0.0000000000000000      -0.0014678027717456
       0.0000000000009198       0.0000000000000000      -0.0016863619605896
       0.0000000000010324       0.0000000000000000      -0.0019200838393774
       0.0000000000011513       0.0000000000000000      -0.0021689684125960
       0.0000000000012766       0.0000000000000000      -0.0024330156814069
       0.0000000000014082       0.0000000000000000      -0.0027122256541185
       0.0000000000015461       0.0000000000000000      -0.0030065983357826
       0.0000000000016904       0.0000000000000000      -0.0033161337304202
       0.0000000000018410       0.0000000000000000      -0.0036408318409965
       0.0000000000019979       0.0000000000000000      -0.0039806926781352
       0.0000000000021611       0.0000000000000000      -0.0043357162402986
       0.0000000000023308       0.0000000000000000      -0.0047059025370923
       0.0000000000025067       0.0000000000000000      -0.0050912515786054
       0.0000000000026890       0.0000000000000000      -0.0054917633584011
       0.0000000000028776       0.0000000000000000      -0.0059074378987396
       0.0000000000030725       0.0000000000000000      -0.0063382751915929
       0.0000000000032738       0.0000000000000000      -0.0067842752631127
       0.0000000000034814       0.0000000000000000      -0.0072454380995951
       0.0000000000036953       0.0000000000000000      -0.0077217637276309
       0.0000000000039156       0.0000000000000000      -0.0082132521355980
       0.0000000000041423       0.0000000000000000      -0.0087199033485285
       0.0000000000043752       0.0000000000000000      -0.0092417173595575
       0.0000000000046145       0.0000000000000000      -0.0097786941955363
       0.0000000000048601       0.0000000000000000      -0.0103308338485629
       0.0000000000051121       0.0000000000000000      -0.0108981363350585
       0.0000000000053704       0.0000000000000000      -0.0114806016640768
       0.0000000000056350       0.0000000000000000      -0.0120782298502048
       0.0000000000059060       0.0000000000000000      -0.0126910208936717
       0.0000000000061833       0.0000000000000000      -0.0133189748056932
       0.0000000000064670       0.0000000000000000      -0.0139620916080813
       0.0000000000067569       0.0000000000000000      -0.0146203712975961
       0.0000000000070532       0.0000000000000000      -0.0152938138894080
       0.0000000000073559       0.0000000000000000      -0.0159824193937201
       0.0000000000076649       0.0000000000000000      -0.0166861878269806
       0.0000000000079802       0.0000000000000000      -0.0174051191980067
       0.0000000000083019       0.0000000000000000      -0.0181392135173257
       0.0000000000086299       0.0000000000000000      -0.0188884707973858
       0.0000000000089642       0.0000000000000000      -0.0196528910547051
       0.0000000000093049       0.0000000000000000      -0.0204324742908314
       0.0000000000096519      -0.0000000000000001      -0.0212272205279488
       0.0000000000100052      -0.0000000000000003      -0.0220371297541828
       0.0000000000103649      -0.0000000000000013      -0.0228622019690949
       0.0000000000107309      -0.0000000000000051      -0.0237024370637891
       0.0000000000111032      -0.0000000000000198      -0.0245578345868242
       0.0000000000114818      -0.0000000000000751      -0.0254283928755545
       0.0000000000118665      -0.0000000000002765      -0.0263141059375688
       0.0000000000122567      -0.0000000000009825      -0.0272149533941739
       0.0000000000126508      -0.0000000000032838      -0.0281308734396526
       0.0000000000130457      -0.0000000000098571      -0.0290617147559419
       0.0000000000134412      -0.0000000000262649      -0.0300071648482469
       0.0000000000138498      -0.0000000000681445      -0.0309663513164345
       0.0000000000142918      -0.0000000001894483      -0.0319362616603986
       0.0000000000147821      -0.0000000005625457      -0.0329072619418853
       0.0000000000153393      -0.0000000016998639      -0.0338507036182580
       0.0000000000159629      -0.0000000049929753      -0.0346887598045804
       0.0000000000165180      -0.0000000135181293      -0.0352492319465559
       0.0000000000168241      -0.0000000312568109      -0.0353086890100912
       0.0000000000169848      -0.0000000577257215      -0.0348926322733315
       0.0000000000172776      -0.0000000853431950      -0.0344240584009910
       0.0000000000177579      -0.0000001072757488      -0.0342906908034927
       0.0000000000183160      -0.0000001223859401      -0.0345440490516154
       0.0000000000188966      -0.0000001324496526      -0.0350904348825820
       0.0000000000194338      -0.0000001395137639      -0.0358222348119574
       0.0000000000198955      -0.0000001450247028      -0.0366509793896258
       0.0000000000203068      -0.0000001497272518      -0.0375379771174763
       0.0000000000207228      -0.0000001540388948      -0.0384608576209628
       0.0000000000212363      -0.0000001581776239      -0.0394033896353124
       0.0000000000218633      -0.0000001622139040      -0.0403699724572690
       0.0000000000225030      -0.0000001662591933      -0.0413516621625711
       0.0000000000231277      -0.0000001703433473      -0.0423459859725571
       0.0000000000237372      -0.0000001744736063      -0.0433523697209023
       0.0000000000243282      -0.0000001786520364      -0.0443706452076282
       0.0000000000249161      -0.0000001828792199      -0.0454007688108560
       0.0000000000255039      -0.0000001871553591      -0.0464427263794224
       0.0000000000260934      -0.0000001914805377      -0.0474965123240969
       0.0000000000266854      -0.0000001958547944      -0.0485621231979342
       0.0000000000272847      -0.0000002002781417      -0.0496395598755365
       0.0000000000278884      -0.0000002047505986      -0.0507288206174689
       0.0000000000284982      -0.0000002092721709      -0.0518299049402497
       0.0000000000291146      -0.0000002138428604      -0.0529428127203676
       0.0000000000297376      -0.0000002184626676      -0.0540675439332072
       0.0000000000303672      -0.0000002231315927      -0.0552040985847893
       0.0000000000310033      -0.0000002278496357      -0.0563524766894215
       0.0000000000316460      -0.0000002326167967      -0.0575126782593458
       0.0000000000322952      -0.0000002374330756      -0.0586847033160997
       0.0000000000329511      -0.0000002422984726      -0.0598685518675564
       0.0000000000336136      -0.0000002472129877      -0.0610642239379515
       0.0000000000342826      -0.0000002521766208      -0.0622717195479915
       0.0000000000349583      -0.0000002571893720      -0.0634910387103850
       0.0000000000356405      -0.0000002622512413      -0.0647221814551585
       0.0000000000363293      -0.0000002673622288      -0.0659651477973511
       0.0000000000370248      -0.0000002725223345      -0.0672199377570163
       0.0000000000377268      -0.0000002777315583      -0.0684865513519032
       0.0000000000384354      -0.0000002829899004      -0.0697649886023529
       0.0000000000391506      -0.0000002882973607      -0.0710552495261156
       0.0000000000398724      -0.0000002936539393      -0.0723573341495878
       0.0000000000406008      -0.0000002990596362      -0.0736712424904005
       0.0000000000413358      -0.0000003045144514      -0.0749969745693382
       0.0000000000420774      -0.0000003100183850      -0.0763345304091015
       0.0000000000428256      -0.0000003155714370      -0.0776839100245662
       0.0000000000435804      -0.0000003211736073      -0.0790451134464396
       0.0000000000443417      -0.0000003268248962      -0.0804181406941006
       0.0000000000451097      -0.0000003325253034      -0.0818029917797322
       0.0000000000458843      -0.0000003382748292      -0.0831996667366088
       0.0000000000466654      -0.0000003440734735      -0.0846081655790309
       0.0000000000474532      -0.0000003499212363      -0.0860284883390344
       0.0000000000482475      -0.0000003558181177      -0.0874606350316217
       0.0000000000490485      -0.0000003617641177      -0.0889046056797430
       0.0000000000498560      -0.0000003677592364      -0.0903604003093639
       0.0000000000506701      -0.0000003738034737      -0.0918280189392900
       0.0000000000514908      -0.0000003798968297      -0.0933074615999768
       0.0000000000523182      -0.0000003860393045      -0.0947987283053967
       0.0000000000531521      -0.0000003922308980      -0.0963018190803027
       0.0000000000539926      -0.0000003984716102      -0.0978167339561675
       0.0000000000548397      -0.0000004047614413      -0.0993434729564332
       0.0000000000556934      -0.0000004111003913      -0.1008820361003346
       0.0000000000565537      -0.0000004174884601      -0.1024324234102540
       0.0000000000574206      -0.0000004239256478      -0.1039946349182515
       0.0000000000582941      -0.0000004304119545      -0.1055686706413762
       0.0000000000591741      -0.0000004369473802      -0.1071545306115401
       0.0000000000600608      -0.0000004435319248      -0.1087522148473121
       0.0000000000609541      -0.0000004501655885      -0.1103617233761988
       0.0000000000618540      -0.0000004568483713      -0.1119830562318468
       0.0000000000627604      -0.0000004635802731      -0.1136162134288426
       0.0000000000636735      -0.0000004703612941      -0.1152611949962693
       0.0000000000645931      -0.0000004771914343      -0.1169180009632928
       0.0000000000655194      -0.0000004840706937      -0.1185866313512251
       0.0000000000664522      -0.0000004909990723      -0.1202670861896561
       0.0000000000673917      -0.0000004979765702      -0.1219593655074034
       0.0000000000683377      -0.0000005050031874      -0.1236634693232986
       0.0000000000692904      -0.0000005120789239      -0.1253793976741472
       0.0000000000702496      -0.0000005192037798      -0.1271071505823441
       0.0000000000712154      -0.0000005263777552      -0.1288467280779031
       0.0000000000721878      -0.0000005336008499      -0.1305981301796846
       0.0000000000731669      -0.0000005408730642      -0.1323613569273160
       0.0000000000741525      -0.0000005481943979      -0.1341364083439779
       0.0000000000751447      -0.0000005555648513      -0.1359232844523061
       0.0000000000733223      -0.0000005561983174      -0.1360766669126372
       0.0000000000731298      -0.0000005562344961      -0.1360631821543195
       0.0000000000731180      -0.0000005562699154      -0.1360497253927415
       0.0000000000731061      -0.0000005563213880      -0.1360296485198726
       0.0000000000730876      -0.0000005563950357      -0.1359997461030671
       0.0000000000730587      -0.0000005564980139      -0.1359553358752867
       0.0000000000730152      -0.0000005566371877      -0.1358896240199105
       0.0000000000729503      -0.0000005568160403      -0.1357928238406589
       0.0000000000728536      -0.0000005570291261      -0.1356510202454244
       0.0000000000727088      -0.0000005572546659      -0.1354440377431984
       0.0000000000724923      -0.0000005574478808      -0.1351425297056921
       0.0000000000721685      -0.0000005575418749      -0.1347027134268631
       0.0000000000716839      -0.0000005574646041      -0.1340579176948436
       0.0000000000709583      -0.0000005571798650      -0.1331046039113058
       0.0000000000698719      -0.0000005567470208      -0.1316825317145781
       0.0000000000682493      -0.0000005563504059      -0.1295528197654264
       0.0000000000672606      -0.0000005561527715      -0.1273672443845499
       0.0000000000663385      -0.0000005560673206      -0.1251896262032590
       0.0000000000654239      -0.0000005560330803      -0.1230237016084182
       0.0000000000645160      -0.0000005560201187      -0.1208714511590158
       0.0000000000636146      -0.0000005560154324      -0.1187337721958357
       0.0000000000627197      -0.0000005560138034      -0.1166110349592113
       0.0000000000618313      -0.0000005560132566      -0.1145033824999303
       0.0000000000609493      -0.0000005560130789      -0.1124108673188807
       0.0000000000600737      -0.0000005560130229      -0.1103335078646422
       0.0000000000592044      -0.0000005560130058      -0.1082713103590307
       0.0000000000583415      -0.0000005560130007      -0.1062242768208937
       0.0000000000574849      -0.0000005560129992      -0.1041924078678016
       0.0000000000566346      -0.0000005560129988      -0.1021757036766678
       0.0000000000557907      -0.0000005560129987      -0.1001741642479943
       0.0000000000549531      -0.0000005560129987      -0.0981877895942579
       0.0000000000541219      -0.0000005560129987      -0.0962165796817362
       0.0000000000532969      -0.0000005560129987      -0.0942605344741772
       0.0000000000524784      -0.0000005560129987      -0.0923196539367732
       0.0000000000516662      -0.0000005560129987      -0.0903939380354227
       0.0000000000508603      -0.0000005560129987      -0.0884833867485651
       0.0000000000500608      -0.0000005560129987      -0.0865880000419024
       0.0000000000492675      -0.0000005560129987      -0.0847077778836138
       0.0000000000484807      -0.0000005560129987      -0.0828427202376037
       0.0000000000477002      -0.0000005560129987      -0.0809928270742011
       0.0000000000469260      -0.0000005560129987      -0.0791580983677985
       0.0000000000461581      -0.0000005560129987      -0.0773385340871449
       0.0000000000453966      -0.0000005560129987      -0.0755341342028430
       0.0000000000446415      -0.0000005560129987      -0.0737448986784449
       0.0000000000438927      -0.0000005560129987      -0.0719708274906844
       0.0000000000431502      -0.0000005560129987      -0.0702119206107749
       0.0000000000424140      -0.0000005560129987      -0.0684681780069146
       0.0000000000416842      -0.0000005560129987      -0.0667395996508126
       0.0000000000409607      -0.0000005560129987      -0.0650261855189698
       0.0000000000402436      -0.0000005560129987      -0.0633279355729844
       0.0000000000395328      -0.0000005560129987      -0.0616448497923527
       0.0000000000388284      -0.0000005560129987      -0.0599769281561786
       0.0000000000381303      -0.0000005560129987      -0.0583241706170789
       0.0000000000374385      -0.0000005560129987      -0.0566865771694321
       0.0000000000367530      -0.0000005560129987      -0.0550641477689350
       0.0000000000360740      -0.0000005560129987      -0.0534568823988685
       0.0000000000354012      -0.0000005560129987      -0.0518647810298648
       0.0000000000347348      -0.0000005560129987      -0.0502878436333925
       0.0000000000340747      -0.0000005560129987      -0.0487260701922911
       0.0000000000334210      -0.0000005560129987      -0.0471794606693612
       0.0000000000327736      -0.0000005560129987      -0.0456480150465574
       0.0000000000321325      -0.0000005560129987      -0.0441317332955307
       0.0000000000314978      -0.0000005560129987      -0.0426306153951667
       0.0000000000308694      -0.0000005560129987      -0.0411446613154027
       0.0000000000302473      -0.0000005560129987      -0.0396738710350336
       0.0000000000296316      -0.0000005560129987      -0.0382182445311743
       0.0000000000290222      -0.0000005560129987      -0.0367777817765120
       0.0000000000284192      -0.0000005560129987      -0.0353524827468604
       0.0000000000278225      -0.0000005560129987      -0.0339423474243483
       0.0000000000272321      -0.0000005560129987      -0.0325473757761122
       0.0000000000266481      -0.0000005560129987      -0.0311675677868452
       0.0000000000260704      -0.0000005560129987      -0.0298029234359418
       0.0000000000254990      -0.0000005560129987      -0.0284534426913414
       0.0000000000249340      -0.0000005560129987      -0.0271191255406001
       0.0000000000243754      -0.0000005560129987      -0.0257999719529991
       0.0000000000238230      -0.0000005560129987      -0.0244959819161366
       0.0000000000232770      -0.0000005560129987      -0.0232071554039134
       0.0000000000227374      -0.0000005560129987      -0.0219334923915759
       0.0000000000222040      -0.0000005560129987      -0.0206749928634981
       0.0000000000216770      -0.0000005560129987      -0.0194316567983030
       0.0000000000211564      -0.0000005560129987      -0.0182034841695183
       0.0000000000206421      -0.0000005560129987      -0.0169904749641441
       0.0000000000201341      -0.0000005560129987      -0.0157926291600950
       0.0000000000196325      -0.0000005560129987      -0.0146099467348541
       0.0000000000191372      -0.0000005560129987      -0.0134424276758567
       0.0000000000186482      -0.0000005560129987      -0.0122900719548276
       0.0000000000181656      -0.0000005560129987      -0.0111528795610167
       0.0000000000176893      -0.0000005560129987      -0.0100308504691495
       0.0000000000172193      -0.0000005560129987      -0.0089239846637074
       0.0000000000167557      -0.0000005560129987      -0.0078322821262478
       0.0000000000162984      -0.0000005560129987      -0.0067557428396502
       0.0000000000158475      -0.0000005560129987      -0.0056943667814369
       0.0000000000154029      -0.0000005560129987      -0.0046481539399369
       0.0000000000149646      -0.0000005560129987      -0.0036171042977757
       0.0000000000145326      -0.0000005560129987      -0.0026012178397164
       0.0000000000141070      -0.0000005560129987      -0.0016004945405846
       0.0000000000136878      -0.0000005560129987      -0.0006149343860509
       0.0000000000132749      -0.0000005560129987       0.0003554626327879
       0.0000000000128683      -0.0000005560129987       0.0013106965406157
       0.0000000000124680      -0.0000005560129987       0.0022507673464986
       0.0000000000120741      -0.0000005560129987       0.0031756750668896
       0.0000000000116865      -0.0000005560129987       0.0040854197229546
       0.0000000000113053      -0.0000005560129987       0.0049800013221797
       0.0000000000109304      -0.0000005560129987       0.0058594198853703
       0.0000000000105618      -0.0000005560129987       0.0067236754228530
       0.0000000000101996      -0.0000005560129987       0.0075727679501529
       0.0000000000098437      -0.0000005560129987       0.0084066974812145
       0.0000000000094941      -0.0000005560129987       0.0092254640280423
       0.0000000000091509      -0.0000005560129987       0.0100290676104773
       0.0000000000088140      -0.0000005560129987       0.0108175082351716
       0.0000000000084834      -0.0000005560129987       0.0115907859145356
       0.0000000000081592      -0.0000005560129987       0.0123489006702737
       0.0000000000078413      -0.0000005560129987       0.0130918525069827
       0.0000000000075298      -0.0000005560129987       0.0138196414398153
       0.0000000000072246      -0.0000005560129987       0.0145322674767966
       0.0000000000069257      -0.0000005560129987       0.0152297306344249
       0.0000000000066332      -0.0000005560129987       0.0159120309167846
       0.0000000000063470      -0.0000005560129987       0.0165791683483728
       0.0000000000060671      -0.0000005560129987       0.0172311429285615
       0.0000000000057936      -0.0000005560129987       0.0178679546716415
       0.0000000000055264      -0.0000005560129987       0.0184896035906359
       0.0000000000052655      -0.0000005560129987       0.0190960896952156
       0.0000000000050110      -0.0000005560129987       0.0196874129895733
       0.0000000000047628      -0.0000005560129987       0.0202635734897748
       0.0000000000045209      -0.0000005560129987       0.0208245712042298
       0.0000000000042854      -0.0000005560129987       0.0213704061414062
       0.0000000000040562      -0.0000005560129986       0.0219010783091543
       0.0000000000038334      -0.0000005560129985       0.0224165877115559
       0.0000000000036169      -0.0000005560129981       0.0229169343453043
       0.0000000000034067      -0.0000005560129963       0.0234021181610684
       0.0000000000032029      -0.0000005560129893       0.0238721389526140
       0.0000000000030055      -0.0000005560129632       0.0243269959363361
       0.0000000000028145      -0.0000005560128669       0.0247666862600204
       0.0000000000026305      -0.0000005560125226       0.0251911999262492
       0.0000000000024548      -0.0000005560113385       0.0256005035436783
       0.0000000000022919      -0.0000005560075578       0.0259944981332521
       0.0000000000021520      -0.0000005559972653       0.0263729595621477
       0.0000000000020483      -0.0000005559762645       0.0267356402190006
       0.0000000000019728      -0.0000005559470582       0.0270826782946041
       0.0000000000018735      -0.0000005559193607       0.0274146331204788
       0.0000000000017025      -0.0000005558999375       0.0277319073009485
       0.0000000000014790      -0.0000005558884621       0.0280344817647137
       0.0000000000012642      -0.0000005558814670       0.0283221550028288
       0.0000000000010939      -0.0000005558745425       0.0285946774731962
       0.0000000000009603      -0.0000005558598600       0.0288516124914122
       0.0000000000008270      -0.0000005558169490       0.0290918295647541
       0.0000000000006259      -0.0000005556873324       0.0293121187265028
       0.0000000000002266      -0.0000005553057676       0.0295033889424797
      -0.0000000000005092      -0.0000005542064307       0.0296400167274980
      -0.0000000000014209      -0.0000005510775414       0.0296497384794869
      -0.0000000000018998      -0.0000005423649584       0.0293361948962460
      -0.0000000000015083      -0.0000005196656072       0.0282321856401140
      -0.0000000000004108      -0.0000004688700453       0.0255431086723496
       0.0000000000009368      -0.0000003807276011       0.0207330915718903
       0.0000000000018518      -0.0000002695751883       0.0146076227439764
       0.0000000000018728      -0.0000001672690696       0.0089766987031211
       0.0000000000013188      -0.0000000941806785       0.0049798136741393
       0.0000000000009237      -0.0000000501646986       0.0025999836732612
       0.0000000000008335      -0.0000000261299215       0.0013142225259856
       0.0000000000007072      -0.0000000136953049       0.0006738068225951
       0.0000000000004729      -0.0000000072813750       0.0003407118405447
       0.0000000000002462      -0.0000000040659682       0.0001664408266913
       0.0000000000001213      -0.0000000025010289       0.0000678213507136
       0.0000000000000872      -0.0000000017806511       0.0000008944199553
       0.0000000000001007      -0.0000000015006718      -0.0000676829282429
       0.0000000000001333      -0.0000000015641571      -0.0001234876854464
       0.0000000000002245      -0.0000000017410193      -0.0001858730708119
       0.0000000000004259      -0.0000000019795717      -0.0002590398911079
       0.0000000000007839      -0.0000000022665595      -0.0003440400799857
       0.0000000000012398      -0.0000000025980292      -0.0004411376866219
       0.0000000000015702      -0.0000000029749150      -0.0005502822063876
       0.0000000000015773      -0.0000000034015425      -0.0006712052629096
       0.0000000000013440      -0.0000000038815084      -0.0008036832645417
       0.0000000000010858      -0.0000000044154932      -0.0009476762268800
       0.0000000000009236      -0.0000000050023679      -0.0011032589491731
       0.0000000000008573      -0.0000000056407552      -0.0012705166677537
       0.0000000000008569      -0.0000000063296292      -0.0014495106979038
       0.0000000000009046      -0.0000000070683490      -0.0016402829653864
       0.0000000000009803      -0.0000000078565789      -0.0018428533432702
       0.0000000000010775      -0.0000000086941323      -0.0020572333073054
       0.0000000000011953      -0.0000000095809098      -0.0022834328462184
       0.0000000000013153      -0.0000000105168876      -0.0025214473386056
       0.0000000000014491      -0.0000000115020053      -0.0027712824445054
       0.0000000000015907      -0.0000000125362462      -0.0030329396529811
       0.0000000000017389      -0.0000000136196057      -0.0033064193327135
       0.0000000000018935      -0.0000000147520826      -0.0035917215717898
       0.0000000000020547      -0.0000000159336766      -0.0038888464089139
       0.0000000000022227      -0.0000000171643875      -0.0041977938624661
       0.0000000000023973      -0.0000000184442155      -0.0045185639553551
       0.0000000000025786      -0.0000000197731604      -0.0048511566960906
       0.0000000000027665      -0.0000000211512222      -0.0051955720884724
       0.0000000000029610      -0.0000000225784010      -0.0055518101418895
       0.0000000000031620      -0.0000000240546968      -0.0059198708557594
       0.0000000000033696      -0.0000000255801095      -0.0062997542327910
       0.0000000000035838      -0.0000000271546392      -0.0066914602808324
       0.0000000000038046      -0.0000000287782860      -0.0070949890066509
       0.0000000000040320      -0.0000000304510497      -0.0075103404186383
       0.0000000000042659      -0.0000000321729304      -0.0079375145206205
       0.0000000000045065      -0.0000000339439282      -0.0083765113224187
       0.0000000000047537      -0.0000000357640430      -0.0088273308289806
       0.0000000000050074      -0.0000000376332748      -0.0092899730480745
       0.0000000000052677      -0.0000000395516237      -0.0097644379864261
       0.0000000000055347      -0.0000000415190896      -0.0102507256543442
       0.0000000000058082      -0.0000000435356725      -0.0107488360508375
       0.0000000000060883      -0.0000000456013726      -0.0112587691924680
       0.0000000000063750      -0.0000000477161897      -0.0117805250875063
       0.0000000000066683      -0.0000000498801239      -0.0123141037388361
       0.0000000000069682      -0.0000000520931753      -0.0128595051530188
       0.0000000000072747      -0.0000000543553437      -0.0134167293413067
       0.0000000000075877      -0.0000000566666292      -0.0139857763128986
       0.0000000000079074      -0.0000000590270319      -0.0145666460770086
       0.0000000000082337      -0.0000000614365517      -0.0151593386339626
       0.0000000000085665      -0.0000000638951887      -0.0157638540100047
       0.0000000000089060      -0.0000000664029429      -0.0163801922059344
       0.0000000000092520      -0.0000000689598142      -0.0170083532371588
       0.0000000000096046      -0.0000000715658028      -0.0176483371096861
       0.0000000000099638      -0.0000000742209085      -0.0183001438304381
       0.0000000000103296      -0.0000000769251315      -0.0189637734145831
       0.0000000000107020      -0.0000000796784716      -0.0196392258738435
       0.0000000000110810      -0.0000000824809291      -0.0203265012127840
       0.0000000000114666      -0.0000000853325038      -0.0210255994515284
       0.0000000000118587      -0.0000000882331957      -0.0217365205911247
       0.0000000000122575      -0.0000000911830050      -0.0224592646531656
       0.0000000000126628      -0.0000000941819315      -0.0231938316364614
       0.0000000000130748      -0.0000000972299754      -0.0239402215657135
       0.0000000000134933      -0.0000001003271366      -0.0246984344413319
       0.0000000000139184      -0.0000001034734152      -0.0254684702843618
       0.0000000000143502      -0.0000001066688111      -0.0262503291002043
       0.0000000000147885      -0.0000001099133243      -0.0270440108977370
       0.0000000000152334      -0.0000001132069550      -0.0278495156927142
       0.0000000000156849      -0.0000001165497031      -0.0286668435036546
       0.0000000000161430      -0.0000001199415686      -0.0294959943375146
       0.0000000000166077      -0.0000001233825515      -0.0303369682087591
       0.0000000000170789      -0.0000001268726519      -0.0311897651377457
       0.0000000000175568      -0.0000001304118698      -0.0320543851307639
       0.0000000000180412      -0.0000001340002052      -0.0329308282037583
       0.0000000000185323      -0.0000001376376580      -0.0338190943708218
       0.0000000000190299      -0.0000001413242284      -0.0347191836447675
       0.0000000000195342      -0.0000001450599164      -0.0356310960451364
       0.0000000000200450      -0.0000001488447219      -0.0365548315802407
       0.0000000000205624      -0.0000001526786450      -0.0374903902608421
       0.0000000000210864      -0.0000001565616857      -0.0384377721027096
       0.0000000000216170      -0.0000001604938440      -0.0393969771256853
       0.0000000000221542      -0.0000001644751199      -0.0403680053485465
       0.0000000000226980      -0.0000001685055135      -0.0413508567838018
       0.0000000000232484      -0.0000001725850248      -0.0423455314380077
       0.0000000000238054      -0.0000001767136538      -0.0433520293439745
       0.0000000000243689      -0.0000001808914005      -0.0443703505099705
       0.0000000000249391      -0.0000001851182649      -0.0454004949428060
       0.0000000000255158      -0.0000001893942471      -0.0464424626675194
       0.0000000000260992      -0.0000001937193471      -0.0474962536970454
       0.0000000000266891      -0.0000001980935649      -0.0485618680513742
       0.0000000000272856      -0.0000002025169004      -0.0496393057443968
       0.0000000000278888      -0.0000002069893539      -0.0507285667991661
       0.0000000000284985      -0.0000002115109252      -0.0518296512282944
       0.0000000000291148      -0.0000002160816144      -0.0529425590547290
       0.0000000000297377      -0.0000002207014215      -0.0540672902879894
       0.0000000000303672      -0.0000002253703465      -0.0552038449425245
       0.0000000000310033      -0.0000002300883895      -0.0563522230462017
       0.0000000000316460      -0.0000002348555505      -0.0575124246128367
       0.0000000000322952      -0.0000002396718294      -0.0586844496635596
       0.0000000000329511      -0.0000002445372264      -0.0598682982178290
       0.0000000000336136      -0.0000002494517415      -0.0610639702930509
       0.0000000000342826      -0.0000002544153746      -0.0622714659027914
       0.0000000000349583      -0.0000002594281258      -0.0634907850696940
       0.0000000000356405      -0.0000002644899951      -0.0647219278110230
       0.0000000000363293      -0.0000002696009826      -0.0659648941535919
       0.0000000000370248      -0.0000002747610882      -0.0672196841139730
       0.0000000000377268      -0.0000002799703121      -0.0684862977092331
       0.0000000000384354      -0.0000002852286542      -0.0697647349570831
       0.0000000000391506      -0.0000002905361145      -0.0710549958842582
       0.0000000000398724      -0.0000002958926931      -0.0723570805043097
       0.0000000000406008      -0.0000003012983900      -0.0736709888464092
       0.0000000000413358      -0.0000003067532052      -0.0749967209317905
       0.0000000000420774      -0.0000003122571388      -0.0763342767690429
       0.0000000000428256      -0.0000003178101908      -0.0776836563844167
       0.0000000000435804      -0.0000003234123611      -0.0790448598049432
       0.0000000000443418      -0.0000003290636499      -0.0804178870518585
       0.0000000000451097      -0.0000003347640572      -0.0818027381426397
       0.0000000000458843      -0.0000003405135830      -0.0831994130995076
       0.0000000000466654      -0.0000003463122273      -0.0846079119459776
       0.0000000000474532      -0.0000003521599901      -0.0860282347053951
       0.0000000000482475      -0.0000003580568715      -0.0874603813931021
       0.0000000000490485      -0.0000003640028715      -0.0889043520441391
       0.0000000000498560      -0.0000003699979902      -0.0903601466746192
       0.0000000000506701      -0.0000003760422275      -0.0918277653030000
       0.0000000000514909      -0.0000003821355835      -0.0933072079599326
       0.0000000000523182      -0.0000003882780582      -0.0947984746708499
       0.0000000000531521      -0.0000003944696517      -0.0963015654447164
       0.0000000000539926      -0.0000004007103640      -0.0978164803245809
       0.0000000000548397      -0.0000004070001951      -0.0993432193228405
       0.0000000000556934      -0.0000004133391451      -0.1008817824661074
       0.0000000000565537      -0.0000004197272139      -0.1024321697749732
       0.0000000000574206      -0.0000004261644016      -0.1039943812830593
       0.0000000000582941      -0.0000004326507083      -0.1055684170100539
       0.0000000000591742      -0.0000004391861339      -0.1071542769760005
       0.0000000000600608      -0.0000004457706786      -0.1087519612155375
       0.0000000000609541      -0.0000004524043423      -0.1103614697459149
       0.0000000000618540      -0.0000004590871250      -0.1119828025998655
       0.0000000000627604      -0.0000004658190269      -0.1136159597939063
       0.0000000000636735      -0.0000004726000479      -0.1152609413640571
       0.0000000000645931      -0.0000004794301881      -0.1169177473322356
       0.0000000000655194      -0.0000004863094475      -0.1185863777195467
       0.0000000000664522      -0.0000004932378261      -0.1202668325597648
       0.0000000000673917      -0.0000005002153240      -0.1219591118778248
       0.0000000000683377      -0.0000005072419412      -0.1236632156935504
       0.0000000000692904      -0.0000005143176777      -0.1253791440443712
       0.0000000000702496      -0.0000005214425336      -0.1271068969518789
       0.0000000000712154      -0.0000005286165089      -0.1288464744458191
       0.0000000000721879      -0.0000005358396037      -0.1305978765515793
       0.0000000000731669      -0.0000005431118180      -0.1323611033015455
       0.0000000000741525      -0.0000005504331517      -0.1341361547108098
       0.0000000000751447      -0.0000005578036050      -0.1359230308226861
       0.0000000000733223      -0.0000005584370712      -0.1360764132895951
       0.0000000000731298      -0.0000005584732498      -0.1360629285265779
       0.0000000000731180      -0.0000005585086692      -0.1360494717628421
       0.0000000000731061      -0.0000005585601417      -0.1360293948936951
       0.0000000000730877      -0.0000005586337894      -0.1359994924754440
       0.0000000000730587      -0.0000005587367677      -0.1359550822493857
       0.0000000000730152      -0.0000005588759415      -0.1358893703927384
       0.0000000000729504      -0.0000005590547941      -0.1357925702113001
       0.0000000000728536      -0.0000005592678798      -0.1356507666177746
       0.0000000000727088      -0.0000005594934197      -0.1354437841179074
       0.0000000000724923      -0.0000005596866346      -0.1351422760824222
       0.0000000000721685      -0.0000005597806287      -0.1347024597996648
       0.0000000000716839      -0.0000005597033579      -0.1340576640711878
       0.0000000000709583      -0.0000005594186187      -0.1331043502822289
       0.0000000000698719      -0.0000005589857746      -0.1316822780917797
       0.0000000000682493      -0.0000005585891597      -0.1295525661382207
       0.0000000000672606      -0.0000005583915253      -0.1273669907568530
       0.0000000000663385      -0.0000005583060743      -0.1251893725751513
       0.0000000000654239      -0.0000005582718340      -0.1230234479752392
       0.0000000000645160      -0.0000005582588725      -0.1208711975289983
       0.0000000000636146      -0.0000005582541862      -0.1187335185651114
       0.0000000000627197      -0.0000005582525572      -0.1166107813300569
       0.0000000000618313      -0.0000005582520104      -0.1145031288706311
       0.0000000000609493      -0.0000005582518327      -0.1124106136898704
       0.0000000000600737      -0.0000005582517767      -0.1103332542298617
       0.0000000000592044      -0.0000005582517596      -0.1082710567271907
       0.0000000000583415      -0.0000005582517545      -0.1062240231881481
       0.0000000000574849      -0.0000005582517530      -0.1041921542350299
       0.0000000000566346      -0.0000005582517526      -0.1021754500441553
       0.0000000000557907      -0.0000005582517525      -0.1001739106169651
       0.0000000000549531      -0.0000005582517525      -0.0981875359634679
       0.0000000000541219      -0.0000005582517525      -0.0962163260439534
       0.0000000000532970      -0.0000005582517525      -0.0942602808340378
       0.0000000000524784      -0.0000005582517525      -0.0923194002989076
       0.0000000000516662      -0.0000005582517525      -0.0903936844043848
       0.0000000000508603      -0.0000005582517525      -0.0884831331149329
       0.0000000000500608      -0.0000005582517525      -0.0865877464075965
       0.0000000000492676      -0.0000005582517525      -0.0847075242447996
       0.0000000000484807      -0.0000005582517525      -0.0828424665987320
       0.0000000000477002      -0.0000005582517525      -0.0809925734367866
       0.0000000000469260      -0.0000005582517525      -0.0791578447313424
       0.0000000000461581      -0.0000005582517525      -0.0773382804494457
       0.0000000000453966      -0.0000005582517525      -0.0755338805609271
       0.0000000000446415      -0.0000005582517525      -0.0737446450399449
       0.0000000000438927      -0.0000005582517525      -0.0719705738530771
       0.0000000000431502      -0.0000005582517525      -0.0702116669729041
       0.0000000000424140      -0.0000005582517525      -0.0684679243687474
       0.0000000000416842      -0.0000005582517525      -0.0667393460128860
       0.0000000000409608      -0.0000005582517525      -0.0650259318760440
       0.0000000000402436      -0.0000005582517525      -0.0633276819330842
       0.0000000000395328      -0.0000005582517525      -0.0616445961548778
       0.0000000000388284      -0.0000005582517525      -0.0599766745110705
       0.0000000000381303      -0.0000005582517525      -0.0583239169774570
       0.0000000000374385      -0.0000005582517525      -0.0566863235256349
       0.0000000000367531      -0.0000005582517525      -0.0550638941242704
       0.0000000000360740      -0.0000005582517525      -0.0534566287561234
       0.0000000000354012      -0.0000005582517525      -0.0518645273859561
       0.0000000000347348      -0.0000005582517525      -0.0502875899907822
       0.0000000000340747      -0.0000005582517525      -0.0487258165487841
       0.0000000000334210      -0.0000005582517525      -0.0471792070259643
       0.0000000000327735      -0.0000005582517525      -0.0456477614041881
       0.0000000000321325      -0.0000005582517525      -0.0441314796552625
       0.0000000000314978      -0.0000005582517525      -0.0426303617501136
       0.0000000000308694      -0.0000005582517525      -0.0411444076719590
       0.0000000000302473      -0.0000005582517525      -0.0396736173911534
       0.0000000000296316      -0.0000005582517525      -0.0382179908833213
       0.0000000000290222      -0.0000005582517525      -0.0367775281293180
       0.0000000000284192      -0.0000005582517525      -0.0353522291019962
       0.0000000000278225      -0.0000005582517525      -0.0339420937737103
       0.0000000000272321      -0.0000005582517525      -0.0325471221294881
       0.0000000000266481      -0.0000005582517525      -0.0311673141394226
       0.0000000000260704      -0.0000005582517525      -0.0298026697859271
       0.0000000000254990      -0.0000005582517525      -0.0284531890431599
       0.0000000000249340      -0.0000005582517525      -0.0271188718897426
       0.0000000000243754      -0.0000005582517525      -0.0257997183026270
       0.0000000000238230      -0.0000005582517525      -0.0244957282648320
       0.0000000000232770      -0.0000005582517525      -0.0232069017497461
       0.0000000000227374      -0.0000005582517525      -0.0219332387405124
       0.0000000000222040      -0.0000005582517525      -0.0206747392129588
       0.0000000000216771      -0.0000005582517525      -0.0194314031418020
       0.0000000000211564      -0.0000005582517525      -0.0182032305168146
       0.0000000000206421      -0.0000005582517525      -0.0169902213101990
       0.0000000000201341      -0.0000005582517525      -0.0157923755083556
       0.0000000000196325      -0.0000005582517525      -0.0146096930833627
       0.0000000000191372      -0.0000005582517525      -0.0134421740195025
       0.0000000000186482      -0.0000005582517525      -0.0122898183018556
       0.0000000000181656      -0.0000005582517525      -0.0111526259037437
       0.0000000000176893      -0.0000005582517525      -0.0100305968112419
       0.0000000000172193      -0.0000005582517525      -0.0089237310061599
       0.0000000000167557      -0.0000005582517525      -0.0078320284666503
       0.0000000000162984      -0.0000005582517525      -0.0067554891822639
       0.0000000000158475      -0.0000005582517525      -0.0056941131253717
       0.0000000000154029      -0.0000005582517525      -0.0046479002875819
       0.0000000000149646      -0.0000005582517525      -0.0036168506436231
       0.0000000000145327      -0.0000005582517525      -0.0026009641799685
       0.0000000000141071      -0.0000005582517525      -0.0016002408806322
       0.0000000000136878      -0.0000005582517525      -0.0006146807296607
       0.0000000000132749      -0.0000005582517525       0.0003557162904223
       0.0000000000128683      -0.0000005582517525       0.0013109501979338
       0.0000000000124680      -0.0000005582517525       0.0022510210055760
       0.0000000000120741      -0.0000005582517525       0.0031759287272664
       0.0000000000116865      -0.0000005582517525       0.0040856733834852
       0.0000000000113053      -0.0000005582517525       0.0049802549834235
       0.0000000000109304      -0.0000005582517525       0.0058596735455060
       0.0000000000105618      -0.0000005582517525       0.0067239290835915
       0.0000000000101996      -0.0000005582517525       0.0075730216109404
       0.0000000000098437      -0.0000005582517525       0.0084069511448074
       0.0000000000094941      -0.0000005582517525       0.0092257176944868
       0.0000000000091509      -0.0000005582517525       0.0100293212720607
       0.0000000000088140      -0.0000005582517525       0.0108177619018665
       0.0000000000084834      -0.0000005582517525       0.0115910395820251
       0.0000000000081592      -0.0000005582517525       0.0123491543356612
       0.0000000000078413      -0.0000005582517525       0.0130921061690437
       0.0000000000075298      -0.0000005582517525       0.0138198951024817
       0.0000000000072246      -0.0000005582517525       0.0145325211423197
       0.0000000000069257      -0.0000005582517525       0.0152299842990571
       0.0000000000066332      -0.0000005582517525       0.0159122845839692
       0.0000000000063470      -0.0000005582517525       0.0165794220158464
       0.0000000000060671      -0.0000005582517525       0.0172313965955860
       0.0000000000057936      -0.0000005582517525       0.0178682083409916
       0.0000000000055264      -0.0000005582517525       0.0184898572551656
       0.0000000000052655      -0.0000005582517525       0.0190963433628270
       0.0000000000050110      -0.0000005582517525       0.0196876666605156
       0.0000000000047628      -0.0000005582517525       0.0202638271582834
       0.0000000000045209      -0.0000005582517525       0.0208248248759516
       0.0000000000042854      -0.0000005582517525       0.0213706598126009
       0.0000000000040562      -0.0000005582517524       0.0219013319780762
       0.0000000000038334      -0.0000005582517523       0.0224168413841010
       0.0000000000036169      -0.0000005582517519       0.0229171880140693
       0.0000000000034067      -0.0000005582517501       0.0234023718290847
       0.0000000000032029      -0.0000005582517431       0.0238723926215961
       0.0000000000030055      -0.0000005582517169       0.0243272496066979
       0.0000000000028145      -0.0000005582516207       0.0247669399374131
       0.0000000000026305      -0.0000005582512764       0.0251914535970456
       0.0000000000024549      -0.0000005582500923       0.0256007572169485
       0.0000000000022919      -0.0000005582463116       0.0259947518081685
       0.0000000000021520      -0.0000005582360191       0.0263732132342138
       0.0000000000020484      -0.0000005582150182       0.0267358938985316
       0.0000000000019728      -0.0000005581858119       0.0270829319680745
       0.0000000000018735      -0.0000005581581145       0.0274148867967823
       0.0000000000017025      -0.0000005581386913       0.0277321609784439
       0.0000000000014790      -0.0000005581272159       0.0280347354396330
       0.0000000000012642      -0.0000005581202208       0.0283224086796021
       0.0000000000010939      -0.0000005581132963       0.0285949311511079
       0.0000000000009603      -0.0000005580986138       0.0288518661663020
       0.0000000000008271      -0.0000005580557028       0.0290920832466687
       0.0000000000006259      -0.0000005579260862       0.0293123724033397
       0.0000000000002266      -0.0000005575445214       0.0295036426197572
      -0.0000000000005092      -0.0000005564451845       0.0296402704036194
      -0.0000000000014209      -0.0000005533162952       0.0296499921563597
      -0.0000000000018998      -0.0000005446037122       0.0293364485761847
      -0.0000000000015083      -0.0000005219043609       0.0282324393154147
      -0.0000000000004108      -0.0000004711087988       0.0255433623386585
       0.0000000000009368      -0.0000003829663546       0.0207333452344110
       0.0000000000018518      -0.0000002718139417       0.0146078764103415
       0.0000000000018728      -0.0000001695078231       0.0089769523715792
       0.0000000000013188      -0.0000000964194321       0.0049800673510599
       0.0000000000009237      -0.0000000524034523       0.0026002373539521
       0.0000000000008335      -0.0000000283686753       0.0013144762106845
       0.0000000000007072      -0.0000000159340587       0.0006740605134187
       0.0000000000004729      -0.0000000095201288       0.0003409655275714
       0.0000000000002462      -0.0000000063047220       0.0001666945153377
       0.0000000000001212      -0.0000000047397828       0.0000680750408240
       0.0000000000000497      -0.0000000046167381       0.0000593637533875
