       0.0000000000000000       0.0000000000000000      -0.0000000007359195
       0.0000000000000000       0.0000000000000000       0.0000000010618366
       0.0000000000000000       0.0000000000000000       0.0000000032506280
       0.0000000000000000       0.0000000000000000       0.0000000087730810
       0.0000000000000000       0.0000000000000000       0.0000000220954009
       0.0000000000000000       0.0000000000000000       0.0000000534142158
       0.0000000000000000       0.0000000000000000       0.0000001258958907
       0.0000000000000000       0.0000000000000000       0.0000002920013753
       0.0000000000000000       0.0000000000000000       0.0000006702724358
       0.0000000000000000       0.0000000000000000       0.0000015281839710
       0.0000000000000001       0.0000000000000000       0.0000034686872227
       0.0000000000000002       0.0000000000000000       0.0000078501218636
       0.0000000000000006       0.0000000000000000       0.0000177313028250
       0.0000000000000012       0.0000000000000000       0.0000399983893393
       0.0000000000000028       0.0000000000000000       0.0000901509788489
       0.0000000000000006       0.0000000000000000       0.0001626336833015
      -0.0000000000000043       0.0000000000000000       0.0002563455255946
      -0.0000000000000116       0.0000000000000000       0.0003712865056244
      -0.0000000000000213       0.0000000000000000       0.0005074566233969
      -0.0000000000000335       0.0000000000000000       0.0006648558790406
      -0.0000000000000481       0.0000000000000000       0.0008434842726950
      -0.0000000000000651       0.0000000000000000       0.0010433418044953
      -0.0000000000000846       0.0000000000000000       0.0012644284746059
      -0.0000000000001065       0.0000000000000000       0.0015067442832103
      -0.0000000000001308       0.0000000000000000       0.0017702892304196
      -0.0000000000001576       0.0000000000000000       0.0020550633164614
      -0.0000000000001868       0.0000000000000000       0.0023610665415994
      -0.0000000000002185       0.0000000000000000       0.0026882989060456
      -0.0000000000002526       0.0000000000000000       0.0030367604100222
      -0.0000000000002891       0.0000000000000000       0.0034064510538307
      -0.0000000000003281       0.0000000000000000       0.0037973708377198
      -0.0000000000003695       0.0000000000000000       0.0042095197620570
      -0.0000000000004133       0.0000000000000000       0.0046428978271282
      -0.0000000000004596       0.0000000000000000       0.0050975050332274
      -0.0000000000005083       0.0000000000000000       0.0055733413807410
      -0.0000000000005594       0.0000000000000000       0.0060704068700699
      -0.0000000000006130       0.0000000000000000       0.0065887015015920
      -0.0000000000006690       0.0000000000000000       0.0071282252756606
      -0.0000000000007274       0.0000000000000000       0.0076889781927712
      -0.0000000000007883       0.0000000000000000       0.0082709602533126
      -0.0000000000008516       0.0000000000000000       0.0088741714577835
      -0.0000000000009174       0.0000000000000000       0.0094986118066341
      -0.0000000000009855       0.0000000000000000       0.0101442813002968
      -0.0000000000010562       0.0000000000000000       0.0108111799393696
      -0.0000000000011292       0.0000000000000000       0.0114993077243419
      -0.0000000000012047       0.0000000000000000       0.0122086646557488
      -0.0000000000012826       0.0000000000000000       0.0129392507341456
      -0.0000000000013630       0.0000000000000000       0.0136910659601435
      -0.0000000000014458       0.0000000000000000       0.0144641103343115
      -0.0000000000015310       0.0000000000000000       0.0152583838572299
      -0.0000000000016187       0.0000000000000000       0.0160738865295569
      -0.0000000000017088       0.0000000000000000       0.0169106183519646
      -0.0000000000018013       0.0000000000000000       0.0177685793251183
      -0.0000000000018963       0.0000000000000000       0.0186477694499016
      -0.0000000000019937       0.0000000000000000       0.0195481887282746
      -0.0000000000020936      -0.0000000000000002       0.0204698371681306
      -0.0000000000021960      -0.0000000000000009       0.0214127148090406
      -0.0000000000023013      -0.0000000000000050       0.0223768218553469
      -0.0000000000024115      -0.0000000000000261       0.0233621593364961
      -0.0000000000025359      -0.0000000000001292       0.0243687321548289
      -0.0000000000027132      -0.0000000000005950       0.0253965614669106
      -0.0000000000030515      -0.0000000000023026       0.0264457135734725
      -0.0000000000035654      -0.0000000000062157       0.0275162607966395
      -0.0000000000038412      -0.0000000000110070       0.0286081025228480
      -0.0000000000037509      -0.0000000000146485       0.0297210845525165
      -0.0000000000036230      -0.0000000000168973       0.0308551889158821
      -0.0000000000036019      -0.0000000000183062       0.0320104592661737
      -0.0000000000036590      -0.0000000000193128       0.0331869277848063
      -0.0000000000037645      -0.0000000000201553       0.0343846137359023
      -0.0000000000038890      -0.0000000000209309       0.0356035238123303
      -0.0000000000040261      -0.0000000000216849       0.0368436621072022
      -0.0000000000041636      -0.0000000000224308       0.0381050276799628
      -0.0000000000043100      -0.0000000000231891       0.0393876231741572
      -0.0000000000044589      -0.0000000000239599       0.0406914486176403
      -0.0000000000046104      -0.0000000000247432       0.0420165040186875
      -0.0000000000047644      -0.0000000000255390       0.0433627893742416
      -0.0000000000049209      -0.0000000000263473       0.0447303046823025
      -0.0000000000050800      -0.0000000000271681       0.0461190499435673
      -0.0000000000052416      -0.0000000000280014       0.0475290251597413
      -0.0000000000054058      -0.0000000000288472       0.0489602303322313
      -0.0000000000055724      -0.0000000000297055       0.0504126654622550
      -0.0000000000057417      -0.0000000000305763       0.0518863305509432
      -0.0000000000059134      -0.0000000000314596       0.0533812255993703
      -0.0000000000060877      -0.0000000000323554       0.0548973506087252
      -0.0000000000062646      -0.0000000000332636       0.0564347055802958
      -0.0000000000064439      -0.0000000000341844       0.0579932905152034
      -0.0000000000066258      -0.0000000000351176       0.0595731054147849
      -0.0000000000068103      -0.0000000000360634       0.0611741502802765
      -0.0000000000069972      -0.0000000000370216       0.0627964251128942
      -0.0000000000071868      -0.0000000000379924       0.0644399299139549
      -0.0000000000073788      -0.0000000000389756       0.0661046646848165
      -0.0000000000075734      -0.0000000000399714       0.0677906294267984
      -0.0000000000077705      -0.0000000000409796       0.0694978241412120
      -0.0000000000079702      -0.0000000000420003       0.0712262488294274
      -0.0000000000081724      -0.0000000000430335       0.0729759034928248
      -0.0000000000083771      -0.0000000000440792       0.0747467881328221
      -0.0000000000085844      -0.0000000000451375       0.0765389027507954
      -0.0000000000087942      -0.0000000000462082       0.0783522473482148
      -0.0000000000090065      -0.0000000000472914       0.0801868219264648
      -0.0000000000092214      -0.0000000000483870       0.0820426264870909
      -0.0000000000094388      -0.0000000000494952       0.0839196610315338
      -0.0000000000096588      -0.0000000000506159       0.0858179255612783
      -0.0000000000098813      -0.0000000000517491       0.0877374200778455
      -0.0000000000101063      -0.0000000000528948       0.0896781445827708
      -0.0000000000103339      -0.0000000000540529       0.0916400990775879
      -0.0000000000105640      -0.0000000000552236       0.0936232835639400
      -0.0000000000107966      -0.0000000000564068       0.0956276980433362
      -0.0000000000110318      -0.0000000000576024       0.0976533425173556
      -0.0000000000112695      -0.0000000000588106       0.0997002169876819
      -0.0000000000115098      -0.0000000000600312       0.1017683214558972
      -0.0000000000117525      -0.0000000000612643       0.1038576559237120
      -0.0000000000119979      -0.0000000000625100       0.1059682203927420
      -0.0000000000122457      -0.0000000000637681       0.1081000148647251
      -0.0000000000124961      -0.0000000000650387       0.1102530393412833
      -0.0000000000127491      -0.0000000000663218       0.1124272938241839
      -0.0000000000130045      -0.0000000000676175       0.1146227783152008
      -0.0000000000132625      -0.0000000000689256       0.1168394928160239
      -0.0000000000135231      -0.0000000000702462       0.1190774373284757
      -0.0000000000137862      -0.0000000000715793       0.1213366118543073
      -0.0000000000140518      -0.0000000000729249       0.1236170163953377
      -0.0000000000143199      -0.0000000000742830       0.1259186509534214
      -0.0000000000145906      -0.0000000000756535       0.1282415155302908
      -0.0000000000148639      -0.0000000000770366       0.1305856101279475
      -0.0000000000151396      -0.0000000000784322       0.1329509347481719
      -0.0000000000154179      -0.0000000000798403       0.1353374893928865
      -0.0000000000156988      -0.0000000000812608       0.1377452740639590
      -0.0000000000159822      -0.0000000000826939       0.1401742887633855
      -0.0000000000162681      -0.0000000000841394       0.1426245334930405
      -0.0000000000165565      -0.0000000000855975       0.1450960082549463
      -0.0000000000168475      -0.0000000000870680       0.1475887130510130
      -0.0000000000171410      -0.0000000000885511       0.1501026478833079
      -0.0000000000174371      -0.0000000000900466       0.1526378127537854
      -0.0000000000177357      -0.0000000000915546       0.1551942076644443
      -0.0000000000180369      -0.0000000000930751       0.1577718326173792
      -0.0000000000183405      -0.0000000000946082       0.1603706876146518
      -0.0000000000186467      -0.0000000000961537       0.1629907726583420
      -0.0000000000189555      -0.0000000000977117       0.1656320877505460
      -0.0000000000192668      -0.0000000000992822       0.1682946328933288
      -0.0000000000195806      -0.0000000001008652       0.1709784080888707
      -0.0000000000198970      -0.0000000001024607       0.1736834133393062
      -0.0000000000202159      -0.0000000001040687       0.1764096486468136
      -0.0000000000205373      -0.0000000001056892       0.1791571140135406
      -0.0000000000208613      -0.0000000001073221       0.1819258094416979
      -0.0000000000211878      -0.0000000001089676       0.1847157349335030
      -0.0000000000215169      -0.0000000001106256       0.1875268904912269
      -0.0000000000218485      -0.0000000001122960       0.1903592761170378
      -0.0000000000221826      -0.0000000001139790       0.1932128918132532
      -0.0000000000225193      -0.0000000001156745       0.1960877375821599
      -0.0000000000228585      -0.0000000001173824       0.1989838134260354
      -0.0000000000232002      -0.0000000001191028       0.2019011193472256
      -0.0000000000235445      -0.0000000001208358       0.2048396553480193
      -0.0000000000238913      -0.0000000001225812       0.2077994214308028
      -0.0000000000242407      -0.0000000001243391       0.2107804175979580
      -0.0000000000245925      -0.0000000001261096       0.2137826438518529
      -0.0000000000249470      -0.0000000001278925       0.2168061001948572
      -0.0000000000253039      -0.0000000001296879       0.2198507866294688
      -0.0000000000256635      -0.0000000001314958       0.2229167031580368
      -0.0000000000260255      -0.0000000001333162       0.2260038497830865
      -0.0000000000263901      -0.0000000001351491       0.2291122265070441
      -0.0000000000267572      -0.0000000001369945       0.2322418333323818
      -0.0000000000271269      -0.0000000001388524       0.2353926702616875
      -0.0000000000274991      -0.0000000001407228       0.2385647372974195
      -0.0000000000278943      -0.0000000001408836       0.2388375946745094
      -0.0000000000279319      -0.0000000001408927       0.2388216705831399
      -0.0000000000279296      -0.0000000001409016       0.2388057517040851
      -0.0000000000279290      -0.0000000001409143       0.2387818737206378
      -0.0000000000279283      -0.0000000001409321       0.2387460567711993
      -0.0000000000279272      -0.0000000001409565       0.2386923351224422
      -0.0000000000279250      -0.0000000001409882       0.2386117637551335
      -0.0000000000279209      -0.0000000001410266       0.2384909320144175
      -0.0000000000279136      -0.0000000001410685       0.2383097409107475
      -0.0000000000279012      -0.0000000001411066       0.2380380815889113
      -0.0000000000278809      -0.0000000001411292       0.2376308806065021
      -0.0000000000278496      -0.0000000001411229       0.2370207300168222
      -0.0000000000278034      -0.0000000001410788       0.2361069726112271
      -0.0000000000277387      -0.0000000001410033       0.2347396454904581
      -0.0000000000276472      -0.0000000001409267       0.2326961027921953
      -0.0000000000275173      -0.0000000001408823       0.2296475464767746
      -0.0000000000271753      -0.0000000001408685       0.2265356562649906
      -0.0000000000268125      -0.0000000001408648       0.2234449963701370
      -0.0000000000264502      -0.0000000001408639       0.2203755659377102
      -0.0000000000260898      -0.0000000001408637       0.2173273648263898
      -0.0000000000257317      -0.0000000001408637       0.2143003930485460
      -0.0000000000253760      -0.0000000001408637       0.2112946506042816
      -0.0000000000250227      -0.0000000001408637       0.2083101374782158
      -0.0000000000246719      -0.0000000001408637       0.2053468536584959
      -0.0000000000243234      -0.0000000001408637       0.2024047991405557
      -0.0000000000239775      -0.0000000001408637       0.1994839739232711
      -0.0000000000236339      -0.0000000001408637       0.1965843780052884
      -0.0000000000232928      -0.0000000001408637       0.1937060113844916
      -0.0000000000229542      -0.0000000001408637       0.1908488740584331
      -0.0000000000226179      -0.0000000001408637       0.1880129660246724
      -0.0000000000222842      -0.0000000001408637       0.1851982872809272
      -0.0000000000219528      -0.0000000001408637       0.1824048378249106
      -0.0000000000216239      -0.0000000001408637       0.1796326176543454
      -0.0000000000212974      -0.0000000001408637       0.1768816267670635
      -0.0000000000209734      -0.0000000001408637       0.1741518651608600
      -0.0000000000206518      -0.0000000001408637       0.1714433328334564
      -0.0000000000203326      -0.0000000001408637       0.1687560297826656
      -0.0000000000200159      -0.0000000001408637       0.1660899560064239
      -0.0000000000197016      -0.0000000001408637       0.1634451115024554
      -0.0000000000193897      -0.0000000001408637       0.1608214962687259
      -0.0000000000190803      -0.0000000001408637       0.1582191103030429
      -0.0000000000187733      -0.0000000001408637       0.1556379536033425
      -0.0000000000184688      -0.0000000001408637       0.1530780261675600
      -0.0000000000181667      -0.0000000001408637       0.1505393279935426
      -0.0000000000178670      -0.0000000001408637       0.1480218590793648
      -0.0000000000175698      -0.0000000001408637       0.1455256194228917
      -0.0000000000172750      -0.0000000001408637       0.1430506090221570
      -0.0000000000169826      -0.0000000001408637       0.1405968278751927
      -0.0000000000166927      -0.0000000001408637       0.1381642759799123
      -0.0000000000164052      -0.0000000001408637       0.1357529533344357
      -0.0000000000161201      -0.0000000001408637       0.1333628599368238
      -0.0000000000158375      -0.0000000001408637       0.1309939957851231
      -0.0000000000155573      -0.0000000001408637       0.1286463608774000
      -0.0000000000152796      -0.0000000001408637       0.1263199552117534
      -0.0000000000150043      -0.0000000001408637       0.1240147787863327
      -0.0000000000147314      -0.0000000001408637       0.1217308315992758
      -0.0000000000144610      -0.0000000001408637       0.1194681136487616
      -0.0000000000141930      -0.0000000001408637       0.1172266249329197
      -0.0000000000139274      -0.0000000001408637       0.1150063654499706
      -0.0000000000136643      -0.0000000001408637       0.1128073351980757
      -0.0000000000134036      -0.0000000001408637       0.1106295341754825
      -0.0000000000131454      -0.0000000001408637       0.1084729623804260
      -0.0000000000128895      -0.0000000001408637       0.1063376198112144
      -0.0000000000126362      -0.0000000001408637       0.1042235064660042
      -0.0000000000123852      -0.0000000001408637       0.1021306223432528
      -0.0000000000121367      -0.0000000001408637       0.1000589674411628
      -0.0000000000118906      -0.0000000001408637       0.0980085417580327
      -0.0000000000116470      -0.0000000001408637       0.0959793452922701
      -0.0000000000114058      -0.0000000001408637       0.0939713780421891
      -0.0000000000111670      -0.0000000001408637       0.0919846400062408
      -0.0000000000109307      -0.0000000001408637       0.0900191311826899
      -0.0000000000106968      -0.0000000001408637       0.0880748515700859
      -0.0000000000104654      -0.0000000001408637       0.0861518011668086
      -0.0000000000102364      -0.0000000001408637       0.0842499799712681
      -0.0000000000100098      -0.0000000001408637       0.0823693879819512
      -0.0000000000097856      -0.0000000001408637       0.0805100251973463
      -0.0000000000095639      -0.0000000001408637       0.0786718916159313
      -0.0000000000093447      -0.0000000001408637       0.0768549872362165
      -0.0000000000091278      -0.0000000001408637       0.0750593120567672
      -0.0000000000089134      -0.0000000001408637       0.0732848660760761
      -0.0000000000087015      -0.0000000001408637       0.0715316492927390
      -0.0000000000084919      -0.0000000001408637       0.0697996617053545
      -0.0000000000082848      -0.0000000001408637       0.0680889033124981
      -0.0000000000080802      -0.0000000001408637       0.0663993741127875
      -0.0000000000078780      -0.0000000001408637       0.0647310741048309
      -0.0000000000076782      -0.0000000001408637       0.0630840032873536
      -0.0000000000074808      -0.0000000001408637       0.0614581616589297
      -0.0000000000072859      -0.0000000001408637       0.0598535492183161
      -0.0000000000070934      -0.0000000001408637       0.0582701659641706
      -0.0000000000069034      -0.0000000001408637       0.0567080118952290
      -0.0000000000067158      -0.0000000001408637       0.0551670870101925
      -0.0000000000065306      -0.0000000001408637       0.0536473913078878
      -0.0000000000063479      -0.0000000001408637       0.0521489247869983
      -0.0000000000061676      -0.0000000001408637       0.0506716874463390
      -0.0000000000059897      -0.0000000001408637       0.0492156792847547
      -0.0000000000058143      -0.0000000001408637       0.0477809003010191
      -0.0000000000056413      -0.0000000001408637       0.0463673504939979
      -0.0000000000054708      -0.0000000001408637       0.0449750298625252
      -0.0000000000053027      -0.0000000001408637       0.0436039384054761
      -0.0000000000051370      -0.0000000001408637       0.0422540761217306
      -0.0000000000049737      -0.0000000001408637       0.0409254430101911
      -0.0000000000048129      -0.0000000001408637       0.0396180390698179
      -0.0000000000046546      -0.0000000001408637       0.0383318642995084
      -0.0000000000044986      -0.0000000001408637       0.0370669186980760
      -0.0000000000043451      -0.0000000001408637       0.0358232022639005
      -0.0000000000041940      -0.0000000001408636       0.0346007149920554
      -0.0000000000040454      -0.0000000001408632       0.0333994568603886
      -0.0000000000038988      -0.0000000001408610       0.0322194277543406
      -0.0000000000037534      -0.0000000001408494       0.0310606270891637
      -0.0000000000036036      -0.0000000001407912       0.0299230519761277
      -0.0000000000034244      -0.0000000001405094       0.0288066887680323
      -0.0000000000031086      -0.0000000001392337       0.0277114781493451
      -0.0000000000023071      -0.0000000001342614       0.0266372137447739
      -0.0000000000005270      -0.0000000001201589       0.0255834905025432
       0.0000000000017051      -0.0000000000944232       0.0245501333489020
       0.0000000000026825      -0.0000000000639503       0.0235376551892318
       0.0000000000017249      -0.0000000000394150       0.0225468441992152
       0.0000000000000535      -0.0000000000248075       0.0215780048859836
      -0.0000000000011378      -0.0000000000174889       0.0206309457147094
      -0.0000000000017007      -0.0000000000139861       0.0197054033166198
      -0.0000000000019032      -0.0000000000122209       0.0188012245416050
      -0.0000000000019153      -0.0000000000111784       0.0179183278733043
      -0.0000000000018608      -0.0000000000104555       0.0170566842858644
      -0.0000000000017768      -0.0000000000098731       0.0162162803695914
      -0.0000000000016757      -0.0000000000093552       0.0153971079064789
      -0.0000000000015865      -0.0000000000088906       0.0145991708082483
      -0.0000000000014862      -0.0000000000084368       0.0138224634073273
      -0.0000000000013893      -0.0000000000079956       0.0130669859623615
      -0.0000000000012947      -0.0000000000075669       0.0123327384447169
      -0.0000000000012027      -0.0000000000071507       0.0116197208560811
      -0.0000000000011133      -0.0000000000067470       0.0109279331961105
      -0.0000000000010264      -0.0000000000063558       0.0102573754641956
      -0.0000000000009420      -0.0000000000059771       0.0096080476597242
      -0.0000000000008601      -0.0000000000056109       0.0089799497820935
      -0.0000000000007808      -0.0000000000052571       0.0083730818307947
      -0.0000000000007040      -0.0000000000049159       0.0077874438053437
      -0.0000000000006298      -0.0000000000045872       0.0072230357052522
      -0.0000000000005581      -0.0000000000042709       0.0066798575301197
      -0.0000000000004889      -0.0000000000039672       0.0061579092793783
      -0.0000000000004222      -0.0000000000036759       0.0056571909527516
      -0.0000000000003581      -0.0000000000033972       0.0051777025496730
      -0.0000000000002966      -0.0000000000031309       0.0047194440698036
      -0.0000000000002375      -0.0000000000028772       0.0042824155127967
      -0.0000000000001810      -0.0000000000026359       0.0038666168782588
      -0.0000000000001271      -0.0000000000024071       0.0034720481658801
      -0.0000000000000757      -0.0000000000021908       0.0030987093752739
      -0.0000000000000268      -0.0000000000019870       0.0027466005061475
       0.0000000000000196      -0.0000000000017957       0.0024157215582553
       0.0000000000000634      -0.0000000000016170       0.0021060725312491
       0.0000000000001047      -0.0000000000014507       0.0018176534249289
       0.0000000000001434      -0.0000000000012968       0.0015504642389974
       0.0000000000001796      -0.0000000000011555       0.0013045049732967
       0.0000000000002133      -0.0000000000010267       0.0010797756275812
       0.0000000000002444      -0.0000000000009104       0.0008762762016233
       0.0000000000002730      -0.0000000000008066       0.0006940066953274
       0.0000000000002991      -0.0000000000007152       0.0005329671084617
       0.0000000000003226      -0.0000000000006364       0.0003931574409242
       0.0000000000003436      -0.0000000000005701       0.0002745776925748
       0.0000000000003620      -0.0000000000005162       0.0001772278633280
       0.0000000000003780      -0.0000000000004749       0.0001011079530695
       0.0000000000003913      -0.0000000000004460       0.0000462179617534
       0.0000000000004022      -0.0000000000004297       0.0000125578893127
       0.0000000000004105      -0.0000000000004258       0.0000001277357074
       0.0000000000004163      -0.0000000000004344       0.0000089275009229
       0.0000000000004195      -0.0000000000004555       0.0000389571849447
       0.0000000000004202      -0.0000000000004892       0.0000902167877716
       0.0000000000004184      -0.0000000000005353       0.0001627063094579
       0.0000000000004140      -0.0000000000005939       0.0002564257500897
       0.0000000000004071      -0.0000000000006650       0.0003713751096774
       0.0000000000003977      -0.0000000000007486       0.0005075543882965
       0.0000000000003857      -0.0000000000008447       0.0006649635860667
       0.0000000000003712      -0.0000000000009533       0.0008436027031178
       0.0000000000003541      -0.0000000000010744       0.0010434717395317
       0.0000000000003345      -0.0000000000012079       0.0012645706955134
       0.0000000000003124      -0.0000000000013540       0.0015068995712035
       0.0000000000002877      -0.0000000000015126       0.0017704583667860
       0.0000000000002606      -0.0000000000016836       0.0020552470824709
       0.0000000000002308      -0.0000000000018672       0.0023612657184832
       0.0000000000001986      -0.0000000000020632       0.0026885142750229
       0.0000000000001638      -0.0000000000022718       0.0030369927524054
       0.0000000000001264      -0.0000000000024928       0.0034067011508278
       0.0000000000000865      -0.0000000000027264       0.0037976394706162
       0.0000000000000441      -0.0000000000029724       0.0042098077120484
      -0.0000000000000008      -0.0000000000032309       0.0046432058754859
      -0.0000000000000483      -0.0000000000035020       0.0050978339612528
      -0.0000000000000983      -0.0000000000037855       0.0055736919696783
      -0.0000000000001509      -0.0000000000040815       0.0060707799011592
      -0.0000000000002060      -0.0000000000043900       0.0065890977560670
      -0.0000000000002636      -0.0000000000047110       0.0071286455348274
      -0.0000000000003238      -0.0000000000050445       0.0076894232378170
      -0.0000000000003865      -0.0000000000053905       0.0082714308655409
      -0.0000000000004517      -0.0000000000057490       0.0088746684184374
      -0.0000000000005195      -0.0000000000061200       0.0094991358969713
      -0.0000000000005898      -0.0000000000065035       0.0101448333016241
      -0.0000000000006626      -0.0000000000068994       0.0108117606328682
      -0.0000000000007380      -0.0000000000073079       0.0114999178913323
      -0.0000000000008159      -0.0000000000077289       0.0122093050774814
      -0.0000000000008964      -0.0000000000081623       0.0129399221918840
      -0.0000000000009794      -0.0000000000086083       0.0136917692351429
      -0.0000000000010649      -0.0000000000090667       0.0144648462078086
      -0.0000000000011529      -0.0000000000095377       0.0152591531105327
      -0.0000000000012435      -0.0000000000100211       0.0160746899439120
      -0.0000000000013367      -0.0000000000105170       0.0169114567086112
      -0.0000000000014323      -0.0000000000110255       0.0177694534052985
      -0.0000000000015305      -0.0000000000115464       0.0186486800346308
      -0.0000000000016313      -0.0000000000120798       0.0195491365973141
      -0.0000000000017346      -0.0000000000126257       0.0204708230940565
      -0.0000000000018404      -0.0000000000131841       0.0214137395256375
      -0.0000000000019487      -0.0000000000137550       0.0223778858926862
      -0.0000000000020596      -0.0000000000143384       0.0233632621960841
      -0.0000000000021730      -0.0000000000149343       0.0243698684365561
      -0.0000000000022890      -0.0000000000155427       0.0253977046149388
      -0.0000000000024075      -0.0000000000161636       0.0264467707320207
      -0.0000000000025285      -0.0000000000167970       0.0275170667886087
      -0.0000000000026521      -0.0000000000174428       0.0286085927855870
      -0.0000000000027782      -0.0000000000181012       0.0297213487238370
      -0.0000000000029068      -0.0000000000187721       0.0308553346041888
      -0.0000000000030380      -0.0000000000194554       0.0320105504276075
      -0.0000000000031717      -0.0000000000201513       0.0331869961949645
      -0.0000000000033080      -0.0000000000208596       0.0343846719071959
      -0.0000000000034468      -0.0000000000215805       0.0356035775652607
      -0.0000000000035881      -0.0000000000223138       0.0368437131701781
      -0.0000000000037319      -0.0000000000230597       0.0381050787228525
      -0.0000000000038783      -0.0000000000238180       0.0393876742243327
      -0.0000000000040273      -0.0000000000245888       0.0406914996756515
      -0.0000000000041787      -0.0000000000253721       0.0420165550777940
      -0.0000000000043327      -0.0000000000261679       0.0433628404318418
      -0.0000000000044893      -0.0000000000269762       0.0447303557389037
      -0.0000000000046484      -0.0000000000277970       0.0461191009999980
      -0.0000000000048100      -0.0000000000286303       0.0475290762162937
      -0.0000000000049741      -0.0000000000294761       0.0489602813888744
      -0.0000000000051408      -0.0000000000303344       0.0504127165189045
      -0.0000000000053100      -0.0000000000312052       0.0518863816075333
      -0.0000000000054818      -0.0000000000320885       0.0533812766559026
      -0.0000000000056561      -0.0000000000329843       0.0548974016652582
      -0.0000000000058329      -0.0000000000338925       0.0564347566367776
      -0.0000000000060123      -0.0000000000348133       0.0579933415716619
      -0.0000000000061942      -0.0000000000357466       0.0595731564712281
      -0.0000000000063786      -0.0000000000366923       0.0611742013366336
      -0.0000000000065656      -0.0000000000376506       0.0627964761692532
      -0.0000000000067551      -0.0000000000386213       0.0644399809702915
      -0.0000000000069472      -0.0000000000396045       0.0661047157411473
      -0.0000000000071418      -0.0000000000406003       0.0677906804830753
      -0.0000000000073389      -0.0000000000416085       0.0694978751974722
      -0.0000000000075385      -0.0000000000426292       0.0712262998856508
      -0.0000000000077407      -0.0000000000436624       0.0729759545490346
      -0.0000000000079455      -0.0000000000447082       0.0747468391890209
      -0.0000000000081527      -0.0000000000457664       0.0765389538069341
      -0.0000000000083625      -0.0000000000468371       0.0783522984043195
      -0.0000000000085749      -0.0000000000479203       0.0801868729825529
      -0.0000000000087898      -0.0000000000490160       0.0820426775431538
      -0.0000000000090072      -0.0000000000501241       0.0839197120875484
      -0.0000000000092271      -0.0000000000512448       0.0858179766172520
      -0.0000000000094496      -0.0000000000523780       0.0877374711338100
      -0.0000000000096747      -0.0000000000535237       0.0896781956387189
      -0.0000000000099022      -0.0000000000546818       0.0916401501335008
      -0.0000000000101323      -0.0000000000558525       0.0936233346198011
      -0.0000000000103650      -0.0000000000570357       0.0956277490991472
      -0.0000000000106001      -0.0000000000582313       0.0976533935731784
      -0.0000000000108379      -0.0000000000594395       0.0997002680434680
      -0.0000000000110781      -0.0000000000606601       0.1017683725116885
      -0.0000000000113209      -0.0000000000618933       0.1038577069794531
      -0.0000000000115662      -0.0000000000631389       0.1059682714484685
      -0.0000000000118141      -0.0000000000643970       0.1081000659203768
      -0.0000000000120645      -0.0000000000656676       0.1102530903969419
      -0.0000000000123174      -0.0000000000669508       0.1124273448798256
      -0.0000000000125729      -0.0000000000682464       0.1146228293708126
      -0.0000000000128309      -0.0000000000695545       0.1168395438715930
      -0.0000000000130914      -0.0000000000708751       0.1190774883840490
      -0.0000000000133545      -0.0000000000722082       0.1213366629098257
      -0.0000000000136201      -0.0000000000735538       0.1236170674508197
      -0.0000000000138883      -0.0000000000749119       0.1259187020088761
      -0.0000000000141590      -0.0000000000762824       0.1282415665857738
      -0.0000000000144322      -0.0000000000776655       0.1305856611833378
      -0.0000000000147080      -0.0000000000790611       0.1329509858035800
      -0.0000000000149863      -0.0000000000804692       0.1353375404482513
      -0.0000000000152671      -0.0000000000818897       0.1377453251193429
      -0.0000000000155505      -0.0000000000833228       0.1401743398187354
      -0.0000000000158364      -0.0000000000847683       0.1426245845483662
      -0.0000000000161249      -0.0000000000862264       0.1450960593102332
      -0.0000000000164159      -0.0000000000876969       0.1475887641062848
      -0.0000000000167094      -0.0000000000891800       0.1501026989385124
      -0.0000000000170055      -0.0000000000906755       0.1526378638089787
      -0.0000000000173041      -0.0000000000921835       0.1551942587196088
      -0.0000000000176052      -0.0000000000937041       0.1577718836725347
      -0.0000000000179089      -0.0000000000952371       0.1603707386697968
      -0.0000000000182151      -0.0000000000967826       0.1629908237134530
      -0.0000000000185239      -0.0000000000983406       0.1656321388056262
      -0.0000000000188351      -0.0000000000999111       0.1682946839484126
      -0.0000000000191490      -0.0000000001014941       0.1709784591439631
      -0.0000000000194653      -0.0000000001030896       0.1736834643943148
      -0.0000000000197842      -0.0000000001046976       0.1764096997018214
      -0.0000000000201057      -0.0000000001063181       0.1791571650685225
      -0.0000000000204297      -0.0000000001079510       0.1819258604966788
      -0.0000000000207562      -0.0000000001095965       0.1847157859884378
      -0.0000000000210852      -0.0000000001112545       0.1875269415461147
      -0.0000000000214168      -0.0000000001129249       0.1903593271719119
      -0.0000000000217509      -0.0000000001146079       0.1932129428681321
      -0.0000000000220876      -0.0000000001163034       0.1960877886370201
      -0.0000000000224268      -0.0000000001180113       0.1989838644808820
      -0.0000000000227686      -0.0000000001197317       0.2019011704020121
      -0.0000000000231128      -0.0000000001214647       0.2048397064028187
      -0.0000000000234596      -0.0000000001232101       0.2077994724855908
      -0.0000000000238090      -0.0000000001249680       0.2107804686526894
      -0.0000000000241609      -0.0000000001267385       0.2137826949065736
      -0.0000000000245153      -0.0000000001285214       0.2168061512495582
      -0.0000000000248723      -0.0000000001303168       0.2198508376841439
      -0.0000000000252318      -0.0000000001321247       0.2229167542127075
      -0.0000000000255938      -0.0000000001339451       0.2260039008377050
      -0.0000000000259584      -0.0000000001357780       0.2291122775616401
      -0.0000000000263256      -0.0000000001376234       0.2322418843870231
      -0.0000000000266952      -0.0000000001394813       0.2353927213162773
      -0.0000000000270674      -0.0000000001413517       0.2385647883519735
      -0.0000000000274626      -0.0000000001415125       0.2388376457290887
      -0.0000000000275002      -0.0000000001415216       0.2388217216376905
      -0.0000000000274980      -0.0000000001415305       0.2388058027586418
      -0.0000000000274974      -0.0000000001415432       0.2387819247752113
      -0.0000000000274967      -0.0000000001415610       0.2387461078257467
      -0.0000000000274956      -0.0000000001415854       0.2386923861770351
      -0.0000000000274934      -0.0000000001416171       0.2386118148097041
      -0.0000000000274893      -0.0000000001416555       0.2384909830690016
      -0.0000000000274820      -0.0000000001416974       0.2383097919653299
      -0.0000000000274695      -0.0000000001417355       0.2380381326434539
      -0.0000000000274493      -0.0000000001417581       0.2376309316610372
      -0.0000000000274179      -0.0000000001417518       0.2370207810713737
      -0.0000000000273718      -0.0000000001417077       0.2361070236657937
      -0.0000000000273071      -0.0000000001416322       0.2347396965450369
      -0.0000000000272155      -0.0000000001415555       0.2326961538467681
      -0.0000000000270857      -0.0000000001415112       0.2296475975313479
      -0.0000000000267437      -0.0000000001414974       0.2265357073195692
      -0.0000000000263808      -0.0000000001414937       0.2234450474247072
      -0.0000000000260186      -0.0000000001414928       0.2203756169922761
      -0.0000000000256582      -0.0000000001414926       0.2173274158809466
      -0.0000000000253001      -0.0000000001414926       0.2143004441031506
      -0.0000000000249443      -0.0000000001414926       0.2112947016588568
      -0.0000000000245911      -0.0000000001414926       0.2083101885328156
      -0.0000000000242402      -0.0000000001414926       0.2053469047130773
      -0.0000000000238918      -0.0000000001414926       0.2024048501951608
      -0.0000000000235458      -0.0000000001414926       0.1994840249778994
      -0.0000000000232023      -0.0000000001414926       0.1965844290599018
      -0.0000000000228612      -0.0000000001414926       0.1937060624391074
      -0.0000000000225225      -0.0000000001414926       0.1908489251130444
      -0.0000000000221863      -0.0000000001414926       0.1880130170793255
      -0.0000000000218525      -0.0000000001414926       0.1851983383355486
      -0.0000000000215212      -0.0000000001414926       0.1824048888795551
      -0.0000000000211922      -0.0000000001414926       0.1796326687089937
      -0.0000000000208658      -0.0000000001414926       0.1768816778217497
      -0.0000000000205417      -0.0000000001414926       0.1741519162154938
      -0.0000000000202201      -0.0000000001414926       0.1714433838881092
      -0.0000000000199010      -0.0000000001414926       0.1687560808373492
      -0.0000000000195842      -0.0000000001414926       0.1660900070610866
      -0.0000000000192699      -0.0000000001414926       0.1634451625571695
      -0.0000000000189581      -0.0000000001414926       0.1608215473234034
      -0.0000000000186487      -0.0000000001414926       0.1582191613577576
      -0.0000000000183417      -0.0000000001414926       0.1556380046580618
      -0.0000000000180371      -0.0000000001414926       0.1530780772222585
      -0.0000000000177350      -0.0000000001414926       0.1505393790482696
      -0.0000000000174353      -0.0000000001414926       0.1480219101341108
      -0.0000000000171381      -0.0000000001414926       0.1455256704776507
      -0.0000000000168433      -0.0000000001414926       0.1430506600769109
      -0.0000000000165510      -0.0000000001414926       0.1405968789299275
      -0.0000000000162610      -0.0000000001414926       0.1381643270346933
      -0.0000000000159735      -0.0000000001414926       0.1357530043892219
      -0.0000000000156885      -0.0000000001414926       0.1333629109916198
      -0.0000000000154059      -0.0000000001414926       0.1309940468399056
      -0.0000000000151257      -0.0000000001414926       0.1286464119321972
      -0.0000000000148479      -0.0000000001414926       0.1263200062665766
      -0.0000000000145726      -0.0000000001414926       0.1240148298411999
      -0.0000000000142998      -0.0000000001414926       0.1217308826541470
      -0.0000000000140293      -0.0000000001414926       0.1194681647036210
      -0.0000000000137613      -0.0000000001414926       0.1172266759878259
      -0.0000000000134958      -0.0000000001414926       0.1150064165048283
      -0.0000000000132327      -0.0000000001414926       0.1128073862529781
      -0.0000000000129720      -0.0000000001414926       0.1106295852304011
      -0.0000000000127137      -0.0000000001414926       0.1084730134353564
      -0.0000000000124579      -0.0000000001414926       0.1063376708661581
      -0.0000000000122045      -0.0000000001414926       0.1042235575210111
      -0.0000000000119536      -0.0000000001414926       0.1021306733982182
      -0.0000000000117051      -0.0000000001414926       0.1000590184961124
      -0.0000000000114590      -0.0000000001414926       0.0980085928130059
      -0.0000000000112154      -0.0000000001414926       0.0959793963472593
      -0.0000000000109742      -0.0000000001414926       0.0939714290972350
      -0.0000000000107354      -0.0000000001414926       0.0919846910612911
      -0.0000000000104991      -0.0000000001414926       0.0900191822378019
      -0.0000000000102652      -0.0000000001414926       0.0880749026251917
      -0.0000000000100337      -0.0000000001414926       0.0861518522218842
      -0.0000000000098047      -0.0000000001414926       0.0842500310263832
      -0.0000000000095781      -0.0000000001414926       0.0823694390370767
      -0.0000000000093540      -0.0000000001414926       0.0805100762525059
      -0.0000000000091323      -0.0000000001414926       0.0786719426710889
      -0.0000000000089130      -0.0000000001414926       0.0768550382913857
      -0.0000000000086962      -0.0000000001414926       0.0750593631119506
      -0.0000000000084818      -0.0000000001414926       0.0732849171312811
      -0.0000000000082698      -0.0000000001414926       0.0715317003479893
      -0.0000000000080603      -0.0000000001414926       0.0697997127606011
      -0.0000000000078532      -0.0000000001414926       0.0680889543677237
      -0.0000000000076485      -0.0000000001414926       0.0663994251680757
      -0.0000000000074463      -0.0000000001414926       0.0647311251601367
      -0.0000000000072465      -0.0000000001414926       0.0630840543426381
      -0.0000000000070492      -0.0000000001414926       0.0614582127142754
      -0.0000000000068543      -0.0000000001414926       0.0598536002736539
      -0.0000000000066618      -0.0000000001414926       0.0582702170195420
      -0.0000000000064718      -0.0000000001414926       0.0567080629506152
      -0.0000000000062842      -0.0000000001414926       0.0551671380655989
      -0.0000000000060990      -0.0000000001414926       0.0536474423632689
      -0.0000000000059163      -0.0000000001414926       0.0521489758424256
      -0.0000000000057360      -0.0000000001414926       0.0506717385018072
      -0.0000000000055581      -0.0000000001414926       0.0492157303402486
      -0.0000000000053827      -0.0000000001414926       0.0477809513565203
      -0.0000000000052097      -0.0000000001414926       0.0463674015495143
      -0.0000000000050391      -0.0000000001414926       0.0449750809180558
      -0.0000000000048710      -0.0000000001414926       0.0436039894610232
      -0.0000000000047053      -0.0000000001414926       0.0422541271773176
      -0.0000000000045421      -0.0000000001414926       0.0409254940658211
      -0.0000000000043813      -0.0000000001414926       0.0396180901254617
      -0.0000000000042229      -0.0000000001414926       0.0383319153551620
      -0.0000000000040670      -0.0000000001414926       0.0370669697537549
      -0.0000000000039135      -0.0000000001414926       0.0358232533195636
      -0.0000000000037624      -0.0000000001414925       0.0346007660478143
      -0.0000000000036137      -0.0000000001414921       0.0333995079161406
      -0.0000000000034672      -0.0000000001414899       0.0322194788100557
      -0.0000000000033217      -0.0000000001414783       0.0310606781449530
      -0.0000000000031720      -0.0000000001414201       0.0299231030320316
      -0.0000000000029928      -0.0000000001411383       0.0288067398243815
      -0.0000000000026770      -0.0000000001398627       0.0277115292074853
      -0.0000000000018755      -0.0000000001348904       0.0266372648087029
      -0.0000000000000954      -0.0000000001207881       0.0255835415775710
       0.0000000000021367      -0.0000000000950525       0.0245501844332488
       0.0000000000031141      -0.0000000000645795       0.0235377062730898
       0.0000000000021566      -0.0000000000400442       0.0225468952745275
       0.0000000000004851      -0.0000000000254365       0.0215780559527554
      -0.0000000000007062      -0.0000000000181179       0.0206309967764468
      -0.0000000000012690      -0.0000000000146150       0.0197054543759172
      -0.0000000000014715      -0.0000000000128498       0.0188012755999388
      -0.0000000000014837      -0.0000000000118073       0.0179183789311874
      -0.0000000000014292      -0.0000000000110845       0.0170567353435707
      -0.0000000000013451      -0.0000000000105020       0.0162163314272399
      -0.0000000000012440      -0.0000000000099841       0.0153971589640889
      -0.0000000000011549      -0.0000000000095195       0.0145992218659258
      -0.0000000000010546      -0.0000000000090657       0.0138225144649636
      -0.0000000000009576      -0.0000000000086245       0.0130670370201012
      -0.0000000000008631      -0.0000000000081958       0.0123327895024558
      -0.0000000000007711      -0.0000000000077796       0.0116197719138950
      -0.0000000000006816      -0.0000000000073759       0.0109279842539535
      -0.0000000000005947      -0.0000000000069847       0.0102574265220889
      -0.0000000000005103      -0.0000000000066060       0.0096080987175983
      -0.0000000000004285      -0.0000000000062398       0.0089800008400150
      -0.0000000000003491      -0.0000000000058860       0.0083731328887670
      -0.0000000000002724      -0.0000000000055448       0.0077874948633684
      -0.0000000000001981      -0.0000000000052161       0.0072230867633444
      -0.0000000000001264      -0.0000000000048998       0.0066799085881933
      -0.0000000000000572      -0.0000000000045961       0.0061579603375384
       0.0000000000000094      -0.0000000000043048       0.0056572420108662
       0.0000000000000735      -0.0000000000040261       0.0051777536078554
       0.0000000000001351      -0.0000000000037598       0.0047194951280576
       0.0000000000001941      -0.0000000000035061       0.0042824665710830
       0.0000000000002506      -0.0000000000032648       0.0038666679365989
       0.0000000000003046      -0.0000000000030360       0.0034720992242088
       0.0000000000003560      -0.0000000000028197       0.0030987604336550
       0.0000000000004049      -0.0000000000026160       0.0027466515645988
       0.0000000000004512      -0.0000000000024247       0.0024157726166949
       0.0000000000004950      -0.0000000000022459       0.0021061235897751
       0.0000000000005363      -0.0000000000020796       0.0018177044834648
       0.0000000000005751      -0.0000000000019258       0.0015505152976262
       0.0000000000006113      -0.0000000000017844       0.0013045560319270
       0.0000000000006449      -0.0000000000016556       0.0010798266862459
       0.0000000000006761      -0.0000000000015393       0.0008763272603546
       0.0000000000007047      -0.0000000000014355       0.0006940577540441
       0.0000000000007307      -0.0000000000013442       0.0005330181672244
       0.0000000000007542      -0.0000000000012653       0.0003932084997438
       0.0000000000007752      -0.0000000000011990       0.0002746287514314
       0.0000000000007937      -0.0000000000011451       0.0001772789222361
       0.0000000000008096      -0.0000000000011038       0.0001011590120216
       0.0000000000008230      -0.0000000000010749       0.0000462690207197
       0.0000000000008338      -0.0000000000010586       0.0000126089483237
       0.0000000000008421      -0.0000000000010547       0.0000001787947662
       0.0000000000008558      -0.0000000000010549       0.0000001011843081
