       0.0000000000000000       0.0000000000000000       0.0000000000000000       0.0000000000000000       0.0000000000000000       0.0000000000000000       0.0000000000000000       0.0000000000000000       0.0000000000000000       0.0000000000000000       0.0000000000000000       0.0000000000000000
       0.0000000000000000       0.0000000000000000       0.0000000000000000       0.0000000000000000       0.0000000000000000       0.0000000000000000       0.0000000000000000       0.0000000000000000       0.0000000000000000       0.0000000000000000       0.0000000000000000       0.0000000000000000
       0.0000000000000000       0.0000000000000000       0.0000000000000000       0.0000000000000000       0.0000000000000000       0.0000000000000000       0.0000000000000000       0.0000000000000000       0.0000000000000000       0.0000000000000000       0.0000000000000000       0.0000000000000000
       0.0000000000000000       0.0000000000000000       0.0000000000000000       0.0000000000000000       0.0000000000000000       0.0000000000000000       0.0000000000000000       0.0000000000000000       0.0000000000000000       0.0000000000000000       0.0000000000000000       0.0000000000000000
       0.0000000000000000       0.0000000000000000       0.0000000000000000       0.0000000000000000       0.0000000000000000       0.0000000000000000       0.0000000000000000       0.0000000000000000       0.0000000000000000       0.0000000000000000       0.0000000000000000       0.0000000000000000
       0.0000000000000000       0.0000000000000000       0.0000000000000000       0.0000000000000000       0.0000000000000000       0.0000000000000000       0.0000000000000000       0.0000000000000000       0.0000000000000000       0.0000000000000000       0.0000000000000000       0.0000000000000000
       0.0000000000000000       0.0000000000000000       0.0000000000000000       0.0000000000000000       0.0000000000000000       0.0000000000000000       0.0000000000000000       0.0000000000000000       0.0000000000000000       0.0000000000000000       0.0000000000000000       0.0000000000000000
       0.0000000000000000       0.0000000000000000       0.0000000000000000       0.0000000000000000       0.0000000000000000       0.0000000000000000       0.0000000000000000       0.0000000000000000       0.0000000000000000       0.0000000000000000       0.0000000000000000       0.0000000000000000
       0.0000000000000000       0.0000000000000000       0.0000000000000000       0.0000000000000000       0.0000000000000000       0.0000000000000000       0.0000000000000000       0.0000000000000000       0.0000000000000000       0.0000000000000000       0.0000000000000000       0.0000000000000000
       0.0000000000000000       0.0000000000000000       0.0000000000000000       0.0000000000000000       0.0000000000000000       0.0000000000000000       0.0000000000000000       0.0000000000000000       0.0000000000000000       0.0000000000000000       0.0000000000000000       0.0000000000000000
       0.0000000000000000       0.0000000000000000       0.0000000000000000       0.0000000000000000       0.0000000000000000       0.0000000000000000       0.0000000000000000       0.0000000000000000       0.0000000000000000       0.0000000000000000       0.0000000000000000       0.0000000000000000
       0.0000000000000000       0.0000000000000000       0.0000000000000000       0.0000000000000000       0.0000000000000000       0.0000000000000000       0.0000000000000000       0.0000000000000000       0.0000000000000000       0.0000000000000000       0.0000000000000000       0.0000000000000000
       0.0000000000000000       0.0000000000000000       0.0000000000000000       0.0000000000000000       0.0000000000000000       0.0000000000000000       0.0000000000000000       0.0000000000000000       0.0000000000000000       0.0000000000000000       0.0000000000000000       0.0000000000000000
       0.0000000000000000       0.0000000000000000       0.0000000000000000       0.0000000000000000       0.0000000000000000       0.0000000000000000       0.0000000000000000       0.0000000000000000       0.0000000000000000       0.0000000000000000       0.0000000000000000       0.0000000000000000
       0.0000000000000000       0.0000000000000000       0.0000000000000000       0.0000000000000000       0.0000000000000000       0.0000000000000000       0.0000000000000000       0.0000000000000000       0.0000000000000000       0.0000000000000000       0.0000000000000000       0.0000000000000000
       0.0000000000000000       0.0000000000000000       0.0000000000000000       0.0000000000000000       0.0000000000000000       0.0000000000000000       0.0000000000000000       0.0000000000000000       0.0000000000000000       0.0000000000000000       0.0000000000000000       0.0000000000000000
       0.0000000000000000       0.0000000000000000       0.0000000000000000       0.0000000000000000       0.0000000000000000       0.0000000000000000       0.0000000000000000       0.0000000000000000       0.0000000000000000       0.0000000000000000       0.0000000000000000       0.0000000000000000
       0.0000000000000000       0.0000000000000000       0.0000000000000000       0.0000000000000000       0.0000000000000000       0.0000000000000000       0.0000000000000000       0.0000000000000000       0.0000000000000000       0.0000000000000000       0.0000000000000000       0.0000000000000000
       0.0000000000000000       0.0000000000000000       0.0000000000000000       0.0000000000000000       0.0000000000000000       0.0000000000000000       0.0000000000000000       0.0000000000000000       0.0000000000000000       0.0000000000000000       0.0000000000000000       0.0000000000000000
       0.0000000000000000       0.0000000000000000       0.0000000000000000       0.0000000000000000       0.0000000000000000       0.0000000000000000       0.0000000000000000       0.0000000000000000       0.0000000000000000       0.0000000000000000       0.0000000000000000       0.0000000000000000
       0.0000000000000000       0.0000000000000000       0.0000000000000000       0.0000000000000000       0.0000000000000000       0.0000000000000000       0.0000000000000000       0.0000000000000000       0.0000000000000000       0.0000000000000000       0.0000000000000000       0.0000000000000000
       0.0000000000000000       0.0000000000000000       0.0000000000000000       0.0000000000000000       0.0000000000000000       0.0000000000000000       0.0000000000000000       0.0000000000000000       0.0000000000000000       0.0000000000000000       0.0000000000000000       0.0000000000000000
       0.0000000000000000       0.0000000000000000       0.0000000000000000       0.0000000000000000       0.0000000000000000       0.0000000000000000       0.0000000000000000       0.0000000000000000       0.0000000000000000       0.0000000000000000       0.0000000000000000       0.0000000000000000
       0.0000000000000000       0.0000000000000000       0.0000000000000000       0.0000000000000000       0.0000000000000000       0.0000000000000000       0.0000000000000000       0.0000000000000000       0.0000000000000000       0.0000000000000000       0.0000000000000000       0.0000000000000000
       0.0000000000000000       0.0000000000000000       0.0000000000000000       0.0000000000000000       0.0000000000000000       0.0000000000000000       0.0000000000000000       0.0000000000000000       0.0000000000000000       0.0000000000000000       0.0000000000000000       0.0000000000000000
       0.0000000000000000       0.0000000000000000       0.0000000000000000       0.0000000000000000       0.0000000000000000       0.0000000000000000       0.0000000000000000       0.0000000000000000       0.0000000000000000       0.0000000000000000       0.0000000000000000       0.0000000000000000
       0.0000000000000000       0.0000000000000000       0.0000000000000000       0.0000000000000000       0.0000000000000000       0.0000000000000000       0.0000000000000000       0.0000000000000000       0.0000000000000000       0.0000000000000000       0.0000000000000000       0.0000000000000000
       0.0000000000000000       0.0000000000000000       0.0000000000000000       0.0000000000000000       0.0000000000000000       0.0000000000000000       0.0000000000000000       0.0000000000000000       0.0000000000000000       0.0000000000000000       0.0000000000000000       0.0000000000000000
       0.0000000000000000       0.0000000000000000       0.0000000000000000       0.0000000000000000       0.0000000000000000       0.0000000000000000       0.0000000000000000       0.0000000000000000       0.0000000000000000       0.0000000000000000       0.0000000000000000       0.0000000000000000
       0.0000000000000000       0.0000000000000000       0.0000000000000000       0.0000000000000000       0.0000000000000000       0.0000000000000000       0.0000000000000000       0.0000000000000000       0.0000000000000000       0.0000000000000000       0.0000000000000000       0.0000000000000000
       0.0000000000000000       0.0000000000000000       0.0000000000000000       0.0000000000000000       0.0000000000000000       0.0000000000000000       0.0000000000000000       0.0000000000000000       0.0000000000000000       0.0000000000000000       0.0000000000000000       0.0000000000000000
       0.0000000000000000       0.0000000000000000       0.0000000000000000       0.0000000000000000       0.0000000000000000       0.0000000000000000       0.0000000000000000       0.0000000000000000       0.0000000000000000       0.0000000000000000       0.0000000000000000       0.0000000000000000
       0.0000000000000000       0.0000000000000000       0.0000000000000000       0.0000000000000000       0.0000000000000000       0.0000000000000000       0.0000000000000000       0.0000000000000000       0.0000000000000000       0.0000000000000000       0.0000000000000000       0.0000000000000000
       0.0000000000000000       0.0000000000000000       0.0000000000000000       0.0000000000000000       0.0000000000000000       0.0000000000000000       0.0000000000000000       0.0000000000000000       0.0000000000000000       0.0000000000000000       0.0000000000000000       0.0000000000000000
       0.0000000000000000       0.0000000000000000       0.0000000000000000       0.0000000000000000       0.0000000000000000       0.0000000000000000       0.0000000000000000       0.0000000000000000       0.0000000000000000       0.0000000000000000       0.0000000000000000       0.0000000000000000
       0.0000000000000000       0.0000000000000000       0.0000000000000000       0.0000000000000000       0.0000000000000000       0.0000000000000000       0.0000000000000000       0.0000000000000000       0.0000000000000000       0.0000000000000000       0.0000000000000000       0.0000000000000000
       0.0000000000000000       0.0000000000000000       0.0000000000000000       0.0000000000000000       0.0000000000000000       0.0000000000000000       0.0000000000000000       0.0000000000000000       0.0000000000000000       0.0000000000000000       0.0000000000000000       0.0000000000000000
       0.0000000000000000       0.0000000000000000       0.0000000000000000       0.0000000000000000       0.0000000000000000       0.0000000000000000       0.0000000000000000       0.0000000000000000       0.0000000000000000       0.0000000000000000       0.0000000000000000       0.0000000000000000
       0.0000000000000000       0.0000000000000000       0.0000000000000000       0.0000000000000000       0.0000000000000000       0.0000000000000000       0.0000000000000000       0.0000000000000000       0.0000000000000000       0.0000000000000000       0.0000000000000000       0.0000000000000000
       0.0000000000000000       0.0000000000000000       0.0000000000000000       0.0000000000000000       0.0000000000000000       0.0000000000000000       0.0000000000000000       0.0000000000000000       0.0000000000000000       0.0000000000000000       0.0000000000000000       0.0000000000000000
       0.0000000000000000       0.0000000000000000       0.0000000000000000       0.0000000000000000       0.0000000000000000       0.0000000000000000       0.0000000000000000       0.0000000000000000       0.0000000000000000       0.0000000000000000       0.0000000000000000       0.0000000000000000
       0.0000000000000000       0.0000000000000000       0.0000000000000000       0.0000000000000000       0.0000000000000000       0.0000000000000000       0.0000000000000000       0.0000000000000000       0.0000000000000000       0.0000000000000000       0.0000000000000000       0.0000000000000000
       0.0000000000000000      -0.0000000000000002       0.0000000000000000       0.0000000000000000       0.0000000000000000       0.0000000000000000       0.0000000000000000      -0.0000000000000002       0.0000000000000000       0.0000000000000000       0.0000000000000000       0.0000000000000000
       0.0000000000000000      -0.0000000000000018       0.0000000000000000       0.0000000000000000       0.0000000000000000       0.0000000000000000       0.0000000000000000      -0.0000000000000018       0.0000000000000000       0.0000000000000000       0.0000000000000000       0.0000000000000000
       0.0000000000000000      -0.0000000000000182       0.0000000000000000       0.0000000000000000       0.0000000000000000       0.0000000000000000       0.0000000000000000      -0.0000000000000182       0.0000000000000000       0.0000000000000000       0.0000000000000000       0.0000000000000000
       0.0000000000000000      -0.0000000000001735       0.0000000000000000       0.0000000000000000       0.0000000000000000       0.0000000000000000       0.0000000000000000      -0.0000000000001736       0.0000000000000000       0.0000000000000000       0.0000000000000000       0.0000000000000000
       0.0000000000000000      -0.0000000000015518       0.0000000000000000       0.0000000000000000       0.0000000000000000       0.0000000000000000       0.0000000000000000      -0.0000000000015525       0.0000000000000000       0.0000000000000000       0.0000000000000000       0.0000000000000000
       0.0000000000000000      -0.0000000000130504       0.0000000000000000       0.0000000000000000       0.0000000000000000       0.0000000000000000       0.0000000000000000      -0.0000000000130565       0.0000000000000000       0.0000000000000000       0.0000000000000000       0.0000000000000000
       0.0000000000000000      -0.0000000001035627       0.0000000000000000       0.0000000000000000       0.0000000000000000       0.0000000000000000       0.0000000000000000      -0.0000000001036100       0.0000000000000000       0.0000000000000000       0.0000000000000000       0.0000000000000000
       0.0000000000000000      -0.0000000007802757       0.0000000000000000       0.0000000000000000       0.0000000000000000       0.0000000000000000       0.0000000000000000      -0.0000000007806257       0.0000000000000000       0.0000000000000000       0.0000000000000000       0.0000000000000000
       0.0000000000000000      -0.0000000055609322       0.0000000000000000       0.0000000000000000       0.0000000000000000       0.0000000000000000       0.0000000000000000      -0.0000000055633772       0.0000000000000000       0.0000000000000000       0.0000000000000000       0.0000000000000000
       0.0000000000000000      -0.0000000377075400       0.0000000000000000       0.0000000000000000       0.0000000000000000       0.0000000000000000       0.0000000000000000      -0.0000000377237806       0.0000000000000000       0.0000000000000000       0.0000000000000000       0.0000000000000000
       0.0000000000000000      -0.0000002439606994       0.0000000000000000       0.0000000000000000       0.0000000000000000       0.0000000000000000       0.0000000000000000      -0.0000002440635590       0.0000000000000000       0.0000000000000000       0.0000000000000000       0.0000000000000000
       0.0000000000000000      -0.0000015094564353       0.0000000000000000       0.0000000000000000       0.0000000000000000       0.0000000000000000       0.0000000000000000      -0.0000015100790018       0.0000000000000000       0.0000000000000000       0.0000000000000000       0.0000000000000000
       0.0000000000000000      -0.0000089502420216       0.0000000000000000       0.0000000000000000       0.0000000000000000       0.0000000000000000       0.0000000000000000      -0.0000089538503382       0.0000000000000000       0.0000000000000000       0.0000000000000000       0.0000000000000000
       0.0000000000000000      -0.0000509541908956       0.0000000000000000       0.0000000000000000       0.0000000000000000       0.0000000000000000       0.0000000000000000      -0.0000509742528403       0.0000000000000000       0.0000000000000000       0.0000000000000000       0.0000000000000000
       0.0000000000000000      -0.0002789354889414       0.0000000000000000       0.0000000000000000       0.0000000000000000       0.0000000000000000       0.0000000000000000      -0.0002790426116073       0.0000000000000000       0.0000000000000000       0.0000000000000000       0.0000000000000000
       0.0000000000000000      -0.0014684089499541       0.0000000000000000       0.0000000000000000       0.0000000000000000       0.0000000000000000       0.0000000000000000      -0.0014689574486195       0.0000000000000000       0.0000000000000000       0.0000000000000000       0.0000000000000000
       0.0000000000000000      -0.0073841301544278       0.0000000000000000       0.0000000000000000       0.0000000000000000       0.0000000000000000       0.0000000000000000      -0.0073867765371521       0.0000000000000000       0.0000000000000000       0.0000000000000000       0.0000000000000000
       0.0000000000000000      -0.0344785067561873       0.0000000000000000       0.0000000000000000       0.0000000000000000       0.0000000000000000       0.0000000000000000      -0.0344899852689119       0.0000000000000000       0.0000000000000000       0.0000000000000000       0.0000000000000000
       0.0000000000000000      -0.1355945689497444       0.0000000000000000       0.0000000000000000       0.0000000000000000       0.0000000000000000       0.0000000000000000      -0.1356321352381183       0.0000000000000000       0.0000000000000000       0.0000000000000000       0.0000000000000000
       0.0000000000000001      -0.3922071713282604       0.0000000000000000       0.0000000000000000       0.0000000000000000       0.0000000000000000       0.0000000000000001      -0.3922855769674148       0.0000000000000000       0.0000000000000000       0.0000000000000000       0.0000000000000000
       0.0000000000000005      -0.8231671329343599       0.0000000000000000       0.0000000000000000       0.0000000000000000       0.0000000000000000       0.0000000000000005      -0.8232795479911384       0.0000000000000000       0.0000000000000000       0.0000000000000000       0.0000000000000000
       0.0000000000000023      -1.3726986573745739       0.0000000000000000       0.0000000000000000       0.0000000000000000       0.0000000000000000       0.0000000000000023      -1.3728294033908572       0.0000000000000000       0.0000000000000000       0.0000000000000000       0.0000000000000000
       0.0000000000000097      -1.9818117732320331       0.0000000000000000       0.0000000000000000       0.0000000000000000       0.0000000000000000       0.0000000000000097      -1.9819501386302747       0.0000000000000000       0.0000000000000000       0.0000000000000000       0.0000000000000000
       0.0000000000000478      -2.6180001813501281       0.0000000000000000       0.0000000000000000       0.0000000000000000       0.0000000000000000       0.0000000000000478      -2.6181402327079164       0.0000000000000000       0.0000000000000000       0.0000000000000000       0.0000000000000000
       0.0000000000001956      -3.2646849743917805       0.0000000000000000       0.0000000000000000       0.0000000000000000       0.0000000000000000       0.0000000000001956      -3.2648243071828658       0.0000000000000000       0.0000000000000000       0.0000000000000000       0.0000000000000000
       0.0000000000007548      -3.9159635862122588       0.0000000000000000       0.0000000000000000       0.0000000000000000       0.0000000000000000       0.0000000000007551      -3.9161009323504938       0.0000000000000000       0.0000000000000000       0.0000000000000000       0.0000000000000000
       0.0000000000021698      -4.5681941262045864       0.0000000000000000       0.0000000000000000       0.0000000000000000       0.0000000000000000       0.0000000000021705      -4.5683291329793709       0.0000000000000000       0.0000000000000000       0.0000000000000000       0.0000000000000000
       0.0000000000073030      -5.2228565972246388       0.0000000000000000       0.0000000000000000       0.0000000000000000       0.0000000000000000       0.0000000000073052      -5.2229882876166345       0.0000000000000000       0.0000000000000000       0.0000000000000000       0.0000000000000000
       0.0000000000255289      -5.8774562368250063       0.0000000000000000       0.0000000000000000       0.0000000000000000       0.0000000000000000       0.0000000000255359      -5.8775843929012463       0.0000000000000000       0.0000000000000000       0.0000000000000000       0.0000000000000000
       0.0000000000889067      -6.5321231213388007       0.0000000000000000       0.0000000000000000       0.0000000000000000       0.0000000000000000       0.0000000000889293      -6.5322474419156276       0.0000000000000000       0.0000000000000000       0.0000000000000000       0.0000000000000000
       0.0000000003048970      -7.1868491302731838       0.0000000000000000       0.0000000000000000       0.0000000000000000       0.0000000000000000       0.0000000003049679      -7.1869693221622795       0.0000000000000000       0.0000000000000000       0.0000000000000000       0.0000000000000000
       0.0000000010267666      -7.8416348696572236       0.0000000000000000       0.0000000000000000       0.0000000000000000       0.0000000000000000       0.0000000010269828      -7.8417506410125668       0.0000000000000000       0.0000000000000000       0.0000000000000000       0.0000000000000000
       0.0000000044328549      -8.4964974274641190       0.0000000000000000       0.0000000000000000       0.0000000000000000       0.0000000000000000       0.0000000044336683      -8.4966083932143430       0.0000000000000000       0.0000000000000000       0.0000000000000000       0.0000000000000000
       0.0000000153720916      -9.1514095523204357       0.0000000000000000       0.0000000000000000       0.0000000000000000       0.0000000000000000       0.0000000153745691      -9.1515154547039206       0.0000000000000000       0.0000000000000000       0.0000000000000000       0.0000000000000000
       0.0000000498877626      -9.8063774181857735       0.0000000000000000       0.0000000000000000       0.0000000000000000       0.0000000000000000       0.0000000498946750      -9.8064779628551246       0.0000000000000000       0.0000000000000000       0.0000000000000000       0.0000000000000000
       0.0000001300364055     -10.4613889338290953       0.0000000000000000       0.0000000000000000       0.0000000000000000       0.0000000000000000       0.0000001300521984     -10.4614838869582094       0.0000000000000000       0.0000000000000000       0.0000000000000000       0.0000000000000000
       0.0000003755913121     -11.1164714887395988       0.0000000000000000       0.0000000000000000       0.0000000000000000       0.0000000000000000       0.0000003756283454     -11.1165604672306824       0.0000000000000000       0.0000000000000000       0.0000000000000000       0.0000000000000000
       0.0000011157237004     -11.7716158571601390       0.0000000000000000       0.0000000000000000       0.0000000000000000       0.0000000000000000       0.0000011158064639     -11.7716985196623938       0.0000000000000000       0.0000000000000000       0.0000000000000000       0.0000000000000000
       0.0000033114665171     -12.4268204812806999       0.0000000000000000       0.0000000000000000       0.0000000000000000       0.0000000000000000       0.0000033116297501     -12.4268964870722840       0.0000000000000000       0.0000000000000000       0.0000000000000000       0.0000000000000000
       0.0000101528632967     -13.0820960034473384       0.0000000000000000       0.0000000000000000       0.0000000000000000       0.0000000000000000       0.0000101531162217     -13.0821649410084735       0.0000000000000000       0.0000000000000000       0.0000000000000000       0.0000000000000000
       0.0000298640336492     -13.7374248981743463       0.0000000000000000       0.0000000000000000       0.0000000000000000       0.0000000000000000       0.0000298640314667     -13.7374864490217874       0.0000000000000000       0.0000000000000000       0.0000000000000000       0.0000000000000000
       0.0000858248743100     -14.3928109870552667       0.0000000000000000       0.0000000000000000       0.0000000000000000       0.0000000000000000       0.0000858226646573     -14.3928648033029312       0.0000000000000000       0.0000000000000000       0.0000000000000000       0.0000000000000000
       0.0002424149339862     -15.0482554853135451       0.0000000000000000       0.0000000000000000       0.0000000000000000       0.0000000000000000       0.0002424023268852     -15.0483012025475951       0.0000000000000000       0.0000000000000000       0.0000000000000000       0.0000000000000000
       0.0006742642256955     -15.7037580067987896       0.0000000000000000       0.0000000000000000       0.0000000000000000       0.0000000000000000       0.0006742111284755     -15.7037952488427432       0.0000000000000000       0.0000000000000000       0.0000000000000000       0.0000000000000000
       0.0018471527967410     -16.3593160465330030       0.0000000000000000       0.0000000000000000       0.0000000000000000       0.0000000000000000       0.0018469573414459     -16.3593444268455457       0.0000000000000000       0.0000000000000000       0.0000000000000000       0.0000000000000000
       0.0049763004566132     -17.0149224442325036       0.0000000000000000       0.0000000000000000       0.0000000000000000       0.0000000000000000       0.0049756395531006     -17.0149415655244276       0.0000000000000000       0.0000000000000000       0.0000000000000000       0.0000000000000000
       0.0131204414590997     -17.6705588004995882       0.0000000000000000       0.0000000000000000       0.0000000000000000       0.0000000000000000       0.0131183597756596     -17.6705682524605798       0.0000000000000000       0.0000000000000000       0.0000000000000000       0.0000000000000000
       0.0334617629431846     -18.3261812146515553       0.0000000000000000       0.0000000000000000       0.0000000000000000       0.0000000000000000       0.0334557157887762     -18.3261805690992219       0.0000000000000000       0.0000000000000000       0.0000000000000000       0.0000000000000000
       0.0803443825910602     -18.9816989741516871       0.0000000000000000       0.0000000000000000       0.0000000000000000       0.0000000000000000       0.0803287926422096     -18.9816877783923807       0.0000000000000000       0.0000000000000000       0.0000000000000000       0.0000000000000000
       0.1762632491567297     -19.6369612409975076       0.0000000000000001       0.0000000000000000       0.0000000000000000       0.0000000000000001       0.1762291704561414     -19.6369390144104052       0.0000000000000001       0.0000000000000000       0.0000000000000000       0.0000000000000001
       0.3418563171897633     -20.2918026342438367       0.0000000000000003       0.0000000000000000       0.0000000000000000       0.0000000000000003       0.3417950870998412     -20.2917688800639269       0.0000000000000003       0.0000000000000000       0.0000000000000000       0.0000000000000003
       0.5819533016319189     -20.9461325295368610       0.0000000000000008       0.0000000000000000       0.0000000000000000       0.0000000000000008       0.5818612950313788     -20.9460867561996054       0.0000000000000008       0.0000000000000000       0.0000000000000000       0.0000000000000008
       0.8824043724465200     -21.5999875775901984       0.0000000000000021       0.0000000000000000       0.0000000000000000       0.0000000000000019       0.8822828205234683     -21.5999293070687024       0.0000000000000021       0.0000000000000000       0.0000000000000000       0.0000000000000019
       1.2243313033531533     -22.2534781410153251       0.0000000000000051       0.0000000000000000       0.0000000000000000       0.0000000000000048       1.2241833721398807     -22.2534068987395486       0.0000000000000051       0.0000000000000000       0.0000000000000000       0.0000000000000048
       1.5921205983978384     -22.9067279540192814       0.0000000000000136       0.0000000000000000       0.0000000000000000       0.0000000000000127       1.5919493575549208     -22.9066432571382350       0.0000000000000136       0.0000000000000000       0.0000000000000000       0.0000000000000127
       1.9734424496900513     -23.5598482986148134       0.0000000000000340       0.0000000000000000       0.0000000000000000       0.0000000000000319       1.9732495696854402     -23.5597496489121916       0.0000000000000340       0.0000000000000000       0.0000000000000000       0.0000000000000318
       2.3624437810807053     -24.2129138193798603       0.0000000000000827       0.0000000000000000       0.0000000000000000       0.0000000000000774       2.3622301568952300     -24.2128007000138510       0.0000000000000827       0.0000000000000000       0.0000000000000000       0.0000000000000773
       2.7556548760719495     -24.8659719669086670       0.0000000000001975       0.0000000000000000       0.0000000000000000       0.0000000000001849       2.7554207941013615     -24.8658438470074437       0.0000000000001975       0.0000000000000000       0.0000000000000000       0.0000000000001846
       3.1511317128349958     -25.5190515884185878       0.0000000000004658       0.0000000000000000       0.0000000000000000       0.0000000000004358       3.1508770423442813     -25.5189079250973450       0.0000000000004659       0.0000000000000000       0.0000000000000000       0.0000000000004352
       3.5472103037920717     -26.1721497978090092       0.0000000000009249       0.0000000000000000       0.0000000000000000       0.0000000000008649       3.5469348452004561     -26.1719903135473650       0.0000000000009253       0.0000000000000000       0.0000000000000000       0.0000000000008637
       3.9446514769130645     -26.8253171598577929       0.0000000000019804       0.0000000000000000       0.0000000000000000       0.0000000000018508       3.9443545893201768     -26.8251410011112625       0.0000000000019812       0.0000000000000000       0.0000000000000000       0.0000000000018479
       4.3425293006896508     -27.4785332015251988       0.0000000000043848       0.0000000000000000       0.0000000000000000       0.0000000000040950       4.3422102730770904     -27.4783397909554239       0.0000000000043867       0.0000000000000000       0.0000000000000000       0.0000000000040882
       4.7405626326033969     -28.1318062899940529       0.0000000000098141       0.0000000000000000       0.0000000000000000       0.0000000000091593       4.7402206891467360     -28.1315950206180112       0.0000000000098185       0.0000000000000000       0.0000000000000000       0.0000000000091429
       5.1386669954441384     -28.7851382753066041       0.0000000000219685       0.0000000000000000       0.0000000000000000       0.0000000000204888       5.1383013147016863     -28.7849085229646988       0.0000000000219787       0.0000000000000000       0.0000000000000000       0.0000000000204497
       5.5368170689119651     -29.4385297242087702       0.0000000000489493       0.0000000000000000       0.0000000000000000       0.0000000000456213       5.5364267943211791     -29.4382808475665811       0.0000000000489725       0.0000000000000000       0.0000000000000000       0.0000000000455288
       5.9350052729997369     -30.0919808321583275       0.0000000001083483       0.0000000000000000       0.0000000000000000       0.0000000001009136       5.9345895163774687     -30.0917121726819623       0.0000000001084012       0.0000000000000000       0.0000000000000000       0.0000000001006970
       6.3332293365971655     -30.7454916705886880       0.0000000002380611       0.0000000000000000       0.0000000000000000       0.0000000002215769       6.3327871791847414     -30.7452025517941472       0.0000000002381808       0.0000000000000000       0.0000000000000000       0.0000000002210746
       6.7314885772273634     -31.3990622798837684       0.0000000005190822       0.0000000000000000       0.0000000000000000       0.0000000004828155       6.7310190694384797     -31.3987520061476673       0.0000000005193506       0.0000000000000000       0.0000000000000000       0.0000000004816616
       7.1297827847600770     -32.0526926835042190       0.0000000011231913       0.0000000000000000       0.0000000000000000       0.0000000010440201       7.1292849453265710     -32.0523605392531934       0.0000000011237890       0.0000000000000000       0.0000000000000000       0.0000000010413943
       7.5281118926739827     -32.7063829068436220       0.0000000024119765       0.0000000000000000       0.0000000000000000       0.0000000022404694       7.5275847073512763     -32.7060281555577177       0.0000000024132977       0.0000000000000000       0.0000000000000000       0.0000000022345482
       7.9264758790223286     -33.3601329807824385       0.0000000051409524       0.0000000000000000       0.0000000000000000       0.0000000047722276       7.9259182988243984     -33.3597548637551071       0.0000000051438515       0.0000000000000000       0.0000000000000000       0.0000000047589930
       8.3248866063039504     -34.0139599538079409       0.0000000127242887       0.0000000000000000       0.0000000000000000       0.0000000118016581       8.3242971644325117     -34.0135574610234528       0.0000000127317378       0.0000000000000000       0.0000000000000000       0.0000000117669145
       8.7233264440888973     -34.6678365428170920       0.0000000285221124       0.0000000000000000       0.0000000000000000       0.0000000264357903       8.7227041845758357     -34.6674089983410099       0.0000000285393295       0.0000000000000000       0.0000000000000000       0.0000000263542019
       9.1217981329167692     -35.3217689206863383       0.0000000612020948       0.0000000000000000       0.0000000000000000       0.0000000566883595       9.1211419800740714     -35.3213155473297746       0.0000000612401391       0.0000000000000000       0.0000000000000000       0.0000000565055653
       9.5203030838650911     -35.9757595633415832       0.0000001283406755       0.0000000000000000       0.0000000000000000       0.0000001187987443       9.5196118787456303     -35.9752795275823303       0.0000001284228304       0.0000000000000000       0.0000000000000000       0.0000001183990072
       9.9188420156124195     -36.6298094582607376       0.0000002653420007       0.0000000000000000       0.0000000000000000       0.0000002454557937       9.9181145336707779     -36.6293018871089942       0.0000002655169672       0.0000000000000000       0.0000000000000000       0.0000002445945580
      10.3174152910724608     -37.2839190066334396       0.0000005430539168       0.0000000000000000       0.0000000000000000       0.0000005020297703      10.3166502498751278     -37.2833829931898890       0.0000005434229114       0.0000000000000000       0.0000000000000000       0.0000005001940767
      10.7160231071072740     -37.9380884117298862       0.0000011023408598       0.0000000000000000       0.0000000000000000       0.0000010184072248      10.7152191688676943     -37.9375230201718026       0.0000011031129401       0.0000000000000000       0.0000000000000000       0.0000010145288482
      11.1146568100301479     -38.5923026587543418       0.0000020446185422       0.0000000000000000       0.0000000000000000       0.0000018879703825      11.1138129329547368     -38.5917071551622470       0.0000020460856899       0.0000000000000000       0.0000000000000000       0.0000018805480276
      11.5133379332497228     -39.2466008267798969       0.0000040780904359       0.0000000000000000       0.0000000000000000       0.0000037632917450      11.5124521616510673     -39.2459738071914686       0.0000040811054209       0.0000000000000000       0.0000000000000000       0.0000037479167827
      11.9120516188941004     -39.9009535840684393       0.0000081032208384       0.0000000000000000       0.0000000000000000       0.0000074729560132      11.9111225349740320     -39.9002940799947652       0.0000081093975457       0.0000000000000000       0.0000000000000000       0.0000074412236785
      12.3107988075379744     -40.5553643115205844       0.0000160222246541       0.0000000000000000       0.0000000000000000       0.0000147665871286      12.3098249012103427     -40.5546712459547081       0.0000160348203715       0.0000000000000000       0.0000000000000000       0.0000147014332726
      12.7095799576065236     -41.2098343726241509       0.0000315087185814       0.0000000000000000       0.0000000000000000       0.0000290209155682      12.7085596437633974     -41.2091065873027986       0.0000315342671231       0.0000000000000000       0.0000000000000000       0.0000288879182711
      13.1083953102686621     -41.8643642635472517       0.0000616155932162       0.0000000000000000       0.0000000000000000       0.0000567146948234      13.1073269332219571     -41.8636005358489456       0.0000616671218370       0.0000000000000000       0.0000000000000000       0.0000564448591502
      13.5072450348342308     -42.5189541077043032       0.0001198042205128       0.0000000000000000       0.0000000000000000       0.0001102057636229      13.5061268668318455     -42.5181531577957514       0.0001199075479089       0.0000000000000000       0.0000000000000000       0.0001096616686958
      13.9061293336556524     -43.1736038261702291       0.0002316156109285       0.0000000000000000       0.0000000000000000       0.0002129273741096      13.9049595731225555     -43.1727643127691749       0.0002318215944626       0.0000000000000000       0.0000000000000000       0.0002118370446634
      14.3050485634165536     -43.8283130826416567       0.0004452147863148       0.0000000000000000       0.0000000000000000       0.0004090457073875      14.3038253336297050     -43.8274335941483812       0.0004456229597093       0.0000000000000000       0.0000000000000000       0.0004068743712072
      14.7040034253499332     -44.4830811187624846       0.0008508378814094       0.0000000000000000       0.0000000000000000       0.0007812679086623      14.7027247716840925     -44.4821601629457817       0.0008516416692765       0.0000000000000000       0.0000000000000000       0.0007769713912666
      15.1029953136666553     -45.1379063797555986       0.0016162862343535       0.0000000000000000       0.0000000000000000       0.0014833519976389      15.1016592001550531     -45.1369423756479478       0.0016178584333259       0.0000000000000000       0.0000000000000000       0.0014749076393364
      15.5020269351209112     -45.7927858076381824       0.0030507504369383       0.0000000000000000       0.0000000000000000       0.0027986245423744      15.5006312410842853     -45.7917770850724324       0.0030538021470793       0.0000000000000000       0.0000000000000000       0.0027821526593411
      15.9011033760821618     -46.4477136765284442       0.0057169266931196       0.0000000000000000       0.0000000000000000       0.0052430359402325      15.8996458929716198     -46.4466584797492530       0.0057227951194490       0.0000000000000000       0.0000000000000000       0.0052111937661424
      16.3002339060247579     -47.1026796612301766       0.0106203426785815       0.0000000000000000       0.0000000000000000       0.0097401366101595      16.2987123364701532     -47.1015761438029870       0.0106314892225075       0.0000000000000000       0.0000000000000000       0.0096792990410686
      16.6994348549425453     -47.7576654900377875       0.0194943815456686       0.0000000000000000       0.0000000000000000       0.0178877717419161      16.6978468182487916     -47.7565117077371113       0.0195151768390318       0.0000000000000000       0.0000000000000000       0.0177734704845600
      17.0987340649275446     -48.4126401937405149       0.0352317499842185       0.0000000000000000       0.0000000000000000       0.0323705522599983      17.0970771012126725     -48.4114341167890032       0.0352695574349529       0.0000000000000000       0.0000000000000000       0.0321609253182272
      17.4981759724817678     -49.0675539823256344       0.0622651481306261       0.0000000000000000       0.0000000000000000       0.0573523713886371      17.4964475517845202     -49.0662935559096454       0.0623313237582918       0.0000000000000000       0.0000000000000000       0.0569813936457684
      17.8978248825120758     -49.7223349212919672       0.1066216068949330       0.0000000000000000       0.0000000000000000       0.0986106847756551      17.8960224021661922     -49.7210181742854118       0.1067314461725155       0.0000000000000000       0.0000000000000000       0.0979865673265059
      18.2977612684027839     -50.3768938215464814       0.1750768126973046       0.0000000000000000       0.0000000000000000       0.1628581558632342      18.2958820148169750     -50.3755189890722761       0.1752471868623466       0.0000000000000000       0.0000000000000000       0.1618752150764279
      18.6980668261761025     -51.0311424409063861       0.2732376419250095       0.0000000000000000       0.0000000000000000       0.2559779680928841      18.6961078891091077     -51.0297080225865898       0.2734824530829962       0.0000000000000000       0.0000000000000000       0.2545439487362013
      19.0988019104909661     -51.6850199232681859       0.4034573790010877       0.0000000000000000       0.0000000000000000       0.3808939636018433      19.0967600808311566     -51.6835246087679252       0.4037834795896057       0.0000000000000000       0.0000000000000000       0.3789587084923091
      19.4999876955895139     -52.3385120980088843       0.5640686379345047       0.0000000000000000       0.0000000000000000       0.5365459074661145      19.4978594053853911     -52.3369545691851243       0.5644750653000585       0.0000000000000000       0.0000000000000000       0.5341112876508880
      19.9016033833981716     -52.9916516466656802       0.7503970778006779       0.0000000000000000       0.0000000000000000       0.7186541137419700      19.8993847157756889     -52.9900303584252867       0.7508775422938789       0.0000000000000000       0.0000000000000000       0.7157610867926192
      20.3035974847587966     -53.6445022413181221       0.9565993087310627       0.0000000000000000       0.0000000000000000       0.9214920089007019      20.3012842341435977     -53.6428152884738267       0.9571456153933782       0.0000000000000000       0.0000000000000000       0.9181981374548338
      20.7058863093104399     -54.2970718325798458       1.1774600578960563       0.0000000000000000       0.0000000000000000       1.1397907562078702      20.7034965272784461     -54.2953358857386803       1.1780588169761845       0.0000000000000000       0.0000000000000000       1.1361829633065246
      21.1084215198531382     -54.9494526432514618       1.4078991785987833       0.0000000000000000       0.0000000000000000       1.3682290046432484      21.1059826776535395     -54.9476900823383403       1.4085365870324311       0.0000000000000000       0.0000000000000000       1.3643934023826374
      21.5111517348522128     -55.6017369400738204       1.6448324152409282       0.0000000000000000       0.0000000000000000       1.6035842538773184      21.5086781951655617     -55.5999569339871869       1.6454985476964328       0.0000000000000000       0.0000000000000000       1.5995839228783741
      21.9140296689470055     -56.2539763012685299       1.8860649123421243       0.0000000000000000       0.0000000000000000       1.8435394673102274      21.9115291076157845     -56.2521825041725805       1.8867525921985344       0.0000000000000000       0.0000000000000000       1.8394193494715094
      22.3170179351194449     -56.9062030010860767       2.1300994582457875       0.0000000000000000       0.0000000000000000       2.0865024747874981      22.3144943790148993     -56.9043967056967404       2.1308036668290002       0.0000000000000000       0.0000000000000000       2.0822932693219625
      22.7200903847252675     -57.5584396808080569       2.3759429531212963       0.0000000000000000       0.0000000000000000       2.3314113180822926      22.7175458807858561     -57.5566213477538469       2.3766603506125215       0.0000000000000000       0.0000000000000000       2.3271334797881105
      23.1232300638211257     -58.2107029434068224       2.6229487965086906       0.0000000000000000       0.0000000000000000       2.5775715063235429      23.1206656965237016     -58.2088727598500455       2.6236771771899678       0.0000000000000000       0.0000000000000000       2.5732385124037274
      23.5263980302854563     -58.8629854185831789       2.8703267626062376       0.0000000000000000       0.0000000000000000       2.8241320013766518      23.5238140411233410     -58.8611433785760383       2.8710654179110620       0.0000000000000000       0.0000000000000000       2.8197481555176545
      23.9296358782243033     -59.5153359235821924       3.1184976852180704       0.0000000000000000       0.0000000000000000       3.0715442852291592      23.9270327991681313     -59.5134819732976794       3.1192450891754260       0.0000000000000000       0.0000000000000000       3.0671187009012759
      24.3329260228500743     -60.1677318066785745       3.3670948989665317       0.0000000000000000       0.0000000000000000       3.3194133373664720      24.3303039766529032     -60.1658657572587074       3.3678501567511585       0.0000000000000000       0.0000000000000000       3.3149508918387340
      24.7362596723215944     -60.8201796046521466       3.6159256680619998       0.0000000000000000       0.0000000000000000       3.5675304666268226      24.7336187323922090     -60.8183013257093421       3.6166882113017111       0.0000000000000000       0.0000000000000000       3.5630337729805848
      25.1396321853919318     -61.4726812850748416       3.8648890180852131       0.0000000000000000       0.0000000000000000       3.8157858540347216      25.1369724273621635     -61.4707907087009886       3.8656584748620402       0.0000000000000000       0.0000000000000000       3.8112563288885366
      25.5430411825165962     -62.1252379407396731       4.1139321648361253       0.0000000000000000       0.0000000000000000       4.0641218662816785      25.5403626639422789     -62.1233350350083313       4.1147082982515677       0.0000000000000000       0.0000000000000000       4.0595602803069539
      25.9464855446382821     -62.7778502319686282       4.3630275285298756       0.0000000000000000       0.0000000000000000       4.3125082878364900      25.9437882888562044     -62.7759349678651759       4.3638101943427845       0.0000000000000000       0.0000000000000000       4.3079150446396026
      26.3499647782531419     -63.4305185817044475       4.6121607078419764       0.0000000000000000       0.0000000000000000       4.5609292901118561      26.3472487788224186     -63.4285909185457584       4.6129498188720728       0.0000000000000000       0.0000000000000000       4.5563045780882101
      26.7534786637257298     -64.0832432019767708       4.8613241762846409       0.0000000000000000       0.0000000000000000       4.8093765689581511      26.7507439034671854     -64.0813030943300532       4.8621196749686577       0.0000000000000000       0.0000000000000000       4.8047204583683554
      27.1570270743582043     -64.7360241666901430       5.1105139998960585       0.0000000000000000       0.0000000000000000       5.0578457605089513      27.1542735420716248     -64.7340715767914361       5.1113158419876452       0.0000000000000000       0.0000000000000000       5.0531582681708285
      27.5606099191362190     -65.3888614836874638       5.3597281241417303       0.0000000000000000       0.0000000000000000       5.3063345697461797      27.5578376155120743     -65.3868963853683169       5.3605362710719682       0.0000000000000000       0.0000000000000000       5.3016156954408791
      27.9642271329873928     -66.0417551433933880       5.6089654736990511       0.0000000000000000       0.0000000000000000       5.5548417883747048      27.9614360660953487     -66.0397775171313555       5.6097798906451741       0.0000000000000000       0.0000000000000000       5.5500915279683554
      28.3678786766333388     -66.6947051106236160       5.8582254746693065      -0.0000000000000001       0.0000000000000000       5.8033667721734465      28.3650688541741403     -66.6927149397616574       5.8590461318969371      -0.0000000000000001       0.0000000000000000       5.7985851188054189
      28.7715645329123717     -67.3477113750286946       6.1075078191988181      -0.0000000000000001       0.0000000000000000       6.0519091778809990      28.7687359582614484     -67.3457086433460859       6.1083346926707236      -0.0000000000000001       0.0000000000000000       6.0470961206458149
      29.1752846974223203     -68.0007739188201725       6.3568123350297832      -0.0000000000000002       0.0000000000000000       6.3004688153658295      29.1724373704844062     -67.9987586104937662       6.3576454053501941      -0.0000000000000002       0.0000000000000000       6.2956243400763254
      29.5790391680043783     -68.6538927339766900       6.6061389282127694      -0.0000000000000003       0.0000000000000000       6.5490455805834076      29.5761730880788711     -68.6518648343674442       6.6069781786214561      -0.0000000000000003       0.0000000000000000       6.5441696721485982
      29.9828279429238265     -69.3070678239819955       6.8554875501828469      -0.0000000000000005       0.0000000000000000       6.7976394182232767      29.9799431109189030     -69.3050273191261965       6.8563329644320330      -0.0000000000000005       0.0000000000000000       6.7927320626043013
      30.3866510218232904     -69.9602991878661271       7.1048581757464984      -0.0000000000000008       0.0000000000000000       7.0462502981123531      30.3837474410955899     -69.9582460641900212       7.1057097367052560      -0.0000000000000008       0.0000000000000000       7.0413114832619819
      30.7905084052949469     -70.6135868425113244       7.3542507984855821      -0.0000000000000014       0.0000000000000000       7.2948782102695127      30.7875860811997555     -70.6115210857013267       7.3551084873470494      -0.0000000000000013       0.0000000000000000       7.2899079256318844
      31.1944000905107046     -71.2669308017225234       7.6036654239491082      -0.0000000000000022       0.0000000000000000       7.5435231577088411      31.1914590298256691     -71.2648523955727597       7.6045292195491525      -0.0000000000000022       0.0000000000000000       7.5385213931791863
      31.5983260748744748     -71.9203310839844789       7.8531020643376381      -0.0000000000000035       0.0000000000000000       7.7921851505555733      31.5953662857987396     -71.9182400099776089       7.8539719425466403      -0.0000000000000034       0.0000000000000000       7.7871518958791128
      32.0022863581547981     -72.5737877012407893       8.1025607314604926      -0.0000000000000056       0.0000000000000000       8.0408641989737077      31.9993078500770736     -72.5716839392222965       8.1034366653400447      -0.0000000000000055       0.0000000000000000       8.0357994435847893
      32.4062809425458980     -73.2273006642693218       8.3520414347864946      -0.0000000000000089       0.0000000000000000       8.2895603112336627      32.4032837256547737     -73.2251841934899232       8.3529233953736171      -0.0000000000000088       0.0000000000000000       8.2844640444476667
      32.8103098327600691     -73.8808699791852348       8.6015441795589318      -0.0000000000000141       0.0000000000000000       8.5382734919229257      32.8072939175074083     -73.8787407792982975       8.6024321370217489      -0.0000000000000139       0.0000000000000000       8.5331457031863227
      33.2143730366821899     -74.5344956502270009       8.8510689657317805      -0.0000000000000222       0.0000000000000000       8.7870037409639288      33.2113384331017372     -74.5323537019392575       8.8519628906295544      -0.0000000000000220       0.0000000000000000       8.7818444199736003
      33.6184705654040457     -75.1881776763035390       9.1006157872175280      -0.0000000000000351       0.0000000000000000       9.0357510525835885      33.6154172828868454     -75.1860229619868932       9.1015156514409021      -0.0000000000000347       0.0000000000000000       9.0305601896122472
      34.0226024324623424     -75.8419160575884490       9.3501846335508993      -0.0000000000000552      -0.0000000000000001       9.2845154168495139      34.0195304796606734     -75.8397485616929572       9.3510904110780473      -0.0000000000000547      -0.0000000000000001       9.2792930030976795
      34.4267686537385202     -76.4957107924877988       9.5997754912006314      -0.0000000000000867      -0.0000000000000001       9.5332968210066866      34.4236780383188972     -76.4935305018383787       9.6006871586948854      -0.0000000000000858      -0.0000000000000001       9.5280428487333158
      34.8309692437639740     -77.1495618856881578       9.8493883480991027      -0.0000000000001357      -0.0000000000000002       9.7820952537233037      34.8278599725560980     -77.1473687888306614       9.8503058848131602      -0.0000000000001343      -0.0000000000000002       9.7768097162034859
      35.2352042154850125     -77.8034693356237739      10.0990231916798194      -0.0000000000002119      -0.0000000000000003      10.0309107030683329      35.2320762946749184     -77.8012634225949711      10.0999465791945600      -0.0000000000002097      -0.0000000000000003      10.0255935945391759
      35.6394735772644111     -78.4574331405957253      10.3486800112960982      -0.0000000000003301      -0.0000000000000004      10.2797431590337425      35.6363270123570786     -78.4552144025919063      10.3496092332957623      -0.0000000000003266      -0.0000000000000004      10.2743944744470372
      36.0437773315028238     -79.1114532921026665      10.5983587973593743      -0.0000000000005128      -0.0000000000000007      10.5285926128062766      36.0406121271210438     -79.1092217211767803      10.5992938395013123      -0.0000000000005074      -0.0000000000000007      10.5232123474247121
      36.4481154746900415     -79.7655297767755087      10.8480595414106986      -0.0000000000007945      -0.0000000000000010      10.7774590569677251      36.4449316342298673     -79.7632853655039185      10.8490003912850561      -0.0000000000007861      -0.0000000000000010      10.7720472057961274
      36.8524879993410650     -80.4196625804467402      11.0977822368057115      -0.0000000000012280      -0.0000000000000016      11.0263424862416279      36.8492855245841113     -80.4174053214321134      11.0987288838626625      -0.0000000000012151      -0.0000000000000016      11.0208990432973000
      37.2568948966579399     -81.0738516901743509      11.3475268781523280      -0.0000000000018934      -0.0000000000000025      11.2752428970186553      37.2536737873124792     -81.0715815754912654      11.3484793136564033      -0.0000000000018734      -0.0000000000000024      11.2697678544579141
      37.6613361599331711     -81.7280970985000721      11.5972934629148607      -0.0000000000029120      -0.0000000000000038      11.5241602890594059      37.6580964130388907     -81.7258141189080618      11.5982516797842941      -0.0000000000028813      -0.0000000000000037      11.5186536359814991
      38.0658117926880166     -82.3823988265143328      11.8470819962221814      -0.0000000000044680      -0.0000000000000058      11.7730946704307851      38.0625534018863476     -82.3801029694433993      11.8480459883907674      -0.0000000000044209      -0.0000000000000057      11.7675563909012961
      38.4703218154225084     -83.0367569227817199      12.0968924915829632      -0.0000000000068389      -0.0000000000000088      12.0220460589194147      38.4670447692834827     -83.0344481695218946      12.0978622532896392      -0.0000000000067668      -0.0000000000000087      12.0164761285363024
      38.8748662768837576     -83.6911714921980661      12.3467249795135388      -0.0000000000104431      -0.0000000000000134      12.2710144921727959      38.8715705552760795     -83.6888498124319682      12.3477005043459229      -0.0000000000103330      -0.0000000000000133      12.2654128713019244
      39.2794452872307005     -84.3456427769675656      12.5965795322495300      -0.0000000000159096      -0.0000000000000203      12.5200000563254292      39.2761308525807209     -84.3433081153107196      12.5975608111470105      -0.0000000000157418      -0.0000000000000202      12.5143666742964861
      39.6840591343887397     -85.0001714223210598      12.8464563419593691      -0.0000000000241814      -0.0000000000000308      12.7690029767635043      39.6807259063912880     -84.9978236589838048      12.8474433577606906      -0.0000000000239263      -0.0000000000000305      12.7633376869704556
      40.0887094507094730     -85.6547611391212342      13.0963564610272414      -0.0000000000366695      -0.0000000000000465      13.0180244653243609      40.0853571371408890     -85.6523998270271392      13.0973491556801580      -0.0000000000362827      -0.0000000000000461      13.0123267536489742
      40.4933993447623664     -86.3094195249001217      13.3462819284060501      -0.0000000000554805      -0.0000000000000701      13.2670669217774027      40.4900271647880103     -86.3070434112193823      13.3472801392197322      -0.0000000000548950      -0.0000000000000695      13.2613354334231737
      40.8981283762420418     -86.9641440136694257      13.5962332150790299      -0.0000000000837519      -0.0000000000001055      13.5161310731295981      40.8947352831876998     -86.9617515519097566      13.5972367012089901      -0.0000000000828676      -0.0000000000001046      13.5103638671149007
      41.3028927747621211     -87.6189247317035296      13.8462088668619554      -0.0000000001261480      -0.0000000000001584      13.7652153808468753      41.2994779871802322     -87.6165151423748512      13.8472174633841725      -0.0000000001248152      -0.0000000000001571      13.7594107813288549
      41.7076914546640225     -88.2737615708372658      14.0962080693967788      -0.0000000001895873      -0.0000000000002373      14.0143188163329206      41.7042545307319656     -88.2713347039557163      14.0972217497959438      -0.0000000001875824      -0.0000000000002353      14.0084757198746352
      42.1125254147519854     -88.9286574865896711      14.3462307487877165      -0.0000000002843101      -0.0000000000003548      14.2634411313109979      42.1090661008357685     -88.9262132360775439      14.3472495225120102      -0.0000000002813007      -0.0000000000003519      14.2575588140239198
      42.5173952848416334     -89.5836125258850018      14.5962766873445648      -0.0000000004254425      -0.0000000000005294      14.5125819854477101      42.5139134287605103     -89.5811506885382016      14.5973005146576682      -0.0000000004209346      -0.0000000000005250      14.5066599173044430
      42.9223008876108736     -90.2386253222682200      14.8463454431384783      -0.0000000006352807      -0.0000000000007883      14.7617408457150443      42.9187964078485891     -90.2361457182652629      14.8473742460702756      -0.0000000006285423      -0.0000000000007818      14.7557786419198766
      43.3272416107911766     -90.8936944318909354      15.0964365889977365      -0.0000000009466231      -0.0000000000011715      15.0109172137266444      43.3237144825976870     -90.8911969988988915      15.0974702993736454      -0.0000000009365713      -0.0000000000011619      15.0049146432526364
      43.7322169218276926     -91.5488189956078031      15.3465498764362955      -0.0000000014076188      -0.0000000000017375      15.2601107943982015      43.7286671511627247     -91.5463037611481951      15.3475884612832978      -0.0000000013926556      -0.0000000000017232      15.2540677546898600
      44.1372265479038788     -92.2039984573830083      15.5966852068662938      -0.0000000020888112      -0.0000000000025719      15.5093214679879168      44.1336541439891406     -92.2014654613789588      15.5977286603109455      -0.0000000020665825      -0.0000000000025507      15.5032379250162933
      44.5422704244722354     -92.8592320698021751      15.8468425380837790      -0.0000000030933485      -0.0000000000037995      15.7585491875841139      44.5386753874402643     -92.8566813254261518      15.8478908622660040      -0.0000000030603938      -0.0000000000037681      15.7524251239156250
      44.9473486197762782     -93.5145186914943309      16.0970218466592456      -0.0000000045717578      -0.0000000000056023      16.0077939317955504      44.9437309395818687     -93.5119501853391455      16.0980750400908548      -0.0000000045230002      -0.0000000000055559      16.0016293216313876
      45.3524611911298052     -94.1698562560995498      16.3472230997624273      -0.0000000067432816      -0.0000000000082446      16.2570556680365215      45.3488208557266432     -94.1672699721692936      16.3482811555182543      -0.0000000066712870      -0.0000000000081762      16.2508504793364992
      45.7576081469866622     -94.8252413621527381      16.5974462598312087      -0.0000000099266316      -0.0000000000121101      16.5063343559624514      45.7539451481531216     -94.8226372977267431      16.5985091681527024      -0.0000000098205363      -0.0000000000120094      16.5000885593052828
      46.1627894334710547     -95.4806684846687546      16.8476912822214011      -0.0000000145842370      -0.0000000000177546      16.7556299480547786      46.1591037665885011     -95.4780466523086773      16.8487590321663880      -0.0000000144281956      -0.0000000000176067      16.7493435186928892
      46.5680049520959898     -96.1361287770254904      17.0979581066297506      -0.0000000213857851      -0.0000000000259815      17.0049423847573564      46.5642966107357736     -96.1334892007450605      17.0990306858389047      -0.0000000211567301      -0.0000000000257647      16.9986152954418728
      46.9732545609041026     -96.7916081101176218      17.3482466406781981      -0.0000000312993018      -0.0000000000379504      17.2542715800301600      46.9695235299125642     -96.7889508253195174      17.3493240340463615      -0.0000000309637153      -0.0000000000376331      17.2479037889599347
      47.3785380555331486     -97.4470839757606200      17.5985567407758197      -0.0000000457214650      -0.0000000000553320      17.5036174028850269      47.3747843043357619     -97.4444090357183939      17.5996389281981784      -0.0000000452307344      -0.0000000000548686      17.4972088395865200
      47.7838551565518301     -98.1025206785110981      17.8488882028190261      -0.0000000666637021      -0.0000000000805287      17.7529796697448141      47.7800786309068499     -98.0998281641930276      17.8499751543557785      -0.0000000659474505      -0.0000000000798531      17.7465302152278390
      47.8185958398500901     -98.1586760589707126      17.8703446521013944      -0.0000000687492620      -0.0000000000830369      17.7743527787280442      47.8148173568466888     -98.1559820747488772      17.8714320098184096      -0.0000000680105453      -0.0000000000823401      17.7678998094319063
