      -0.0000000000000513       0.0000000000000000       0.0017136303137714
      -0.0000000008800530       0.0000000000000000       0.0067346567279100
      -0.0000000017600837       0.0000000000000000       0.0117856466134667
      -0.0000000030801361       0.0000000000000000       0.0193621271657368
      -0.0000000050602291       0.0000000000000000       0.0307268383729082
      -0.0000000080304007       0.0000000000000000       0.0477738835364003
      -0.0000000124857306       0.0000000000000000       0.0733444025756666
      -0.0000000191688883       0.0000000000000000       0.1117000715462786
      -0.0000000291939917       0.0000000000000000       0.1692333284285225
      -0.0000000442324465       0.0000000000000000       0.2555326415543989
      -0.0000000667919784       0.0000000000000000       0.3849803408981264
      -0.0000001006354128       0.0000000000000000       0.5791490315888328
      -0.0000001514098714       0.0000000000000000       0.8703956362297858
      -0.0000002275924986       0.0000000000000000       1.3072510719946322
      -0.0000003419135481       0.0000000000000000       1.9625016635540176
      -0.0000005134973761       0.0000000000000000       2.6358260872532431
      -0.0000006899588166       0.0000000000000000       3.3091088230145100
      -0.0000008665559280       0.0000000000000000       3.9823499035686543
      -0.0000010432886435       0.0000000000000000       4.6555493188687374
      -0.0000012201569587       0.0000000000000000       5.3287070587387149
      -0.0000013971608688       0.0000000000000000       6.0018231128613504
      -0.0000015743003691       0.0000000000000000       6.6748974707510795
      -0.0000017515754546       0.0000000000000000       7.3479301217428636
      -0.0000019289861204       0.0000000000000000       8.0209210549927867
      -0.0000021065323617       0.0000000000000000       8.6938702594793451
      -0.0000022842141736       0.0000000000000000       9.3667777240008938
      -0.0000024620315510       0.0000000000000000      10.0396434371718630
      -0.0000026399844892       0.0000000000000000      10.7124673874181031
      -0.0000028180729830       0.0000000000000000      11.3852495629736286
      -0.0000029962970275       0.0000000000000000      12.0579899518768361
      -0.0000031746566177       0.0000000000000000      12.7306885419670639
      -0.0000033531517485       0.0000000000000000      13.4033453208807956
      -0.0000035317824148       0.0000000000000000      14.0759602760476952
      -0.0000037105486115       0.0000000000000000      14.7485333946866319
      -0.0000038894503336       0.0000000000000000      15.4210646638016016
      -0.0000040684875757       0.0000000000000000      16.0935540701777384
      -0.0000042476603328       0.0000000000000000      16.7660016003767218
      -0.0000044269685997       0.0000000000000000      17.4384072407327579
      -0.0000046064123710       0.0000000000000000      18.1107709773479790
      -0.0000047859916416       0.0000000000000000      18.7830927960877574
      -0.0000049657064061       0.0000000000000000      19.4553726825763249
      -0.0000051455566592       0.0000000000000000      20.1276106221917175
      -0.0000053255423955       0.0000000000000000      20.7998066000610251
      -0.0000055056636096       0.0000000000000000      21.4719606010552724
      -0.0000056859202961       0.0000000000000000      22.1440726097844482
      -0.0000058663124496       0.0000000000000000      22.8161426105920064
      -0.0000060468400645       0.0000000000000000      23.4881705875497175
      -0.0000062275031354       0.0000000000000000      24.1601565244520984
      -0.0000064083016566       0.0000000000000000      24.8321004048105713
      -0.0000065892356225       0.0000000000000000      25.5040022118477872
      -0.0000067703050276       0.0000000000000000      26.1758619284919796
      -0.0000069515098662       0.0000000000000000      26.8476795373702792
      -0.0000071328501324       0.0000000000000000      27.5194550208028659
      -0.0000073143258207       0.0000000000000000      28.1911883607968790
      -0.0000074959369251       0.0000000000000000      28.8628795390388930
      -0.0000076776834400       0.0000000000000000      29.5345285368892227
      -0.0000078595653593       0.0000000000000000      30.2061353353743201
      -0.0000080415826772       0.0000000000000000      30.8776999151795053
      -0.0000082237353877       0.0000000000000000      31.5492222566415919
      -0.0000084060234848       0.0000000000000000      32.2207023397397805
      -0.0000085884469625       0.0000000000000000      32.8921401440865537
      -0.0000087710058147       0.0000000000000000      33.5635356489157175
      -0.0000089537000352       0.0000000000000000      34.2348888330662930
      -0.0000091365296178       0.0000000000000000      34.9061996749658761
      -0.0000093194945564       0.0000000000000000      35.5774681525978309
      -0.0000095025948445       0.0000000000000000      36.2486942434712702
      -0.0000096858304759       0.0000000000000000      36.9198779245728019
      -0.0000098692014442       0.0000000000000000      37.5910191723159386
      -0.0000100527077429       0.0000000000000000      38.2621179624941092
      -0.0000102363493655       0.0000000000000000      38.9331742702600323
      -0.0000104201263053       0.0000000000000000      39.6041880701604612
      -0.0000106040385558       0.0000000000000000      40.2751593362562090
      -0.0000107880861103       0.0000000000000000      40.9460880423268776
      -0.0000109722689620       0.0000000000000000      41.6169741621060894
      -0.0000111565871042       0.0000000000000000      42.2878176694478114
      -0.0000113410405300       0.0000000000000000      42.9586185383364239
      -0.0000115256292325       0.0000000000000000      43.6293767427301304
      -0.0000117103532048       0.0000000000000000      44.3000922563059731
      -0.0000118952124399       0.0000000000000000      44.9707650522016067
      -0.0000120802069306       0.0000000000000000      45.6413951029413170
      -0.0000122653366699       0.0000000000000000      46.3119823798574544
      -0.0000124506016503       0.0000000000000000      46.9825268538448029
      -0.0000126360018646       0.0000000000000000      47.6530284945951053
      -0.0000128215373054       0.0000000000000000      48.3234872710600456
      -0.0000130072079652       0.0000000000000000      48.9939031513622822
      -0.0000131930138364       0.0000000000000000      49.6642761028217095
      -0.0000133789549113       0.0000000000000000      50.3346060919751750
      -0.0000135650311823       0.0000000000000000      51.0048930845914228
      -0.0000137512426414       0.0000000000000000      51.6751370456832859
      -0.0000139375892807       0.0000000000000000      52.3453379395147849
      -0.0000141240710923       0.0000000000000000      53.0154957296077569
      -0.0000143106880681       0.0000000000000000      53.6856103787445562
      -0.0000144974401998       0.0000000000000000      54.3556818489708249
      -0.0000146843274791       0.0000000000000000      55.0257101015929635
      -0.0000148713498978       0.0000000000000000      55.6956950971717504
      -0.0000150585074472       0.0000000000000000      56.3656367955108024
      -0.0000152458001188       0.0000000000000000      57.0355351556377457
      -0.0000154332279040       0.0000000000000000      57.7053901357807746
      -0.0000156207907938       0.0000000000000000      58.3752016933402800
      -0.0000158084887794       0.0000000000000000      59.0449697848580684
      -0.0000159963218518       0.0000000000000000      59.7146943659846272
      -0.0000161842900019       0.0000000000000000      60.3843753914475201
      -0.0000163723932202       0.0000000000000000      61.0540128150178845
      -0.0000165606314976       0.0000000000000000      61.7236065894825430
      -0.0000167490048244       0.0000000000000000      62.3931566666101602
      -0.0000169375131910       0.0000000000000000      63.0626629971255781
      -0.0000171261565876       0.0000000000000000      63.7321255306780898
      -0.0000173149350043       0.0000000000000000      64.4015442158120379
      -0.0000175038484310       0.0000000000000000      65.0709189999377742
      -0.0000176928968576       0.0000000000000000      65.7402498292993585
      -0.0000178820802737       0.0000000000000000      66.4095366489436145
      -0.0000180713986687       0.0000000000000000      67.0787794026862372
      -0.0000182608520320       0.0000000000000000      67.7479780330791783
      -0.0000184504403528       0.0000000000000000      68.4171324813747930
      -0.0000186401636201       0.0000000000000000      69.0862426874898574
      -0.0000188300218227       0.0000000000000000      69.7553085899682799
      -0.0000190200149492       0.0000000000000000      70.4243301259421486
      -0.0000192101429882       0.0000000000000000      71.0933072310920409
      -0.0000194004059280       0.0000000000000000      71.7622398396060817
      -0.0000195908037565       0.0000000000000000      72.4311278841357762
      -0.0000197813364619       0.0000000000000000      73.0999712957530363
      -0.0000199720040316       0.0000000000000000      73.7687700039046632
      -0.0000201628064533       0.0000000000000000      74.4375239363641725
      -0.0000203537437142       0.0000000000000000      75.1062330191822838
      -0.0000205448158014       0.0000000000000000      75.7748971766381203
      -0.0000207360227017       0.0000000000000000      76.4435163311844263
      -0.0000209273644016       0.0000000000000000      77.1120904033942764
      -0.0000211188408876       0.0000000000000000      77.7806193119050562
      -0.0000213104521457       0.0000000000000000      78.4491029733592313
      -0.0000215021981619       0.0000000000000000      79.1175413023434544
      -0.0000216940789216       0.0000000000000000      79.7859342113274295
      -0.0000218860944101       0.0000000000000000      80.4542816105973486
      -0.0000220782446126       0.0000000000000000      81.1225834081885893
      -0.0000222705295137       0.0000000000000000      81.7908395098155836
      -0.0000224629490979       0.0000000000000000      82.4590498187997269
      -0.0000226555033494       0.0000000000000000      83.1272142359951545
      -0.0000228481922518       0.0000000000000000      83.7953326597067871
      -0.0000230410157888       0.0000000000000000      84.4634049856125415
      -0.0000232339739433       0.0000000000000000      85.1314311066777520
      -0.0000234270666984       0.0000000000000000      85.7994109130672769
      -0.0000236202940363       0.0000000000000000      86.4673442920548894
      -0.0000238136559391       0.0000000000000000      87.1352311279275966
      -0.0000240071523885       0.0000000000000000      87.8030713018897160
      -0.0000242007833657       0.0000000000000000      88.4708646919581696
      -0.0000243945488516       0.0000000000000000      89.1386111728561872
      -0.0000245888334135       0.0000000000000000      89.8064907550385527
      -0.0000247830162820       0.0000000000000000      90.4743895425254436
      -0.0000249772094483       0.0000000000000000      91.1422479661587488
      -0.0000251715377345       0.0000000000000000      91.8100660297619839
      -0.0000253660010443       0.0000000000000000      92.4778437144593823
      -0.0000255605994624       0.0000000000000000      93.1455810213549853
      -0.0000257553329864       0.0000000000000000      93.8132779517448085
      -0.0000259502016126       0.0000000000000000      94.4809345068661202
      -0.0000261452053374       0.0000000000000000      95.1485506879542839
      -0.0000263403441575       0.0000000000000000      95.8161264962449764
      -0.0000265356180693       0.0000000000000000      96.4836619329742433
      -0.0000267310270694       0.0000000000000000      97.1511569993781023
      -0.0000269265711543       0.0000000000000000      97.8186116966917609
      -0.0000271222503205       0.0000000000000000      98.4860260261511939
      -0.0000273180645647       0.0000000000000000      99.1533999889921773
      -0.0000275140138833       0.0000000000000000      99.8207335864493075
      -0.0000277100982728       0.0000000000000000     100.4880268197582467
      -0.0000279063177299       0.0000000000000000     101.1552796901540745
      -0.0000281026722511       0.0000000000000000     101.8224921988725669
      -0.0000282991618328       0.0000000000000000     102.4896643471484623
      -0.0000284957864717       0.0000000000000000     103.1567961362166983
      -0.0000286925461642       0.0000000000000000     103.8238875673122976
      -0.0000288894409070       0.0000000000000000     104.4909386416695440
      -0.0000290864706965       0.0000000000000000     105.1579493605237872
      -0.0000292836355293       0.0000000000000000     105.8249197251096945
      -0.0000294809354020       0.0000000000000000     106.4918497366622461
      -0.0000296783703111       0.0000000000000000     107.1587393964148589
      -0.0000298759402530       0.0000000000000000     107.8255887056029536
      -0.0000300736452245       0.0000000000000000     108.4923976654610129
      -0.0000302714852219       0.0000000000000000     109.1591662772218712
      -0.0000304694602420       0.0000000000000000     109.8258945421210058
      -0.0000306675702811       0.0000000000000000     110.4925824613924874
      -0.0000308658153358       0.0000000000000000     111.1592300362700882
      -0.0000310641954027       0.0000000000000000     111.8258372679872821
      -0.0000312627104784       0.0000000000000000     112.4924041577787648
      -0.0000314613605593       0.0000000000000000     113.1589307068781096
      -0.0000316601456420       0.0000000000000000     113.8254169165184777
      -0.0000318590657231       0.0000000000000000     114.4918627879338828
      -0.0000320581207991       0.0000000000000000     115.1582683223579409
      -0.0000322573108666       0.0000000000000000     115.8246335210240119
      -0.0000324566359220       0.0000000000000000     116.4909583851652854
      -0.0000326560959620       0.0000000000000000     117.1572429160152780
      -0.0000328556909831       0.0000000000000000     117.8234871148077190
      -0.0000330554209818       0.0000000000000000     118.4896909827745333
      -0.0000332552859546       0.0000000000000000     119.1558545211501325
      -0.0000334552858982       0.0000000000000000     119.8219777311666832
      -0.0000336554208091       0.0000000000000000     120.4880606140565504
      -0.0000338556906838       0.0000000000000000     121.1541031710538903
      -0.0000340560955188       0.0000000000000000     121.8201054033904853
      -0.0000342566353108       0.0000000000000000     122.4860673122987151
      -0.0000344573100562       0.0000000000000000     123.1519888990118261
      -0.0000346581197516       0.0000000000000000     123.8178701647625957
      -0.0000348590643936       0.0000000000000000     124.4837111107829344
      -0.0000350601439787       0.0000000000000000     125.1495117383046818
      -0.0000352613585035       0.0000000000000000     125.8152720485608853
      -0.0000354627079644       0.0000000000000000     126.4809920427839813
      -0.0000356641923581       0.0000000000000000     127.1466717222045446
      -0.0000358658116811       0.0000000000000000     127.8123110880558073
      -0.0000360675659299       0.0000000000000000     128.4779101415690263
      -0.0000362694551012       0.0000000000000000     129.1434688839771070
      -0.0000364714791913       0.0000000000000000     129.8089873165110077
      -0.0000366736381970       0.0000000000000000     130.4744654404017865
      -0.0000368759321148       0.0000000000000000     131.1399032568824623
      -0.0000370783609411       0.0000000000000000     131.8053007671834393
      -0.0000372809246726       0.0000000000000000     132.4706579725359461
      -0.0000374836233058       0.0000000000000000     133.1359748741731153
      -0.0000376864568373       0.0000000000000000     133.8012514733237310
      -0.0000378896419392       0.0000000000000000     133.8582687239860434
