      -0.0000000000000946       0.0000000000000000       0.0000001818916948
      -0.0000000017599431       0.0000000000000000       0.0033685215978029
      -0.0000000030799069       0.0000000000000000       0.0058949103766282
      -0.0000000050598312       0.0000000000000000       0.0096845010339625
      -0.0000000080296823       0.0000000000000000       0.0153688998785985
      -0.0000000124843887       0.0000000000000000       0.0238955228626295
      -0.0000000191662900       0.0000000000000000       0.0366855108131942
      -0.0000000291887782       0.0000000000000000       0.0558706130369333
      -0.0000000442216856       0.0000000000000000       0.0846485379881402
      -0.0000000667691882       0.0000000000000000       0.1278160376072838
      -0.0000001005862839       0.0000000000000000       0.1925686359158537
      -0.0000001513025312       0.0000000000000000       0.2897005988892886
      -0.0000002273557841       0.0000000000000000       0.4354054384560583
      -0.0000003413881512       0.0000000000000000       0.6539782098240003
      -0.0000005123298049       0.0000000000000000       0.9818722653338903
      -0.0000006878666322       0.0000000000000000       1.3188749832157762
      -0.0000008632680330       0.0000000000000000       1.6559219242185721
      -0.0000010385337464       0.0000000000000000       1.9930130786328482
      -0.0000012136637786       0.0000000000000000       2.3301484363171316
      -0.0000013886581320       0.0000000000000000       2.6673279886199044
      -0.0000015635168055       0.0000000000000000       3.0045517278955360
      -0.0000017382397985       0.0000000000000000       3.3418196466616603
      -0.0000019128271119       0.0000000000000000       3.6791317371568608
      -0.0000020872787477       0.0000000000000000       4.0164879912244569
      -0.0000022615947081       0.0000000000000000       4.3538884003637630
      -0.0000024357749951       0.0000000000000000       4.6913329558234196
      -0.0000026098196103       0.0000000000000000       5.0288216486533139
      -0.0000027837285552       0.0000000000000000       5.3663544696867644
      -0.0000029575018314       0.0000000000000000       5.7039314095558229
      -0.0000031311394408       0.0000000000000000       6.0415524586355085
      -0.0000033046413852       0.0000000000000000       6.3792176070644100
      -0.0000034780076663       0.0000000000000000       6.7169268447190911
      -0.0000036512382862       0.0000000000000000       7.0546801612012446
      -0.0000038243332467       0.0000000000000000       7.3924775458459884
      -0.0000039972925500       0.0000000000000000       7.7303189877058269
      -0.0000041701161981       0.0000000000000000       8.0682044755402753
      -0.0000043428041930       0.0000000000000000       8.4061339978215006
      -0.0000045153565370       0.0000000000000000       8.7441075427107950
      -0.0000046877732322       0.0000000000000000       9.0821250980580643
      -0.0000048600542809       0.0000000000000000       9.4201866513702495
      -0.0000050321996856       0.0000000000000000       9.7582921898384978
      -0.0000052042094486       0.0000000000000000      10.0964417002941840
      -0.0000053760835723       0.0000000000000000      10.4346351692203640
      -0.0000055478220594       0.0000000000000000      10.7728725827153280
      -0.0000057194249125       0.0000000000000000      11.1111539265177051
      -0.0000058908921341       0.0000000000000000      11.4494791859530576
      -0.0000060622237273       0.0000000000000000      11.7878483459463119
      -0.0000062334196946       0.0000000000000000      12.1262613910170547
      -0.0000064044800391       0.0000000000000000      12.4647183052267110
      -0.0000065754047639       0.0000000000000000      12.8032190721922365
      -0.0000067461938720       0.0000000000000000      13.1417636750478515
      -0.0000069168473666       0.0000000000000000      13.4803520962277670
      -0.0000070873652511       0.0000000000000000      13.8189843164215702
      -0.0000072577475288       0.0000000000000000      14.1576603082301276
      -0.0000074279942031       0.0000000000000000      14.4963800004727812
      -0.0000075981052772       0.0000000000000000      14.8351430834465088
      -0.0000077680807526       0.0000000000000000      15.1739479897353604
      -0.0000079379206238       0.0000000000000000      15.5127867782964817
      -0.0000081076248662       0.0000000000000000      15.8516210291747814
      -0.0000082771934903       0.0000000000000000      16.1902832869888762
      -0.0000084466266816       0.0000000000000000      16.5282376426147124
      -0.0000086159245182       0.0000000000000000      16.8646600812675622
      -0.0000087850866226       0.0000000000000000      17.1993608674669218
      -0.0000089541128313       0.0000000000000000      17.5329061897785401
      -0.0000091230033655       0.0000000000000000      17.8658924267570640
      -0.0000092917584069       0.0000000000000000      18.1986474379025793
      -0.0000094603780156       0.0000000000000000      18.5313383995438627
      -0.0000096288621726       0.0000000000000000      18.8640249991136280
      -0.0000097972108185       0.0000000000000000      19.1967436484398242
      -0.0000099654239317       0.0000000000000000      19.5294805217396998
      -0.0000101335015058       0.0000000000000000      19.8622596987490958
      -0.0000103014435350       0.0000000000000001      20.1950801890041589
      -0.0000104692500477       0.0000000000000002      20.5279420453638473
      -0.0000106369210534       0.0000000000000007      20.8608452295853759
      -0.0000108044565611       0.0000000000000018      21.1937895580987288
      -0.0000109718565727       0.0000000000000053      21.5267752294089085
      -0.0000111391210966       0.0000000000000165      21.8598021614151854
      -0.0000113062501397       0.0000000000000493      22.1928704131350827
      -0.0000114732437101       0.0000000000001497      22.5259797114431102
      -0.0000116401018163       0.0000000000004529      22.8591300823366730
      -0.0000118068244673       0.0000000000013537      23.1923214672714870
      -0.0000119734116731       0.0000000000039665      23.5255536370721288
      -0.0000121398634427       0.0000000000114925      23.8588264745185974
      -0.0000123061797872       0.0000000000328543      24.1921392474436843
      -0.0000124723607181       0.0000000000926180      24.5254900955268589
      -0.0000126384062503       0.0000000002574106      24.8588740889122164
      -0.0000128043164068       0.0000000007049143      25.1922781743281554
      -0.0000129700912281       0.0000000018985620      25.5256683875968484
      -0.0000131357307778       0.0000000050040393      25.8589593624865230
      -0.0000133012351053       0.0000000127550727      26.1919508984836291
      -0.0000134666041364       0.0000000307054391      26.5242436462419136
      -0.0000136318376633       0.0000000674064650      26.8552120715722396
      -0.0000137969354844       0.0000001307352879      27.1842829040165910
      -0.0000139618975579       0.0000002223605738      27.5113226987117798
      -0.0000141267240588       0.0000003371840760      27.8367251955908905
      -0.0000142914152138       0.0000004678949442      28.1610151660472354
      -0.0000144559712830       0.0000006082542650      28.4846263526112011
      -0.0000146203923752       0.0000007539582558      28.8079009654442721
      -0.0000147846784917       0.0000009026549969      29.1310015618645437
      -0.0000149488295828       0.0000010529788704      29.4540244175096113
      -0.0000151128456383       0.0000012041742517      29.7770234269325194
      -0.0000152767266239       0.0000013558352030      30.1000448453398590
      -0.0000154404725202       0.0000015078561004      30.4230670963589738
      -0.0000156040833769       0.0000016599950587      30.7461160884122791
      -0.0000157675591854       0.0000018121783573      31.0691993838205072
      -0.0000159308999951       0.0000019643835844      31.3923192512032934
      -0.0000160941058303       0.0000021166040399      31.7154762737219009
      -0.0000162571767159       0.0000022688376569      32.0386705415718254
      -0.0000164201126913       0.0000024210837902      32.3619019893476505
      -0.0000165829137964       0.0000025733422276      32.6851704977531128
      -0.0000167455800794       0.0000027256128611      33.0084759328049984
      -0.0000169081115693       0.0000028778956202      33.3318181426942814
      -0.0000170705083269       0.0000030301905330      33.6551969625547613
      -0.0000172327704041       0.0000031824975109      33.9786117932276426
      -0.0000173948978531       0.0000033348145405      34.3020631126084865
      -0.0000175568907307       0.0000034871424935      34.6255506335941874
      -0.0000177187491052       0.0000036394818300      34.9490740998999030
      -0.0000178804730482       0.0000037918327312      35.2726332749627787
      -0.0000180420626423       0.0000039441951167      35.5962279404964335
      -0.0000182035179929       0.0000040965686831      35.9198579861866278
      -0.0000183648392525       0.0000042489528117      36.2435231087971559
      -0.0000185260266772       0.0000044013455568      36.5672227932491225
      -0.0000186870806594       0.0000045537406524      36.8909573621330225
      -0.0000188480015936       0.0000047061304486      37.2147267748288186
      -0.0000190087894102       0.0000048585058870      37.5385310722681922
      -0.0000191694436051       0.0000050108572833      37.8623703460157515
      -0.0000193299638178       0.0000051631708421      38.1862448843577340
      -0.0000194903501388       0.0000053154225619      38.5101554404152822
      -0.0000196506027544       0.0000054675699142      38.8341035952728362
      -0.0000198107217551       0.0000056195372210      39.1580924500111109
      -0.0000199707073693       0.0000057711909264      39.4821277790308471
      -0.0000201305600311       0.0000059222957879      39.8062200663169037
      -0.0000202902803523       0.0000060724330969      40.1303882879608906
      -0.0000204498688222       0.0000062208606480      40.4546664469728441
      -0.0000206093257843       0.0000063662988032      40.7791132338433329
      -0.0000207686515227       0.0000065066424169      41.1038260589278792
      -0.0000209278463779       0.0000066386745576      41.4289535747473607
      -0.0000210869107796       0.0000067580156908      41.7546979891966998
      -0.0000212458453022       0.0000068596879614      42.0812885017901692
      -0.0000214046505816       0.0000069394551264      42.4089193092222843
      -0.0000215633272179       0.0000069953595213      42.7376791974194177
      -0.0000217218757206       0.0000070283851626      43.0675214373151434
      -0.0000218802966202       0.0000070418176510      43.3982929245108195
      -0.0000220385905762       0.0000070399277339      43.7297948053690320
      -0.0000221958980027       0.0000070269263988      44.0620503092423874
      -0.0000223529726164       0.0000070063277468      44.3948816225472385
      -0.0000225107133067       0.0000069805295137      44.7279948344153482
      -0.0000226683412873       0.0000069512507766      45.0613092381399127
      -0.0000228258440378       0.0000069196761032      45.3947697023969852
      -0.0000229832113886       0.0000068866002901      45.7283399076453563
      -0.0000231404394388       0.0000068525476269      46.0619955707223809
      -0.0000232975287111       0.0000068178535453      46.3957114609553898
      -0.0000234544811788       0.0000067826550000      46.7294976268947408
      -0.0000236112982575       0.0000067471733952      47.0633417971809749
      -0.0000237679803465       0.0000067115329921      47.3972367121549496
      -0.0000239245272281       0.0000066758025892      47.7311783305621731
      -0.0000240809385572       0.0000066400202346      48.0651644443042940
      -0.0000242372141073       0.0000066042068413      48.3991938744511287
      -0.0000243933538712       0.0000065683736589      48.7332660066616938
      -0.0000245493579106       0.0000065325265619      49.0673805271370327
      -0.0000247052263173       0.0000064966685675      49.4015372770060139
      -0.0000248609591403       0.0000064608013541      49.7357361677232461
      -0.0000250165563805       0.0000064249260598      50.0699771434640084
      -0.0000251720180065       0.0000063890436255      50.4042601589318906
      -0.0000253273439940       0.0000063531548569      50.7385851765156843
      -0.0000254825343245       0.0000063172603536      51.0729521661778634
      -0.0000256375889850       0.0000062813604113      51.4073611258215877
      -0.0000257925079775       0.0000062454550850      51.7418120557221570
      -0.0000259472912900       0.0000062095441052      52.0763049668888058
      -0.0000261019389250       0.0000061736269370      52.4108398865154186
      -0.0000262564508896       0.0000061377029307      52.7454168517351789
      -0.0000264108271896       0.0000061017715174      53.0800358913999233
      -0.0000265650678363       0.0000060658323216      53.4146970239728844
      -0.0000267191728416       0.0000060298852731      53.7494002504631680
      -0.0000268731422203       0.0000059939306320      54.0841455585863784
      -0.0000270269759803       0.0000059579689785      54.4189329167380862
      -0.0000271806741212       0.0000059220010697      54.7537622871567820
      -0.0000273342366459       0.0000058860277375      55.0886336189470427
      -0.0000274876635446       0.0000058500497216      55.4235468729705190
      -0.0000276409548113       0.0000058140676501      55.7585020120814434
      -0.0000277941104362       0.0000057780819741      56.0934990130271416
      -0.0000279471304104       0.0000057420929814      56.4285378643050919
      -0.0000281000147254       0.0000057061008110      56.7636185656456504
      -0.0000282527633746       0.0000056701054840      57.0987411254088997
      -0.0000284053763554       0.0000056341069536      57.4339055545239958
      -0.0000285578536730       0.0000055981051605      57.7691118600629494
      -0.0000287101953329       0.0000055621000692      58.1043600418867285
      -0.0000288624013482       0.0000055260917348      58.4396500813674251
      -0.0000290144717326       0.0000054900803059      58.7749819269970075
      -0.0000291664064919       0.0000054540659728      59.1103554780224201
      -0.0000293182056202       0.0000054180489375      59.4457705212086580
      -0.0000294698690787       0.0000053820293889      59.7812264882343385
      -0.0000296213963764       0.0000053460074693      60.1167195412828761
      -0.0000297727882579       0.0000053099833494      60.4522464687553551
      -0.0000299240456775       0.0000052739570337      60.7878097255625605
      -0.0000300751673017       0.0000052379286086      61.1234122562954241
      -0.0000302261525033       0.0000052018981037      61.4590555326957499
      -0.0000303770017724       0.0000051658654247      61.7947402919073809
      -0.0000305277155479       0.0000051298305045      62.1304667396156063
      -0.0000306782938831       0.0000050937930729      62.4662349728885502
      -0.0000308287366668       0.0000050577529052      62.8020450284146960
      -0.0000309790437928       0.0000050217098442      63.1378968949696215
      -0.0000311292152402       0.0000049856638557      63.4737905797715172
      -0.0000312792510014       0.0000049496149835      63.8097260410638967
      -0.0000314291510943       0.0000049135633339      64.1457032308921953
      -0.0000315789155201       0.0000048775090558      64.4817220590551443
      -0.0000317285442768       0.0000048414522830      64.8177823987483208
      -0.0000318780373611       0.0000048053931245      65.1538840539600699
      -0.0000320273947710       0.0000047693316612      65.4900267049224709
      -0.0000321766165051       0.0000047332679346      65.8262098321493454
      -0.0000323257025479       0.0000046972019495      66.1624325824145387
      -0.0000324746528271       0.0000046611336821      66.4986935066632299
      -0.0000324871610746       0.0000046580424153      66.5275151929520234
