       0.0000000000000000       0.0000000000000000       0.0000000000000000       0.0000000000000000       0.0000000000000000       0.0000000000000000       0.0000000000000000       0.0000000000000000       0.0000000000000000       0.0000000000000000       0.0000000000000000       0.0000000000000000
       0.0000000000000000       0.0000000000000000       0.0000000000000000       0.0000000000000000       0.0000000000000000       0.0000000000000000       0.0000000000000000       0.0000000000000000       0.0000000000000000       0.0000000000000000       0.0000000000000000       0.0000000000000000
       0.0000000000000000       0.0000000000000000       0.0000000000000000       0.0000000000000000       0.0000000000000000       0.0000000000000000       0.0000000000000000       0.0000000000000000       0.0000000000000000       0.0000000000000000       0.0000000000000000       0.0000000000000000
       0.0000000000000000       0.0000000000000000       0.0000000000000000       0.0000000000000000       0.0000000000000000       0.0000000000000000       0.0000000000000000       0.0000000000000000       0.0000000000000000       0.0000000000000000       0.0000000000000000       0.0000000000000000
       0.0000000000000000       0.0000000000000000       0.0000000000000000       0.0000000000000000       0.0000000000000000       0.0000000000000000       0.0000000000000000       0.0000000000000000       0.0000000000000000       0.0000000000000000       0.0000000000000000       0.0000000000000000
       0.0000000000000000       0.0000000000000000       0.0000000000000000       0.0000000000000000       0.0000000000000000       0.0000000000000000       0.0000000000000000       0.0000000000000000       0.0000000000000000       0.0000000000000000       0.0000000000000000       0.0000000000000000
       0.0000000000000000       0.0000000000000000       0.0000000000000000       0.0000000000000000       0.0000000000000000       0.0000000000000000       0.0000000000000000       0.0000000000000000       0.0000000000000000       0.0000000000000000       0.0000000000000000       0.0000000000000000
       0.0000000000000000       0.0000000000000000       0.0000000000000000       0.0000000000000000       0.0000000000000000       0.0000000000000000       0.0000000000000000       0.0000000000000000       0.0000000000000000       0.0000000000000000       0.0000000000000000       0.0000000000000000
       0.0000000000000000       0.0000000000000000       0.0000000000000000       0.0000000000000000       0.0000000000000000       0.0000000000000000       0.0000000000000000       0.0000000000000000       0.0000000000000000       0.0000000000000000       0.0000000000000000       0.0000000000000000
       0.0000000000000000       0.0000000000000000       0.0000000000000000       0.0000000000000000       0.0000000000000000       0.0000000000000000       0.0000000000000000       0.0000000000000000       0.0000000000000000       0.0000000000000000       0.0000000000000000       0.0000000000000000
       0.0000000000000000       0.0000000000000000       0.0000000000000000       0.0000000000000000       0.0000000000000000       0.0000000000000000       0.0000000000000000       0.0000000000000000       0.0000000000000000       0.0000000000000000       0.0000000000000000       0.0000000000000000
       0.0000000000000000       0.0000000000000000       0.0000000000000000       0.0000000000000000       0.0000000000000000       0.0000000000000000       0.0000000000000000       0.0000000000000000       0.0000000000000000       0.0000000000000000       0.0000000000000000       0.0000000000000000
       0.0000000000000000       0.0000000000000000       0.0000000000000000       0.0000000000000000       0.0000000000000000       0.0000000000000000       0.0000000000000000       0.0000000000000000       0.0000000000000000       0.0000000000000000       0.0000000000000000       0.0000000000000000
       0.0000000000000000       0.0000000000000000       0.0000000000000000       0.0000000000000000       0.0000000000000000       0.0000000000000000       0.0000000000000000       0.0000000000000000       0.0000000000000000       0.0000000000000000       0.0000000000000000       0.0000000000000000
       0.0000000000000000       0.0000000000000000       0.0000000000000000       0.0000000000000000       0.0000000000000000       0.0000000000000000       0.0000000000000000       0.0000000000000000       0.0000000000000000       0.0000000000000000       0.0000000000000000       0.0000000000000000
       0.0000000000000000       0.0000000000000000       0.0000000000000000       0.0000000000000000       0.0000000000000000       0.0000000000000000       0.0000000000000000       0.0000000000000000       0.0000000000000000       0.0000000000000000       0.0000000000000000       0.0000000000000000
       0.0000000000000000       0.0000000000000000       0.0000000000000000       0.0000000000000000       0.0000000000000000       0.0000000000000000       0.0000000000000000       0.0000000000000000       0.0000000000000000       0.0000000000000000       0.0000000000000000       0.0000000000000000
       0.0000000000000000       0.0000000000000000       0.0000000000000000       0.0000000000000000       0.0000000000000000       0.0000000000000000       0.0000000000000000       0.0000000000000000       0.0000000000000000       0.0000000000000000       0.0000000000000000       0.0000000000000000
       0.0000000000000000       0.0000000000000000       0.0000000000000000       0.0000000000000000       0.0000000000000000       0.0000000000000000       0.0000000000000000       0.0000000000000000       0.0000000000000000       0.0000000000000000       0.0000000000000000       0.0000000000000000
       0.0000000000000000       0.0000000000000000       0.0000000000000000       0.0000000000000000       0.0000000000000000       0.0000000000000000       0.0000000000000000       0.0000000000000000       0.0000000000000000       0.0000000000000000       0.0000000000000000       0.0000000000000000
       0.0000000000000000       0.0000000000000000       0.0000000000000000       0.0000000000000000       0.0000000000000000       0.0000000000000000       0.0000000000000000       0.0000000000000000       0.0000000000000000       0.0000000000000000       0.0000000000000000       0.0000000000000000
       0.0000000000000000       0.0000000000000000       0.0000000000000000       0.0000000000000000       0.0000000000000000       0.0000000000000000       0.0000000000000000       0.0000000000000000       0.0000000000000000       0.0000000000000000       0.0000000000000000       0.0000000000000000
       0.0000000000000000       0.0000000000000000       0.0000000000000000       0.0000000000000000       0.0000000000000000       0.0000000000000000       0.0000000000000000       0.0000000000000000       0.0000000000000000       0.0000000000000000       0.0000000000000000       0.0000000000000000
       0.0000000000000000       0.0000000000000000       0.0000000000000000       0.0000000000000000       0.0000000000000000       0.0000000000000000       0.0000000000000000       0.0000000000000000       0.0000000000000000       0.0000000000000000       0.0000000000000000       0.0000000000000000
       0.0000000000000000       0.0000000000000000       0.0000000000000000       0.0000000000000000       0.0000000000000000       0.0000000000000000       0.0000000000000000       0.0000000000000000       0.0000000000000000       0.0000000000000000       0.0000000000000000       0.0000000000000000
       0.0000000000000000       0.0000000000000000       0.0000000000000000       0.0000000000000000       0.0000000000000000       0.0000000000000000       0.0000000000000000       0.0000000000000000       0.0000000000000000       0.0000000000000000       0.0000000000000000       0.0000000000000000
       0.0000000000000000       0.0000000000000000       0.0000000000000000       0.0000000000000000       0.0000000000000000       0.0000000000000000       0.0000000000000000       0.0000000000000000       0.0000000000000000       0.0000000000000000       0.0000000000000000       0.0000000000000000
       0.0000000000000000       0.0000000000000000       0.0000000000000000       0.0000000000000000       0.0000000000000000       0.0000000000000000       0.0000000000000000       0.0000000000000000       0.0000000000000000       0.0000000000000000       0.0000000000000000       0.0000000000000000
       0.0000000000000000       0.0000000000000000       0.0000000000000000       0.0000000000000000       0.0000000000000000       0.0000000000000000       0.0000000000000000       0.0000000000000000       0.0000000000000000       0.0000000000000000       0.0000000000000000       0.0000000000000000
       0.0000000000000000       0.0000000000000000       0.0000000000000000       0.0000000000000000       0.0000000000000000       0.0000000000000000       0.0000000000000000       0.0000000000000000       0.0000000000000000       0.0000000000000000       0.0000000000000000       0.0000000000000000
       0.0000000000000000       0.0000000000000000       0.0000000000000000       0.0000000000000000       0.0000000000000000       0.0000000000000000       0.0000000000000000       0.0000000000000000       0.0000000000000000       0.0000000000000000       0.0000000000000000       0.0000000000000000
       0.0000000000000000       0.0000000000000000       0.0000000000000000       0.0000000000000000       0.0000000000000000       0.0000000000000000       0.0000000000000000       0.0000000000000000       0.0000000000000000       0.0000000000000000       0.0000000000000000       0.0000000000000000
       0.0000000000000000       0.0000000000000000       0.0000000000000000       0.0000000000000000       0.0000000000000000       0.0000000000000000       0.0000000000000000       0.0000000000000000       0.0000000000000000       0.0000000000000000       0.0000000000000000       0.0000000000000000
       0.0000000000000000       0.0000000000000000       0.0000000000000000       0.0000000000000000       0.0000000000000000       0.0000000000000000       0.0000000000000000       0.0000000000000000       0.0000000000000000       0.0000000000000000       0.0000000000000000       0.0000000000000000
       0.0000000000000000       0.0000000000000000       0.0000000000000000       0.0000000000000000       0.0000000000000000       0.0000000000000000       0.0000000000000000       0.0000000000000000       0.0000000000000000       0.0000000000000000       0.0000000000000000       0.0000000000000000
       0.0000000000000000       0.0000000000000000       0.0000000000000000       0.0000000000000000       0.0000000000000000       0.0000000000000000       0.0000000000000000       0.0000000000000000       0.0000000000000000       0.0000000000000000       0.0000000000000000       0.0000000000000000
       0.0000000000000000       0.0000000000000000       0.0000000000000000       0.0000000000000000       0.0000000000000000       0.0000000000000000       0.0000000000000000       0.0000000000000000       0.0000000000000000       0.0000000000000000       0.0000000000000000       0.0000000000000000
       0.0000000000000000       0.0000000000000000       0.0000000000000000       0.0000000000000000       0.0000000000000000       0.0000000000000000       0.0000000000000000       0.0000000000000000       0.0000000000000000       0.0000000000000000       0.0000000000000000       0.0000000000000000
       0.0000000000000000       0.0000000000000000       0.0000000000000000       0.0000000000000000       0.0000000000000000       0.0000000000000000       0.0000000000000000       0.0000000000000000       0.0000000000000000       0.0000000000000000       0.0000000000000000       0.0000000000000000
       0.0000000000000000       0.0000000000000000       0.0000000000000000       0.0000000000000000       0.0000000000000000       0.0000000000000000       0.0000000000000000       0.0000000000000000       0.0000000000000000       0.0000000000000000       0.0000000000000000       0.0000000000000000
       0.0000000000000000       0.0000000000000000       0.0000000000000000       0.0000000000000000       0.0000000000000000       0.0000000000000000       0.0000000000000000       0.0000000000000000       0.0000000000000000       0.0000000000000000       0.0000000000000000       0.0000000000000000
       0.0000000000000000       0.0000000000000000       0.0000000000000000       0.0000000000000000       0.0000000000000000       0.0000000000000000       0.0000000000000000       0.0000000000000000       0.0000000000000000       0.0000000000000000       0.0000000000000000       0.0000000000000000
       0.0000000000000000       0.0000000000000000       0.0000000000000000       0.0000000000000000       0.0000000000000000       0.0000000000000000       0.0000000000000000       0.0000000000000000       0.0000000000000000       0.0000000000000000       0.0000000000000000       0.0000000000000000
       0.0000000000000000       0.0000000000000000       0.0000000000000000       0.0000000000000000       0.0000000000000000       0.0000000000000000       0.0000000000000000       0.0000000000000000       0.0000000000000000       0.0000000000000000       0.0000000000000000       0.0000000000000000
       0.0000000000000000       0.0000000000000000       0.0000000000000000       0.0000000000000000       0.0000000000000000       0.0000000000000000       0.0000000000000000       0.0000000000000000       0.0000000000000000       0.0000000000000000       0.0000000000000000       0.0000000000000000
       0.0000000000000000       0.0000000000000000       0.0000000000000000       0.0000000000000000       0.0000000000000000       0.0000000000000000       0.0000000000000000       0.0000000000000000       0.0000000000000000       0.0000000000000000       0.0000000000000000       0.0000000000000000
       0.0000000000000000       0.0000000000000000       0.0000000000000000       0.0000000000000000       0.0000000000000000       0.0000000000000000       0.0000000000000000       0.0000000000000000       0.0000000000000000       0.0000000000000000       0.0000000000000000       0.0000000000000000
       0.0000000000000000       0.0000000000000000       0.0000000000000000       0.0000000000000000       0.0000000000000000       0.0000000000000000       0.0000000000000000       0.0000000000000000       0.0000000000000000       0.0000000000000000       0.0000000000000000       0.0000000000000000
       0.0000000000000000       0.0000000000000000       0.0000000000000000       0.0000000000000000       0.0000000000000000       0.0000000000000000       0.0000000000000000       0.0000000000000000       0.0000000000000000       0.0000000000000000       0.0000000000000000       0.0000000000000000
       0.0000000000000000       0.0000000000000000       0.0000000000000000       0.0000000000000000       0.0000000000000000       0.0000000000000000       0.0000000000000000       0.0000000000000000       0.0000000000000000       0.0000000000000000       0.0000000000000000       0.0000000000000000
       0.0000000000000000       0.0000000000000000       0.0000000000000000       0.0000000000000000       0.0000000000000000       0.0000000000000000       0.0000000000000000       0.0000000000000000       0.0000000000000000       0.0000000000000000       0.0000000000000000       0.0000000000000000
       0.0000000000000000      -0.0000000000000003       0.0000000000000003       0.0000000000000000      -0.0000000000000003       0.0000000000000003       0.0000000000000000      -0.0000000000000003       0.0000000000000003       0.0000000000000000      -0.0000000000000003       0.0000000000000003
       0.0000000000000000      -0.0000000000000020       0.0000000000000020       0.0000000000000000      -0.0000000000000020       0.0000000000000020       0.0000000000000000      -0.0000000000000020       0.0000000000000020       0.0000000000000000      -0.0000000000000020       0.0000000000000020
       0.0000000000000000      -0.0000000000000122       0.0000000000000122       0.0000000000000000      -0.0000000000000122       0.0000000000000122       0.0000000000000000      -0.0000000000000122       0.0000000000000122       0.0000000000000000      -0.0000000000000122       0.0000000000000122
       0.0000000000000000      -0.0000000000000721       0.0000000000000724       0.0000000000000000      -0.0000000000000722       0.0000000000000724       0.0000000000000000      -0.0000000000000722       0.0000000000000725       0.0000000000000000      -0.0000000000000723       0.0000000000000725
       0.0000000000000000      -0.0000000000004105       0.0000000000004120       0.0000000000000000      -0.0000000000004111       0.0000000000004121       0.0000000000000000      -0.0000000000004110       0.0000000000004125       0.0000000000000000      -0.0000000000004115       0.0000000000004125
       0.0000000000000000      -0.0000000000022481       0.0000000000022563       0.0000000000000000      -0.0000000000022510       0.0000000000022564       0.0000000000000000      -0.0000000000022505       0.0000000000022587       0.0000000000000000      -0.0000000000022533       0.0000000000022587
       0.0000000000000000      -0.0000000000118623       0.0000000000119056       0.0000000000000000      -0.0000000000118774       0.0000000000119059       0.0000000000000000      -0.0000000000118746       0.0000000000119183       0.0000000000000000      -0.0000000000118897       0.0000000000119180
       0.0000000000000000      -0.0000000000603836       0.0000000000606039       0.0000000000000000      -0.0000000000604602       0.0000000000606055       0.0000000000000000      -0.0000000000604462       0.0000000000606683       0.0000000000000000      -0.0000000000605228       0.0000000000606667
       0.0000000000000000      -0.0000000002973046       0.0000000002983891       0.0000000000000000      -0.0000000002976815       0.0000000002983970       0.0000000000000000      -0.0000000002976127       0.0000000002987060       0.0000000000000000      -0.0000000002979899       0.0000000002986984
       0.0000000000000000      -0.0000000014164485       0.0000000014216144       0.0000000000000000      -0.0000000014182438       0.0000000014216523       0.0000000000000000      -0.0000000014179160       0.0000000014231244       0.0000000000000000      -0.0000000014197132       0.0000000014230881
       0.0000000000000000      -0.0000000065399505       0.0000000065637997       0.0000000000000000      -0.0000000065482398       0.0000000065639752       0.0000000000000000      -0.0000000065467258       0.0000000065707710       0.0000000000000000      -0.0000000065550235       0.0000000065706035
       0.0000000000000000      -0.0000000293005708       0.0000000294074100       0.0000000000000000      -0.0000000293377091       0.0000000294081972       0.0000000000000000      -0.0000000293309231       0.0000000294386407       0.0000000000000000      -0.0000000293680986       0.0000000294378896
       0.0000000000000000      -0.0000001275304767       0.0000001279954437       0.0000000000000000      -0.0000001276921198       0.0000001279988742       0.0000000000000000      -0.0000001276625715       0.0000001281313638       0.0000000000000000      -0.0000001278243764       0.0000001281280941
       0.0000000000000000      -0.0000005398397225       0.0000005418077266       0.0000000000000000      -0.0000005405239571       0.0000005418222647       0.0000000000000000      -0.0000005403988254       0.0000005423830320       0.0000000000000000      -0.0000005410837446       0.0000005423691874
       0.0000000000000000      -0.0000022247310795       0.0000022328404859       0.0000000000000000      -0.0000022275508390       0.0000022329004673       0.0000000000000000      -0.0000022270349460       0.0000022352111627       0.0000000000000000      -0.0000022298575251       0.0000022351540941
       0.0000000000000000      -0.0000089345698199       0.0000089671329115       0.0000000000000000      -0.0000089458936326       0.0000089673740449       0.0000000000000000      -0.0000089438209898       0.0000089766525189       0.0000000000000000      -0.0000089551561197       0.0000089764233028
       0.0000000000000000      -0.0000349979463291       0.0000351254723601       0.0000000000000000      -0.0000350422980181       0.0000351264174933       0.0000000000000000      -0.0000350341767845       0.0000351627544032       0.0000000000000000      -0.0000350785727693       0.0000351618568067
       0.0000000000000000      -0.0001338191682085       0.0001343065375673       0.0000000000000000      -0.0001339886852733       0.0001343101489542       0.0000000000000000      -0.0001339576330510       0.0001344490186063       0.0000000000000000      -0.0001341273192361       0.0001344455922039
       0.0000000000000000      -0.0004996829778752       0.0005015004277608       0.0000000000000000      -0.0005003151789439       0.0005015138595141       0.0000000000000000      -0.0005001993345865       0.0005020317157269       0.0000000000000000      -0.0005008321648703       0.0005020189861899
       0.0000000000000000      -0.0018210891076350       0.0018276890142486       0.0000000000000000      -0.0018233849877574       0.0018277374561641       0.0000000000000000      -0.0018229641749644       0.0018296179044477       0.0000000000000000      -0.0018252623253131       0.0018295720577939
       0.0000000000000000      -0.0064536170078131       0.0064767672773257       0.0000000000000000      -0.0064616704717542       0.0064769351301577       0.0000000000000000      -0.0064601935435566       0.0064835300173380       0.0000000000000000      -0.0064682548174690       0.0064833714286683
       0.0000000000000000      -0.0219054921128907       0.0219817682665468       0.0000000000000000      -0.0219320330664148       0.0219823120942639       0.0000000000000000      -0.0219271550247847       0.0220040309360172       0.0000000000000000      -0.0219537202443232       0.0220035181866404
       0.0000000000000000      -0.0688409539742502       0.0690625923692522       0.0000000000000000      -0.0689181416133277       0.0690641511727841       0.0000000000000000      -0.0689038472495657       0.0691271759933639       0.0000000000000000      -0.0689810950209382       0.0691257092258827
       0.0000000000000000      -0.1870143015559039       0.1875257226191277       0.0000000000000000      -0.1871927947287014       0.1875293607062606       0.0000000000000000      -0.1871591600661473       0.1876744048280103       0.0000000000000000      -0.1873377519478197       0.1876709834716291
       0.0000000000000000      -0.4139908390078345       0.4148773948837018       0.0000000000000000      -0.4143015203285965       0.4148840662758557       0.0000000000000000      -0.4142414823852557       0.4151348219338833       0.0000000000000000      -0.4145522632770617       0.4151285343453581
       0.0000000000000000      -0.7492612305643840       0.7504766660309765       0.0000000000000000      -0.7496895413884177       0.7504866205385941       0.0000000000000000      -0.7496046691037874       0.7508300096833807       0.0000000000000000      -0.7500330468501238       0.7508205928738095
       0.0000000000000000      -1.1614872750647454       1.1629270796257929       0.0000000000000000      -1.1619973471437075       1.1629398251705738       0.0000000000000000      -1.1618943166075946       1.1633466692890830       0.0000000000000000      -1.1624044205900514       1.1633345739241117
       0.0000000000000000      -1.6176377573551664       1.6192164750553193       0.0000000000000000      -1.6181990496570764       1.6192311829985759       0.0000000000000000      -1.6180842380148559       1.6196773639121855       0.0000000000000000      -1.6186455373796647       1.6196633819833934
       0.0000000000000000      -2.0967773731616095       2.0984398439621752       0.0000000000000000      -2.0973695601151756       2.0984557705580618       0.0000000000000000      -2.0972474430772285       2.0989254811647857       0.0000000000000000      -2.0978396235907715       2.0989103315589701
       0.0000000000000000      -2.5863136221417022       2.5880338366636217       0.0000000000000000      -2.5869270814749488       2.5880506081776775       0.0000000000000000      -2.5867998230101117       2.5885364103007600       0.0000000000000000      -2.5874132677742363       2.5885204551073806
       0.0000000000000000      -3.0809975073948705       3.0827610721182257       0.0000000000000000      -3.0816269917579375       3.0827785236734213       0.0000000000000000      -3.0814958218432364       3.0832764121740164       0.0000000000000000      -3.0821252868716473       3.0832598100186019
       0.0000000000000000      -3.5781524303722252       3.5799515831077433       0.0000000000000000      -3.5787951049565554       3.5799696298142769       0.0000000000000000      -3.5786607715167480       3.5804775244823999       0.0000000000000000      -3.5793034238595594       3.5804603570024862
       0.0000000000000000      -4.0764877734918850       4.0783173764724179       0.0000000000000000      -4.0771419930039734       4.0783359276383093       0.0000000000000000      -4.0770049161545456       4.0788526067960644       0.0000000000000000      -4.0776591115311174       4.0788349629125875
       0.0000000000000000      -4.5751018566250448       4.5769614022332350       0.0000000000000000      -4.5757670900186049       4.5769804226239774       0.0000000000000000      -4.5756274791212475       4.5775055654956027       0.0000000000000000      -4.5762926867460996       4.5774874799206993
       0.0000000000000000      -5.0743815774268572       5.0762693019562439       0.0000000000000000      -5.0750566163528550       5.0762886991617808       0.0000000000000000      -5.0749149221200689       5.0768215502023484       0.0000000000000000      -5.0755899342697646       5.0768031142545853
       0.0000000000000000      -5.5737941262492159       5.5757085644903279       0.0000000000000000      -5.5744788209982019       5.5757282938561907       0.0000000000000000      -5.5743350361180362       5.5762686962660091       0.0000000000000000      -5.5750197032472988       5.5762499547772961
       0.0000000000000000      -6.0732599905626676       6.0752009731939633       0.0000000000000000      -6.0739543139560936       6.0752210132193936       0.0000000000000000      -6.0738083947247903       6.0757688960321783       0.0000000000000000      -6.0745026896966099       6.0757498708282149
       0.0000000000000000      -6.5727682099948872       6.5747356605537979       0.0000000000000000      -6.5734721388230284       6.5747560117075468       0.0000000000000000      -6.5733240680372695       6.5753113343547813       0.0000000000000000      -6.5740279676342430       6.5752920252935319
       0.0000000000000000      -7.0723170924998495       7.0743109673039077       0.0000000000000000      -7.0730306020621008       7.0743316444075575       0.0000000000000000      -7.0728803967099818       7.0748943990028579       0.0000000000000000      -7.0735938761995127       7.0748747915857857
       0.0000000000000000      -7.5719064417513477       7.5739266884374734       0.0000000000000000      -7.5726295126756717       7.5739477024088311       0.0000000000000000      -7.5724771936521762       7.5745178902971775       0.0000000000000000      -7.5732002336347053       7.5744979739364409
       0.0000000000000000      -8.0715361871524891       8.0735827707231937       0.0000000000000000      -8.0722688082435070       8.0736041208141938       0.0000000000000000      -8.0721143833355775       8.0741817384111503       0.0000000000000000      -8.0728469726051824       8.0741615141963692
       0.0000000000000000      -8.5712062790343584       8.5732791855945969       0.0000000000000000      -8.5719484482880279       8.5733008649351383       0.0000000000000000      -8.5717919130724010       8.5738859056353238       0.0000000000000000      -8.5725340496239912       8.5738653807917782
       0.0000000000000000      -9.0709166931970220       9.0730159201973528       0.0000000000000000      -9.0716684140205412       9.0730379235801628       0.0000000000000000      -9.0715097605888264       9.0736303826991893       0.0000000000000000      -9.0722614478263530       9.0736095627975555
       0.0000000000000000      -9.5706674096355311       9.5727929595459802       0.0000000000000000      -9.5714286866333076       9.5728152864378018       0.0000000000000000      -9.5712679097415396       9.5734151631484448       0.0000000000000000      -9.5720291522589740       9.5733940490873817
       0.0000000000000000     -10.0704584320181478      10.0726103041619659       0.0000000000000000     -10.0712292678308550      10.0726329569548536       0.0000000000000000     -10.0710663659277913      10.0732402521578805       0.0000000000000000     -10.0718371663506989      10.0732188419077282
       0.0000000000000000     -10.5702897673637093      10.5724679579285663       0.0000000000000000     -10.5710701619013143      10.5724909389869595       0.0000000000000000     -10.5709051355023878      10.5731056529210434       0.0000000000000000     -10.5716854937254823      10.5730839444755169
       0.0000000000000000     -11.0701614199264942      11.0723659241695387       0.0000000000000000     -11.0709513721107502      11.0723892345425075       0.0000000000000000     -11.0707842215314631      11.0730113662599940       0.0000000000000000     -11.0715741364632798      11.0729893589264954
       0.0000000000000000     -11.5700733912673392      11.5723042051584546       0.0000000000000000     -11.5708729006168625      11.5723278448859226       0.0000000000000000     -11.5707036250225901      11.5729573928862930       0.0000000000000000     -11.5715030961701935      11.5729350869823193
       0.0000000000000000     -12.0700256822251735      12.0722828027095765       0.0000000000000000     -12.0708347492364130      12.0723067716283836       0.0000000000000000     -12.0706633469078923      12.0729437345036974       0.0000000000000000     -12.0714723747565245      12.0729211305514106
       0.0000000000000000     -12.5700182939888183      12.5723017185267079       0.0000000000000000     -12.5708369196972054      12.5723260167611546       0.0000000000000000     -12.5706633887135109      12.5729703934401744       0.0000000000000000     -12.5714819742869857      12.5729474916751442
       0.0000000000000000     -13.0700512283082393      13.0723609543056085       0.0000000000000000     -13.0708794137238957      13.0723855823070227       0.0000000000000000     -13.0707037524177334      13.0730373719465369       0.0000000000000000     -13.0715318967139531      13.0730141722773361
       0.0000000000000000     -13.5701244872660514      13.5724605118863995       0.0000000000000000     -13.5709622331215272      13.5724854702328646       0.0000000000000000     -13.5707844401354585      13.5731446720220603       0.0000000000000000     -13.5716221438745031      13.5731211742299980
       0.0000000000000000     -14.0702380730248446      14.0726003932810695       0.0000000000000000     -14.0710853798270783      14.0726256824974705       0.0000000000000000     -14.0709054539394547      14.0732922955359179       0.0000000000000000     -14.0717527176158850      14.0732684994551231
       0.0000000000000000     -14.5703919876837702      14.5727806005083931       0.0000000000000000     -14.5712488558771618      14.5728062210418567       0.0000000000000000     -14.5710667958544384      14.5734802443548137       0.0000000000000000     -14.5719236199003674      14.5734561498970603
       0.0000000000000000     -15.0705862332130440      15.0730011355900775       0.0000000000000000     -15.0714526633004020      15.0730270878396642       0.0000000000000000     -15.0712684678282542      15.0737085204300154       0.0000000000000000     -15.0721348527343260      15.0736841275552589
       0.0000000000000000     -15.5708208115109734      15.5732620004907183       0.0000000000000000     -15.5716968040730066      15.5732882848436489       0.0000000000000000     -15.5715104717671196      15.5739771257221236       0.0000000000000000     -15.5723864181018730      15.5739524344022726
       0.0000000000000000     -16.0710957245077672      16.0735631971582436       0.0000000000000000     -16.0719812801659678      16.0735898140159321       0.0000000000000000     -16.0717928096259648      16.0742860622179293       0.0000000000000000     -16.0726783179986690      16.0742610724107919
       0.0000000000000000     -16.5714109741409032      16.5739047275504134       0.0000000000000000     -16.5723060935134008      16.5739316773356080       0.0000000000000000     -16.5721154833553470      16.5746353319095618       0.0000000000000000     -16.5730105543718338      16.5746100435516084
       0.0000000000000000     -17.0717665623863724      17.0742865936199060       0.0000000000000000     -17.0726712460682677      17.0743138767586622       0.0000000000000000     -17.0724784949254342      17.0750249367472264       0.0000000000000000     -17.0733831291685405      17.0749993497715238
       0.0000000000000000     -17.5721624912238248      17.5747087973316845       0.0000000000000000     -17.5730767397985446      17.5747364142477096       0.0000000000000000     -17.5728818463184524      17.5754548786961209       0.0000000000000000     -17.5737960443592982      17.5754289930381127
       0.0000000000000000     -18.0725987626328148      18.0751713406599670       0.0000000000000000     -18.0735225766726906      18.0751992917771318       0.0000000000000000     -18.0733255395060439      18.0759251597226864       0.0000000000000000     -18.0742493019046719      18.0758989753176564
       0.0000000000000000     -18.1154923373069039      18.1180671669435291       0.0000000000000000     -18.1164169712288654      18.1180951467180336       0.0000000000000000     -18.1162197502442766      18.1188216491494956       0.0000000000000000     -18.1171443324293477      18.1187954391478279
