      -0.0000000000041380       0.0000000000000000       0.0000000772955506
      -0.0000000300045701       0.0000000000000000       0.0000000000000211
      -0.0000000600070644       0.0000000000000000      -0.0000000000000826
      -0.0000001050108030       0.0000000000000000      -0.0000000000002132
      -0.0000001725163983       0.0000000000000000      -0.0000000000005881
      -0.0000002737747628       0.0000000000000000      -0.0000000000014412
      -0.0000004256622455       0.0000000000000000      -0.0000000000032900
      -0.0000006534933253       0.0000000000000000      -0.0000000000076445
      -0.0000009952396207       0.0000000000000000      -0.0000000000175353
      -0.0000015078583339       0.0000000000000000      -0.0000000000399866
      -0.0000022767847616       0.0000000000000000      -0.0000000000907780
      -0.0000034301707992       0.0000000000000000      -0.0000000002034333
      -0.0000051602411815       0.0000000000000000      -0.0000000004636704
      -0.0000077553277001       0.0000000000000000      -0.0000000010500219
      -0.0000116479145803       0.0000000000000000      -0.0000000023810554
      -0.0000174863173363       0.0000000000000000      -0.0000000043049019
      -0.0000234859820346       0.0000000000000000      -0.0000000070487039
      -0.0000294855212732       0.0000000000000000      -0.0000000104966698
      -0.0000354849350695       0.0000000000000000      -0.0000000147074125
      -0.0000414842232049       0.0000000000000000      -0.0000000197298676
      -0.0000474833854533       0.0000000000000000      -0.0000000256062208
      -0.0000534824215803       0.0000000000000000      -0.0000000323791855
      -0.0000594813313431       0.0000000000000000      -0.0000000400919500
      -0.0000654801144901       0.0000000000000000      -0.0000000487882829
      -0.0000714787707608       0.0000000000000000      -0.0000000585122171
      -0.0000774772998849       0.0000000000000000      -0.0000000693082440
      -0.0000834757015827       0.0000000000000000      -0.0000000812211969
      -0.0000894739755638       0.0000000000000000      -0.0000000942960484
      -0.0000954721215274       0.0000000000000000      -0.0000001085777277
      -0.0001014701391615       0.0000000000000000      -0.0000001241114477
      -0.0001074680281426       0.0000000000000000      -0.0000001409421487
      -0.0001134657881348       0.0000000000000000      -0.0000001591145148
      -0.0001194634187901       0.0000000000000000      -0.0000001786730221
      -0.0001254609197470       0.0000000000000000      -0.0000001996615375
      -0.0001314582906303       0.0000000000000000      -0.0000002221233328
      -0.0001374555310509       0.0000000000000000      -0.0000002461007355
      -0.0001434526406042       0.0000000000000000      -0.0000002716351746
      -0.0001494496188706       0.0000000000000000      -0.0000002987668342
      -0.0001554464654138       0.0000000000000000      -0.0000003275344385
      -0.0001614431797807       0.0000000000000000      -0.0000003579749439
      -0.0001674397615005       0.0000000000000000      -0.0000003901233643
      -0.0001734362100837       0.0000000000000000      -0.0000004240124698
      -0.0001794325250214       0.0000000000000000      -0.0000004596723890
      -0.0001854287057844       0.0000000000000000      -0.0000004971303386
      -0.0001914247518222       0.0000000000000000      -0.0000005364102131
      -0.0001974206625622       0.0000000000000000      -0.0000005775321176
      -0.0002034164374084       0.0000000000000000      -0.0000006205119529
      -0.0002094120757401       0.0000000000000000      -0.0000006653608553
      -0.0002154075769115       0.0000000000000000      -0.0000007120848487
      -0.0002214029402495       0.0000000000000000      -0.0000007606839777
      -0.0002273981650530       0.0000000000000000      -0.0000008111518472
      -0.0002333932505914       0.0000000000000000      -0.0000008634748222
      -0.0002393881961030       0.0000000000000000      -0.0000009176313500
      -0.0002453830007935       0.0000000000000000      -0.0000009735909834
      -0.0002513776638344       0.0000000000000000      -0.0000010313135905
      -0.0002573721843609       0.0000000000000000      -0.0000010907482531
      -0.0002633665614708       0.0000000000000000      -0.0000011518323049
      -0.0002693607942217       0.0000000000000000      -0.0000012144899523
      -0.0002753548816293       0.0000000000000000      -0.0000012786311174
      -0.0002813488226650       0.0000000000000000      -0.0000013441499632
      -0.0002873426162540       0.0000000000000000      -0.0000014109232567
      -0.0002933362612719       0.0000000000000000      -0.0000014788087924
      -0.0002993297565427       0.0000000000000000      -0.0000015476434424
      -0.0003053231008359       0.0000000000000000      -0.0000016172411158
      -0.0003113162928629       0.0000000000000000      -0.0000016873905070
      -0.0003173093312742       0.0000000000000000      -0.0000017578527048
      -0.0003233022146559       0.0000000000000000      -0.0000018283583562
      -0.0003292949415257       0.0000000000000000      -0.0000018986048929
      -0.0003352875103291       0.0000000000000000      -0.0000019682531337
      -0.0003412799194350       0.0000000000000000      -0.0000020369237787
      -0.0003472721671311       0.0000000000000000      -0.0000021041934721
      -0.0003532642516194       0.0000000000000000      -0.0000021695905090
      -0.0003592561710103       0.0000000000000000      -0.0000022325900689
      -0.0003652479233173       0.0000000000000000      -0.0000022926089897
      -0.0003712395064508       0.0000000000000000      -0.0000023489999688
      -0.0003772309182118       0.0000000000000000      -0.0000024010452471
      -0.0003832221562845       0.0000000000000000      -0.0000024479495170
      -0.0003892132182288       0.0000000000000000      -0.0000024888321973
      -0.0003952041014725       0.0000000000000000      -0.0000025227188252
      -0.0004011949759938       0.0000000000000000      -0.0000025887753181
      -0.0004071862212315       0.0000000000000000      -0.0000026642312324
      -0.0004131776724375       0.0000000000000000      -0.0000027307510608
      -0.0004191690038990       0.0000000000000000      -0.0000028093244892
      -0.0004251602157984       0.0000000000000000      -0.0000028889812001
      -0.0004311513080411       0.0000000000000000      -0.0000029697577047
      -0.0004371422806323       0.0000000000000000      -0.0000030516443945
      -0.0004431331335766       0.0000000000000000      -0.0000031346411578
      -0.0004491238668788       0.0000000000000000      -0.0000032187478522
      -0.0004551144805437       0.0000000000000000      -0.0000033039643239
      -0.0004611049745761       0.0000000000000000      -0.0000033902904507
      -0.0004670953489808       0.0000000000000000      -0.0000034777260795
      -0.0004730856037624       0.0000000000000000      -0.0000035662710705
      -0.0004790757389259       0.0000000000000000      -0.0000036559252702
      -0.0004850657544760       0.0000000000000000      -0.0000037466885536
      -0.0004910556504175       0.0000000000000000      -0.0000038385607644
      -0.0004970454267550       0.0000000000000000      -0.0000039315417548
      -0.0005030350834935       0.0000000000000000      -0.0000040256314115
      -0.0005090246206377       0.0000000000000000      -0.0000041208295502
      -0.0005150140381924       0.0000000000000000      -0.0000042171360664
      -0.0005210033361623       0.0000000000000000      -0.0000043145508000
      -0.0005269925145522       0.0000000000000000      -0.0000044130736072
      -0.0005329815733669       0.0000000000000000      -0.0000045127043413
      -0.0005389705126112       0.0000000000000000      -0.0000046134428774
      -0.0005449593322899       0.0000000000000000      -0.0000047152890652
      -0.0005509480324076       0.0000000000000000      -0.0000048182427438
      -0.0005569366129692       0.0000000000000000      -0.0000049223038044
      -0.0005629250739795       0.0000000000000000      -0.0000050274720821
      -0.0005689134154433       0.0000000000000000      -0.0000051337474335
      -0.0005749016373652       0.0000000000000000      -0.0000052411297291
      -0.0005808897397501       0.0000000000000000      -0.0000053496188279
      -0.0005868777226028       0.0000000000000000      -0.0000054592145631
      -0.0005928655859280       0.0000000000000000      -0.0000055699168271
      -0.0005988526429951       0.0000000000000000      -0.0000055794564570
