      -0.0000000000039090       0.0000000000000000       0.0000000000328356
      -0.0000000724096782       0.0000000000000000      -0.0000000000023435
      -0.0000001267176181       0.0000000000000000       0.0000000000080656
      -0.0000002081794666       0.0000000000000000      -0.0000000000013785
      -0.0000003303722533       0.0000000000000000      -0.0000000000010448
      -0.0000005136615292       0.0000000000000000      -0.0000000000037864
      -0.0000007885956474       0.0000000000000000      -0.0000000000077382
      -0.0000012009972373       0.0000000000000000      -0.0000000000038831
      -0.0000018196005083       0.0000000000000000      -0.0000000000115027
      -0.0000027475073900       0.0000000000000000      -0.0000000000290378
      -0.0000041393721612       0.0000000000000000      -0.0000000000367050
      -0.0000062271793422       0.0000000000000000      -0.0000000000835595
      -0.0000093589126812       0.0000000000000000      -0.0000000001035565
      -0.0000140565634718       0.0000000000000000       0.0000000000220940
      -0.0000211031539142       0.0000000000000000       0.0000000009325705
      -0.0000283448546792       0.0000000000000000       0.0000000013494473
      -0.0000355867139439       0.0000000000000000       0.0000000008007659
      -0.0000428287180186       0.0000000000000000      -0.0000000002193220
      -0.0000500708669027       0.0000000000000000      -0.0000000016448778
      -0.0000573131605967       0.0000000000000000      -0.0000000034712752
      -0.0000645555991007       0.0000000000000000      -0.0000000056903620
      -0.0000717981824147       0.0000000000000000      -0.0000000082985424
      -0.0000790409105387       0.0000000000000000      -0.0000000113035249
      -0.0000862837834727       0.0000000000000000      -0.0000000147194104
      -0.0000935268012167       0.0000000000000000      -0.0000000185279428
      -0.0001007699637706       0.0000000000000000      -0.0000000227393421
      -0.0001080132711344       0.0000000000000000      -0.0000000273476462
      -0.0001152567233081       0.0000000000000000      -0.0000000323452489
      -0.0001225003202918       0.0000000000000000      -0.0000000377508691
      -0.0001297440620854       0.0000000000000000      -0.0000000435448331
      -0.0001369879486889       0.0000000000000000      -0.0000000497389940
      -0.0001442319801024       0.0000000000000000      -0.0000000563339784
      -0.0001514761563257       0.0000000000000000      -0.0000000633250034
      -0.0001587204773590       0.0000000000000000      -0.0000000707053913
      -0.0001659649432022       0.0000000000000000      -0.0000000784917568
      -0.0001732095538552       0.0000000000000000      -0.0000000866678348
      -0.0001804543093182       0.0000000000000000      -0.0000000952440049
      -0.0001876992095910       0.0000000000000000      -0.0000001042125330
      -0.0001949442546737       0.0000000000000000      -0.0000001135779917
      -0.0002021894445663       0.0000000000000000      -0.0000001233371179
      -0.0002094347792688       0.0000000000000000      -0.0000001334972005
      -0.0002166802587811       0.0000000000000000      -0.0000001440486775
      -0.0002239258831034       0.0000000000000000      -0.0000001549999837
      -0.0002311716522354       0.0000000000000000      -0.0000001663398819
      -0.0002384175661774       0.0000000000000000      -0.0000001780788159
      -0.0002456636249291       0.0000000000000000      -0.0000001902036183
      -0.0002529098284908       0.0000000000000000      -0.0000002027386130
      -0.0002601561768623       0.0000000000000000      -0.0000002156614037
      -0.0002674026700436       0.0000000000000000      -0.0000002289816765
      -0.0002746493080347       0.0000000000000000      -0.0000002426862805
      -0.0002818960908357       0.0000000000000000      -0.0000002567870801
      -0.0002891430184465       0.0000000000000000      -0.0000002712877909
      -0.0002963900908671       0.0000000000000000      -0.0000002861681144
      -0.0003036373080975       0.0000000000000000      -0.0000003014530085
      -0.0003108846701378       0.0000000000000000      -0.0000003171444842
      -0.0003181321769878       0.0000000000000000      -0.0000003332047433
      -0.0003253798286477       0.0000000000000000      -0.0000003496688182
      -0.0003326276251173       0.0000000000000000      -0.0000003665228048
      -0.0003398755663968      -0.0000000000000001      -0.0000003837746919
      -0.0003471236524861      -0.0000000000000003      -0.0000004014102889
      -0.0003543718833854      -0.0000000000000013      -0.0000004194503894
      -0.0003616202590955      -0.0000000000000061      -0.0000004378740759
      -0.0003688687796198      -0.0000000000000274      -0.0000004566884389
      -0.0003761174449728      -0.0000000000001192      -0.0000004758929856
      -0.0003833662552145      -0.0000000000005045      -0.0000004954774313
      -0.0003906152105853      -0.0000000000020781      -0.0000005153793538
      -0.0003978643120244      -0.0000000000083319      -0.0000005354741508
      -0.0004051135630852      -0.0000000000324594      -0.0000005550941176
      -0.0004123629766636      -0.0000000001221641      -0.0000005720662798
      -0.0004196125974879      -0.0000000004416463      -0.0000005792824839
      -0.0004268625774340      -0.0000000015452589      -0.0000005512519649
      -0.0004341134258485      -0.0000000052909623      -0.0000003979397798
      -0.0004413667468084      -0.0000000175645796       0.0000001403105094
      -0.0004486269033981      -0.0000000543421187       0.0000016238825986
      -0.0004559021860113      -0.0000001459903226       0.0000040580201936
      -0.0004632003140975      -0.0000003207560094       0.0000048467970943
      -0.0004705210723498      -0.0000005778877430       0.0000027325998661
      -0.0004778579077836      -0.0000008933918438       0.0000005898481169
      -0.0004852039698347      -0.0000012423742392      -0.0000004209298454
      -0.0004925549173347      -0.0000016085579345      -0.0000007008509843
      -0.0004999081466302      -0.0000019829176219      -0.0000008715669076
      -0.0005072625617686      -0.0000023612696058      -0.0000009399876902
      -0.0005146176063759      -0.0000027415317985      -0.0000009840220922
      -0.0005219729685835      -0.0000031227072860      -0.0000008930865946
      -0.0005293285851359      -0.0000035044081510      -0.0000011038529801
      -0.0005366844210367      -0.0000038863751221      -0.0000011280576394
      -0.0005440403930271      -0.0000042684105206      -0.0000011477959580
      -0.0005513964883768      -0.0000046504838044      -0.0000011766335937
      -0.0005587527048660      -0.0000050325897003      -0.0000012068631916
      -0.0005661090420718      -0.0000054147270662      -0.0000012375482072
      -0.0005734654998715      -0.0000057968955407      -0.0000012685955431
      -0.0005808220781999      -0.0000061790949744      -0.0000013000832064
      -0.0005881787770573      -0.0000065613253365      -0.0000013319209693
      -0.0005955355964202      -0.0000069435865468      -0.0000013641669366
      -0.0006028925362717      -0.0000073258785892      -0.0000013968168941
      -0.0006102495966048      -0.0000077082014616      -0.0000014298755533
      -0.0006176067774144      -0.0000080905551645      -0.0000014633349781
      -0.0006249640786964      -0.0000084729396994      -0.0000014972176260
      -0.0006323215004466      -0.0000088553550677      -0.0000015315015387
      -0.0006396790426604      -0.0000092378012708      -0.0000015661922157
      -0.0006470367053337      -0.0000096202783103      -0.0000016012890527
      -0.0006543944884619      -0.0000100027861877      -0.0000016368018870
      -0.0006617523920406      -0.0000103853249044      -0.0000016727209567
      -0.0006691104160654      -0.0000107678944621      -0.0000017090420685
      -0.0006764685605321      -0.0000111504948621      -0.0000017457761574
      -0.0006838268254362      -0.0000115331261059      -0.0000017829225927
      -0.0006911852107733      -0.0000119157881952      -0.0000018204786328
      -0.0006985437165390      -0.0000122984811313      -0.0000018584095507
      -0.0007059023427292      -0.0000126812049158      -0.0000018967810261
      -0.0007132610893393      -0.0000130639595502      -0.0000019355469115
      -0.0007206199563649      -0.0000134467450360      -0.0000019747252765
      -0.0007279789438017      -0.0000138295613746      -0.0000020143108297
      -0.0007286101335345      -0.0000138623727224      -0.0000020154112372
