       0.0000000000000000       0.0000000000000000       0.0000000000494752
      -0.0000000000000050       0.0000000000000000      -0.0000000014133622
      -0.0000000000000200       0.0000000000000000      -0.0000000043284298
      -0.0000000000000612       0.0000000000000000      -0.0000000116824801
      -0.0000000000001653       0.0000000000000000      -0.0000000294214449
      -0.0000000000004162       0.0000000000000000      -0.0000000711229868
      -0.0000000000010061       0.0000000000000000      -0.0000001676347088
      -0.0000000000023713       0.0000000000000000      -0.0000003888109838
      -0.0000000000054999       0.0000000000000000      -0.0000008924948605
      -0.0000000000126247       0.0000000000000000      -0.0000020348394652
      -0.0000000000287835       0.0000000000000000      -0.0000046186986367
      -0.0000000000653331       0.0000000000000000      -0.0000104527575387
      -0.0000000001478579       0.0000000000000000      -0.0000236099536638
      -0.0000000003339711       0.0000000000000000      -0.0000532594903797
      -0.0000000007533740       0.0000000000000000      -0.0001200397160448
      -0.0000000016979678       0.0000000000000000      -0.0002165536612931
      -0.0000000030631287       0.0000000000000000      -0.0003413353519022
      -0.0000000048281222       0.0000000000000000      -0.0004943847870727
      -0.0000000069929481       0.0000000000000000      -0.0006757019657316
      -0.0000000095576067       0.0000000000000000      -0.0008852868866491
      -0.0000000125220977       0.0000000000000000      -0.0011231395482650
      -0.0000000158864212       0.0000000000000000      -0.0013892599489499
      -0.0000000196505772       0.0000000000000000      -0.0016836480868470
      -0.0000000238145657       0.0000000000000000      -0.0020063039598656
      -0.0000000283783866       0.0000000000000000      -0.0023572275657124
      -0.0000000333420399       0.0000000000000000      -0.0027364189018714
      -0.0000000387055257       0.0000000000000000      -0.0031438779656639
      -0.0000000444688438       0.0000000000000000      -0.0035796047541937
      -0.0000000506319944       0.0000000000000000      -0.0040435992643993
      -0.0000000571949772       0.0000000000000000      -0.0045358614929302
      -0.0000000641577924       0.0000000000000000      -0.0050563914362992
      -0.0000000715204399       0.0000000000000000      -0.0056051890907616
      -0.0000000792829197       0.0000000000000000      -0.0061822544524450
      -0.0000000874452316       0.0000000000000000      -0.0067875875171835
      -0.0000000960073758       0.0000000000000000      -0.0074211882807356
      -0.0000001049693522       0.0000000000000000      -0.0080830567384539
      -0.0000001143311606       0.0000000000000000      -0.0087731928857047
      -0.0000001240928012       0.0000000000000000      -0.0094915967175511
      -0.0000001342542738       0.0000000000000000      -0.0102382682287942
      -0.0000001448155785       0.0000000000000000      -0.0110132074141970
      -0.0000001557767151       0.0000000000000000      -0.0118164142680970
      -0.0000001671376837       0.0000000000000000      -0.0126478887848084
      -0.0000001788984842       0.0000000000000000      -0.0135076309584175
      -0.0000001910591165       0.0000000000000000      -0.0143956407827054
      -0.0000002036195806       0.0000000000000000      -0.0153119182513150
      -0.0000002165798765       0.0000000000000000      -0.0162564633577174
      -0.0000002299400040       0.0000000000000000      -0.0172292760951910
      -0.0000002436999632       0.0000000000000000      -0.0182303564566701
      -0.0000002578597541       0.0000000000000000      -0.0192597044350405
      -0.0000002724193764       0.0000000000000000      -0.0203173200229084
      -0.0000002873788303       0.0000000000000000      -0.0214032032127163
      -0.0000003027381155       0.0000000000000000      -0.0225173539966366
      -0.0000003184972322       0.0000000000000000      -0.0236597723667783
      -0.0000003346561801       0.0000000000000000      -0.0248304583148704
      -0.0000003512149593       0.0000000000000000      -0.0260294118328079
      -0.0000003681735697       0.0000000000000001      -0.0272566329129906
      -0.0000003855320112       0.0000000000000004      -0.0285121215524725
      -0.0000004032902835       0.0000000000000021      -0.0297958777727313
      -0.0000004214483857       0.0000000000000110      -0.0311079017183852
      -0.0000004400063135       0.0000000000000543      -0.0324481941142071
      -0.0000004589640492       0.0000000000002499      -0.0338167581356114
      -0.0000004783215427       0.0000000000009678      -0.0352136039786781
      -0.0000004980787784       0.0000000000026138      -0.0366387441356554
      -0.0000005182359292       0.0000000000046257      -0.0380921669072694
      -0.0000005387930580       0.0000000000061504      -0.0395738509800347
      -0.0000005597500285       0.0000000000070897      -0.0410837920674251
      -0.0000005811067796       0.0000000000076774      -0.0426219944818702
      -0.0000006028633261       0.0000000000080974      -0.0441884617598474
      -0.0000006250196832       0.0000000000084491      -0.0457831960809546
      -0.0000006475758632       0.0000000000087731      -0.0474061981966924
      -0.0000006705318683       0.0000000000090883      -0.0490574685302402
      -0.0000006938877019       0.0000000000094002      -0.0507370070196144
      -0.0000007176433611       0.0000000000097172      -0.0524448139128826
      -0.0000007417988481       0.0000000000100395      -0.0541808892001686
      -0.0000007663541627       0.0000000000103670      -0.0559452328660592
      -0.0000007913093051       0.0000000000106998      -0.0577378448982392
      -0.0000008166642751       0.0000000000110377      -0.0595587252839661
      -0.0000008424190725       0.0000000000113808      -0.0614078740102529
      -0.0000008685736973       0.0000000000117292      -0.0632852910637067
      -0.0000008951281493       0.0000000000120828      -0.0651909764309097
      -0.0000009220824286       0.0000000000124416      -0.0671249300981281
      -0.0000009494365349       0.0000000000128056      -0.0690871520514734
      -0.0000009771904681       0.0000000000131748      -0.0710776422768789
      -0.0000010053442282       0.0000000000135492      -0.0730964007600380
      -0.0000010338978151       0.0000000000139288      -0.0751434274864837
      -0.0000010628512286       0.0000000000143137      -0.0772187224414437
      -0.0000010922044686       0.0000000000147037      -0.0793222856100420
      -0.0000011219575351       0.0000000000150990      -0.0814541169772201
      -0.0000011521104278       0.0000000000154995      -0.0836142165276001
      -0.0000011826631468       0.0000000000159052      -0.0858025842457078
      -0.0000012136156918       0.0000000000163161      -0.0880192201157707
      -0.0000012449680628       0.0000000000167323      -0.0902641241219105
      -0.0000012767202596       0.0000000000171536      -0.0925372962480036
      -0.0000013088722821       0.0000000000175802      -0.0948387364776713
      -0.0000013414241303       0.0000000000180119      -0.0971684447944263
      -0.0000013743758039       0.0000000000184489      -0.0995264211815082
      -0.0000014077273028       0.0000000000188911      -0.1019126656220238
      -0.0000014414786270       0.0000000000193385      -0.1043271780987450
      -0.0000014756297763       0.0000000000197911      -0.1067699585943693
      -0.0000015101807505       0.0000000000202490      -0.1092410070913240
      -0.0000015451315496       0.0000000000207120      -0.1117403235718964
      -0.0000015804821733       0.0000000000211803      -0.1142679080180712
      -0.0000016162326216       0.0000000000216537      -0.1168237604117526
      -0.0000016523828944       0.0000000000221324      -0.1194078807345324
      -0.0000016889329914       0.0000000000226163      -0.1220202689678232
      -0.0000017258829126       0.0000000000231054      -0.1246609250928674
      -0.0000017632326578       0.0000000000235998      -0.1273298490906984
      -0.0000018009822269       0.0000000000240993      -0.1300270409421440
      -0.0000018391316197       0.0000000000246040      -0.1327525006278085
      -0.0000018776808361       0.0000000000251140      -0.1355062281280850
      -0.0000019166298759       0.0000000000256292      -0.1382882234232264
      -0.0000019559787390       0.0000000000261496      -0.1410984864931886
      -0.0000019957274252       0.0000000000266752      -0.1439370173178264
      -0.0000020358759345       0.0000000000272060      -0.1468038158766695
      -0.0000020764242665       0.0000000000277420      -0.1496988821491962
      -0.0000021173724213       0.0000000000282832      -0.1526222161145248
      -0.0000021587203986       0.0000000000288297      -0.1555738177516212
      -0.0000022004681982       0.0000000000293814      -0.1585536870394289
      -0.0000022426158201       0.0000000000299382      -0.1615618239563462
      -0.0000022851632640       0.0000000000305003      -0.1645982284808349
      -0.0000023281105298       0.0000000000310676      -0.1676629005910894
      -0.0000023714576173       0.0000000000316402      -0.1707558402650093
      -0.0000024152045264       0.0000000000322179      -0.1738770474804236
      -0.0000024593512569       0.0000000000328008      -0.1770265222148543
      -0.0000025038978086       0.0000000000333890      -0.1802042644456912
      -0.0000025488441814       0.0000000000339824      -0.1834102741500733
      -0.0000025941903751       0.0000000000345809      -0.1866445513049514
      -0.0000026399363894       0.0000000000351847      -0.1899070958870574
      -0.0000026860822244       0.0000000000357937      -0.1931979078730075
      -0.0000027326278797       0.0000000000364080      -0.1965169872390546
      -0.0000027795733552       0.0000000000370274      -0.1998643339614082
      -0.0000028269186507       0.0000000000376520      -0.2032399480159670
      -0.0000028746637660       0.0000000000382819      -0.2066438293784280
      -0.0000029228087010       0.0000000000389170      -0.2100759780243734
      -0.0000029713534555       0.0000000000395573      -0.2135363939291260
      -0.0000030202980293       0.0000000000402028      -0.2170250770677693
      -0.0000030696424222       0.0000000000408535      -0.2205420274152725
      -0.0000031193866339       0.0000000000415094      -0.2240872449463155
      -0.0000031695306645       0.0000000000421705      -0.2276607296353939
      -0.0000032200745135       0.0000000000428369      -0.2312624814568052
      -0.0000032710181809       0.0000000000435084      -0.2348925003847360
      -0.0000033223616665       0.0000000000441852      -0.2385507863929939
      -0.0000033741049700       0.0000000000448672      -0.2422373394553227
      -0.0000034262480913       0.0000000000455544      -0.2459521595451705
      -0.0000034787910301       0.0000000000462468      -0.2496952466359059
      -0.0000035317337863       0.0000000000469444      -0.2534666007005644
      -0.0000035850763597       0.0000000000476473      -0.2572662217119714
      -0.0000036388187500       0.0000000000483553      -0.2610941096429131
      -0.0000036929609571       0.0000000000490686      -0.2649502644657558
      -0.0000037475029808       0.0000000000497871      -0.2688346861528872
      -0.0000038024448208       0.0000000000505108      -0.2727473746762893
      -0.0000038577864770       0.0000000000512397      -0.2766883300078465
      -0.0000039135279490       0.0000000000519738      -0.2806575521191952
      -0.0000039696692368       0.0000000000527131      -0.2846550409818524
      -0.0000040262103401       0.0000000000534576      -0.2886807965670703
      -0.0000040831512588       0.0000000000542074      -0.2927348188458230
      -0.0000041404919924       0.0000000000549624      -0.2968171077890174
      -0.0000041982325410       0.0000000000557225      -0.3009276633672728
      -0.0000042563729042       0.0000000000564879      -0.3050664855510255
      -0.0000043149130818       0.0000000000572585      -0.3092335743105425
      -0.0000043738530736       0.0000000000580344      -0.3134289296158418
      -0.0000044331928794       0.0000000000588154      -0.3176525514367207
      -0.0000044929316801       0.0000000000588825      -0.3180158622565366
      -0.0000044980703400       0.0000000000588864      -0.3179946626407307
      -0.0000044977704439       0.0000000000588900      -0.3179734636224611
      -0.0000044974705872       0.0000000000588954      -0.3179416664172393
      -0.0000044970208269       0.0000000000589028      -0.3178939736019293
      -0.0000044963462185       0.0000000000589130      -0.3178224410380492
      -0.0000044953343927       0.0000000000589262      -0.3177151571360381
      -0.0000044938168671       0.0000000000589422      -0.3175542649388424
      -0.0000044915410630       0.0000000000589596      -0.3173130025129596
      -0.0000044881284422       0.0000000000589754      -0.3169512798751764
      -0.0000044830119472       0.0000000000589846      -0.3164090812832313
      -0.0000044753426806       0.0000000000589817      -0.3155966516501854
      -0.0000044638510963       0.0000000000589629      -0.3143799627792601
      -0.0000044466414219       0.0000000000589310      -0.3125593326453484
      -0.0000044208892313       0.0000000000588987      -0.3098382987881424
      -0.0000043824011711       0.0000000000588800      -0.3057790510748216
      -0.0000043249851819       0.0000000000588742      -0.3016354657213088
      -0.0000042663763359       0.0000000000588727      -0.2975201459702559
      -0.0000042081673073       0.0000000000588723      -0.2934330918406990
      -0.0000041503580948       0.0000000000588722      -0.2893743033476736
      -0.0000040929486988       0.0000000000588722      -0.2853437805143955
      -0.0000040359391201       0.0000000000588722      -0.2813415233682127
      -0.0000039793293589       0.0000000000588722      -0.2773675319378811
      -0.0000039231194156       0.0000000000588722      -0.2734218062522015
      -0.0000038673092901       0.0000000000588722      -0.2695043463395670
      -0.0000038118989828       0.0000000000588722      -0.2656151522282760
      -0.0000037568884938       0.0000000000588722      -0.2617542239463146
      -0.0000037022778233       0.0000000000588722      -0.2579215615214738
      -0.0000036480669716       0.0000000000588722      -0.2541171649814334
      -0.0000035942559388       0.0000000000588722      -0.2503410343536652
      -0.0000035408447252       0.0000000000588722      -0.2465931696653186
      -0.0000034878333309       0.0000000000588722      -0.2428735709434616
      -0.0000034352217561       0.0000000000588722      -0.2391822382148771
      -0.0000033830100012       0.0000000000588722      -0.2355191715061859
      -0.0000033311980661       0.0000000000588722      -0.2318843708438801
      -0.0000032797859512       0.0000000000588722      -0.2282778362540405
      -0.0000032287736566       0.0000000000588722      -0.2246995677627390
      -0.0000031781611825       0.0000000000588722      -0.2211495653958002
      -0.0000031279485292       0.0000000000588722      -0.2176278291787827
      -0.0000030781356967       0.0000000000588722      -0.2141343591370951
      -0.0000030287226853       0.0000000000588722      -0.2106691552959351
      -0.0000029797094952       0.0000000000588722      -0.2072322176802493
      -0.0000029310961266       0.0000000000588722      -0.2038235463148524
      -0.0000028828825795       0.0000000000588722      -0.2004431412243320
      -0.0000028350688543       0.0000000000588722      -0.1970910024330732
      -0.0000027876549511       0.0000000000588722      -0.1937671299652142
      -0.0000027406408701       0.0000000000588722      -0.1904715238447433
      -0.0000026940266114       0.0000000000588722      -0.1872041840954389
      -0.0000026478121752       0.0000000000588722      -0.1839651107408076
      -0.0000026019975617       0.0000000000588722      -0.1807543038042679
      -0.0000025565827711       0.0000000000588722      -0.1775717633089794
      -0.0000025115678035       0.0000000000588722      -0.1744174892778589
      -0.0000024669526591       0.0000000000588722      -0.1712914817336337
      -0.0000024227373381       0.0000000000588722      -0.1681937406989246
      -0.0000023789218407       0.0000000000588722      -0.1651242661960216
      -0.0000023355061669       0.0000000000588722      -0.1620830582470474
      -0.0000022924903170       0.0000000000588722      -0.1590701168739753
      -0.0000022498742911       0.0000000000588722      -0.1560854420984936
      -0.0000022076580894       0.0000000000588722      -0.1531290339422008
      -0.0000021658417121       0.0000000000588722      -0.1502008924263253
      -0.0000021244251592       0.0000000000588722      -0.1473010175720839
      -0.0000020834084311       0.0000000000588722      -0.1444294094003030
      -0.0000020427915277       0.0000000000588722      -0.1415860679317228
      -0.0000020025744492       0.0000000000588722      -0.1387709931869240
      -0.0000019627571959       0.0000000000588722      -0.1359841851861331
      -0.0000019233397679       0.0000000000588722      -0.1332256439494876
      -0.0000018843221652       0.0000000000588722      -0.1304953694968078
      -0.0000018457043881       0.0000000000588722      -0.1277933618479206
      -0.0000018074864367       0.0000000000588722      -0.1251196210222535
      -0.0000017696683112       0.0000000000588722      -0.1224741470390802
      -0.0000017322500116       0.0000000000588722      -0.1198569399174490
      -0.0000016952315381       0.0000000000588722      -0.1172679996763345
      -0.0000016586128909       0.0000000000588722      -0.1147073263343853
      -0.0000016223940701       0.0000000000588722      -0.1121749199100156
      -0.0000015865750759       0.0000000000588722      -0.1096707804215606
      -0.0000015511559083       0.0000000000588722      -0.1071949078870698
      -0.0000015161365675       0.0000000000588722      -0.1047473023243967
      -0.0000014815170536       0.0000000000588722      -0.1023279637512193
      -0.0000014472973668       0.0000000000588722      -0.0999368921849835
      -0.0000014134775072       0.0000000000588722      -0.0975740876429371
      -0.0000013800574748       0.0000000000588722      -0.0952395501421243
      -0.0000013470372700       0.0000000000588722      -0.0929332796994003
      -0.0000013144168927       0.0000000000588722      -0.0906552763314034
      -0.0000012821963430       0.0000000000588722      -0.0884055400545914
      -0.0000012503756212       0.0000000000588722      -0.0861840708851738
      -0.0000012189547273       0.0000000000588722      -0.0839908688391659
      -0.0000011879336614       0.0000000000588722      -0.0818259339324677
      -0.0000011573124237       0.0000000000588722      -0.0796892661806398
      -0.0000011270910143       0.0000000000588722      -0.0775808655991206
      -0.0000010972694332       0.0000000000588722      -0.0755007322031128
      -0.0000010678476806       0.0000000000588722      -0.0734488660076816
      -0.0000010388257567       0.0000000000588722      -0.0714252670275749
      -0.0000010102036614       0.0000000000588722      -0.0694299352774252
      -0.0000009819813950       0.0000000000588722      -0.0674628707716132
      -0.0000009541589575       0.0000000000588722      -0.0655240735244172
      -0.0000009267363490       0.0000000000588722      -0.0636135435497546
      -0.0000008997135697       0.0000000000588722      -0.0617312808614332
      -0.0000008730906196       0.0000000000588722      -0.0598772854730584
      -0.0000008468674988       0.0000000000588722      -0.0580515573980149
      -0.0000008210442074       0.0000000000588722      -0.0562540966494674
      -0.0000007956207456       0.0000000000588722      -0.0544849032404216
      -0.0000007705971134       0.0000000000588722      -0.0527439771836025
      -0.0000007459733109       0.0000000000588722      -0.0510313184916667
      -0.0000007217493382       0.0000000000588722      -0.0493469271768642
      -0.0000006979251954       0.0000000000588722      -0.0476908032514421
      -0.0000006745008826       0.0000000000588722      -0.0460629467271393
      -0.0000006514763999       0.0000000000588720      -0.0444633576146812
      -0.0000006288517474       0.0000000000588713      -0.0428920359200028
      -0.0000006066269256       0.0000000000588673      -0.0413489816240220
      -0.0000005848019366       0.0000000000588472      -0.0398341945798505
      -0.0000005633767893       0.0000000000587490      -0.0383476739987989
      -0.0000005423515234       0.0000000000582965      -0.0368894158291304
      -0.0000005217262798       0.0000000000564481      -0.0354593996236696
      -0.0000005015013167       0.0000000000507564      -0.0340575537510877
      -0.0000004816764809       0.0000000000396328      -0.0326838049170151
      -0.0000004622508965       0.0000000000263064      -0.0313382525578247
      -0.0000004432242165       0.0000000000159346      -0.0300210653186107
      -0.0000004245971080       0.0000000000100016      -0.0287322688959832
      -0.0000004063700867       0.0000000000071032      -0.0274718121254968
      -0.0000003885431676       0.0000000000057304      -0.0262396559450980
      -0.0000003711162266       0.0000000000050362      -0.0250357814428937
      -0.0000003540891891       0.0000000000046220      -0.0238601806015465
      -0.0000003374620075       0.0000000000043300      -0.0227128504038082
      -0.0000003212346674       0.0000000000040916      -0.0215937896237847
      -0.0000003054071640       0.0000000000038778      -0.0205029975368338
      -0.0000002899794865       0.0000000000036847      -0.0194404745418480
      -0.0000002749516438       0.0000000000034961      -0.0184062201449139
      -0.0000002603236303       0.0000000000033127      -0.0174002343777917
      -0.0000002460954466       0.0000000000031346      -0.0164225172514394
      -0.0000002322670926       0.0000000000029616      -0.0154730687725135
      -0.0000002188385683       0.0000000000027939      -0.0145518889479162
      -0.0000002058098739       0.0000000000026314      -0.0136589777842937
      -0.0000001931810094       0.0000000000024741      -0.0127943352881299
      -0.0000001809519747       0.0000000000023220      -0.0119579614656989
      -0.0000001691227700       0.0000000000021751      -0.0111498563230662
      -0.0000001576933953       0.0000000000020334      -0.0103700198660651
      -0.0000001466638507       0.0000000000018970      -0.0096184521003326
      -0.0000001360341362       0.0000000000017657      -0.0088951530313586
      -0.0000001258042517       0.0000000000016397      -0.0082001226644078
      -0.0000001159741975       0.0000000000015189      -0.0075333610044301
      -0.0000001065439734       0.0000000000014033      -0.0068948680563258
      -0.0000000975135796       0.0000000000012929      -0.0062846438246920
      -0.0000000888830160       0.0000000000011877      -0.0057026883139986
      -0.0000000806522828       0.0000000000010877      -0.0051490015284543
      -0.0000000728213798       0.0000000000009930      -0.0046235834721116
      -0.0000000653903072       0.0000000000009034      -0.0041264341487485
      -0.0000000583590650       0.0000000000008191      -0.0036575535619644
      -0.0000000517276532       0.0000000000007400      -0.0032169417152227
      -0.0000000454960719       0.0000000000006661      -0.0028045986117190
      -0.0000000396643210       0.0000000000005974      -0.0024205242544562
      -0.0000000342324005       0.0000000000005340      -0.0020647186462543
      -0.0000000292003106       0.0000000000004757      -0.0017371817896199
      -0.0000000245680512       0.0000000000004226      -0.0014379136870642
      -0.0000000203356223       0.0000000000003748      -0.0011669143407601
      -0.0000000165030239       0.0000000000003322      -0.0009241837525891
      -0.0000000130702562       0.0000000000002948      -0.0007097219244471
      -0.0000000100373189       0.0000000000002626      -0.0005235288579040
      -0.0000000074042123       0.0000000000002356      -0.0003656045543024
      -0.0000000051709362       0.0000000000002138      -0.0002359490148212
      -0.0000000033374908       0.0000000000001973      -0.0001345622404389
      -0.0000000019038759       0.0000000000001859      -0.0000614442319299
      -0.0000000008700917       0.0000000000001798      -0.0000165949898040
      -0.0000000002361380       0.0000000000001789      -0.0000000145145081
      -0.0000000000020150       0.0000000000001832      -0.0000117028061311
      -0.0000000001677226       0.0000000000001927      -0.0000516598646523
      -0.0000000007332608       0.0000000000002074      -0.0001198856898413
      -0.0000000016986296       0.0000000000002274      -0.0002163802811805
      -0.0000000030638290       0.0000000000002525      -0.0003411436380525
      -0.0000000048288590       0.0000000000002829      -0.0004941757595639
      -0.0000000069937196       0.0000000000003185      -0.0006754766447241
      -0.0000000095584107       0.0000000000003592      -0.0008850462921978
      -0.0000000125229324       0.0000000000004052      -0.0011228847005272
      -0.0000000158872847       0.0000000000004565      -0.0013889918680509
      -0.0000000196514675       0.0000000000005129      -0.0016833677929023
      -0.0000000238154809       0.0000000000005745      -0.0020060124729219
      -0.0000000283793247       0.0000000000006414      -0.0023569259059065
      -0.0000000333429991       0.0000000000007135      -0.0027361080893304
      -0.0000000387065039       0.0000000000007907      -0.0031435590205154
      -0.0000000444698392       0.0000000000008732      -0.0035792786965112
      -0.0000000506330049       0.0000000000009609      -0.0040432671143052
      -0.0000000571960010       0.0000000000010539      -0.0045355242705467
      -0.0000000641588275       0.0000000000011520      -0.0050560501617216
      -0.0000000715214843       0.0000000000012553      -0.0056048447840919
      -0.0000000792839715       0.0000000000013639      -0.0061819081338321
      -0.0000000874462889       0.0000000000014777      -0.0067872402067075
      -0.0000000960084366       0.0000000000015967      -0.0074208409984827
      -0.0000001049704145       0.0000000000017209      -0.0080827105046062
      -0.0000001143322227       0.0000000000018503      -0.0087728487203724
      -0.0000001240938609       0.0000000000019849      -0.0094912556407869
      -0.0000001342553293       0.0000000000021247      -0.0102379312607559
      -0.0000001448166278       0.0000000000022698      -0.0110128755749642
      -0.0000001557777563       0.0000000000024200      -0.0118160885778060
      -0.0000001671387148       0.0000000000025755      -0.0126475702635823
      -0.0000001788995033       0.0000000000027362      -0.0135073206263059
      -0.0000001910601216       0.0000000000029021      -0.0143953396598801
      -0.0000002036205698       0.0000000000030732      -0.0153116273578809
      -0.0000002165808479       0.0000000000032496      -0.0162561837137959
      -0.0000002299409557       0.0000000000034311      -0.0172290087208470
      -0.0000002437008932       0.0000000000036179      -0.0182301023720301
      -0.0000002578606603       0.0000000000038098      -0.0192594646602464
      -0.0000002724202571       0.0000000000040070      -0.0203170955780616
      -0.0000002873796834       0.0000000000042094      -0.0214029951179319
      -0.0000003027389392       0.0000000000044170      -0.0225171632720439
      -0.0000003184980244       0.0000000000046298      -0.0236596000324065
      -0.0000003346569390       0.0000000000048479      -0.0248303053908915
      -0.0000003512156829       0.0000000000050711      -0.0260292793390708
      -0.0000003681742560       0.0000000000052996      -0.0272565218682992
      -0.0000003855326584       0.0000000000055332      -0.0285120329698324
      -0.0000004032908898       0.0000000000057721      -0.0297958126346691
      -0.0000004214489503       0.0000000000060162      -0.0311078608535968
      -0.0000004400068397       0.0000000000062655      -0.0324481776171551
      -0.0000004589645581       0.0000000000065201      -0.0338167629158053
      -0.0000004783221053       0.0000000000067798      -0.0352136167396780
      -0.0000004980794812       0.0000000000070448      -0.0366387390787846
      -0.0000005182366859       0.0000000000073149      -0.0380921299228841
      -0.0000005387937191       0.0000000000075903      -0.0395737892615335
      -0.0000005597505809       0.0000000000078709      -0.0410837170841327
      -0.0000005811072711       0.0000000000081567      -0.0426219133798262
      -0.0000006028637896       0.0000000000084477      -0.0441883781375614
      -0.0000006250201365       0.0000000000087439      -0.0457831113461285
      -0.0000006475763116       0.0000000000090454      -0.0474061129940403
      -0.0000006705323147       0.0000000000093520      -0.0490573830697355
      -0.0000006938881459       0.0000000000096639      -0.0507369215612403
      -0.0000007176438051       0.0000000000099810      -0.0524447284566224
      -0.0000007417992920       0.0000000000103033      -0.0541808037434741
      -0.0000007663546068       0.0000000000106308      -0.0559451474094586
      -0.0000007913097491       0.0000000000109635      -0.0577377594418521
      -0.0000008166647191       0.0000000000113014      -0.0595586398278392
      -0.0000008424195165       0.0000000000116446      -0.0614077885542255
      -0.0000008685741413       0.0000000000119929      -0.0632852056078434
      -0.0000008951285934       0.0000000000123465      -0.0651908909752028
      -0.0000009220828726       0.0000000000127053      -0.0671248446425829
      -0.0000009494369789       0.0000000000130693      -0.0690870665961096
      -0.0000009771909121       0.0000000000134385      -0.0710775568216618
      -0.0000010053446723       0.0000000000138129      -0.0730963153049974
      -0.0000010338982591       0.0000000000141926      -0.0751433420315658
      -0.0000010628516726       0.0000000000145774      -0.0772186369867047
      -0.0000010922049127       0.0000000000149675      -0.0793222001554932
      -0.0000011219579791       0.0000000000153628      -0.0814540315228206
      -0.0000011521108719       0.0000000000157633      -0.0836141310733766
      -0.0000011826635908       0.0000000000161690      -0.0858024987916329
      -0.0000012136161358       0.0000000000165799      -0.0880191346618870
      -0.0000012449685068       0.0000000000169960      -0.0902640386682014
      -0.0000012767207036       0.0000000000174174      -0.0925372107944640
      -0.0000013088727262       0.0000000000178439      -0.0948386510243072
      -0.0000013414245743       0.0000000000182757      -0.0971683593412463
      -0.0000013743762479       0.0000000000187127      -0.0995263357285205
      -0.0000014077277469       0.0000000000191548      -0.1019125801691615
      -0.0000014414790711       0.0000000000196023      -0.1043270926460894
      -0.0000014756302203       0.0000000000200549      -0.1067698731418850
      -0.0000015101811945       0.0000000000205127      -0.1092409216390507
      -0.0000015451319936       0.0000000000209758      -0.1117402381197705
      -0.0000015804826174       0.0000000000214440      -0.1142678225661819
      -0.0000016162330657       0.0000000000219175      -0.1168236749600312
      -0.0000016523833384       0.0000000000223962      -0.1194077952829548
      -0.0000016889334355       0.0000000000228801      -0.1220201835164457
      -0.0000017258833567       0.0000000000233692      -0.1246608396417138
      -0.0000017632331019       0.0000000000238635      -0.1273297636397082
      -0.0000018009826709       0.0000000000243630      -0.1300269554913477
      -0.0000018391320637       0.0000000000248678      -0.1327524151771995
      -0.0000018776812801       0.0000000000253777      -0.1355061426776742
      -0.0000019166303199       0.0000000000258929      -0.1382881379729872
      -0.0000019559791830       0.0000000000264133      -0.1410984010431616
      -0.0000019957278693       0.0000000000269389      -0.1439369318679690
      -0.0000020358763785       0.0000000000274697      -0.1468037304270220
      -0.0000020764247106       0.0000000000280058      -0.1496987966997456
      -0.0000021173728654       0.0000000000285470      -0.1526221306652789
      -0.0000021587208426       0.0000000000290934      -0.1555737323026234
      -0.0000022004686423       0.0000000000296451      -0.1585536015905822
      -0.0000022426162641       0.0000000000302020      -0.1615617385076963
      -0.0000022851637080       0.0000000000307641      -0.1645981430324230
      -0.0000023281109738       0.0000000000313314      -0.1676628151428424
      -0.0000023714580614       0.0000000000319039      -0.1707557548169808
      -0.0000024152049705       0.0000000000324816      -0.1738769620326002
      -0.0000024593517010       0.0000000000330646      -0.1770264367672172
      -0.0000025038982527       0.0000000000336527      -0.1802041789983048
      -0.0000025488446255       0.0000000000342461      -0.1834101887028868
      -0.0000025941908191       0.0000000000348447      -0.1866444658579628
      -0.0000026399368335       0.0000000000354485      -0.1899070104402777
      -0.0000026860826684       0.0000000000360575      -0.1931978224264272
      -0.0000027326283237       0.0000000000366717      -0.1965169017927140
      -0.0000027795737992       0.0000000000372911      -0.1998642485152874
      -0.0000028269190948       0.0000000000379158      -0.2032398625700238
      -0.0000028746642101       0.0000000000385456      -0.2066437439327292
      -0.0000029228091451       0.0000000000391807      -0.2100758925789026
      -0.0000029713538996       0.0000000000398210      -0.2135363084838793
      -0.0000030202984734       0.0000000000404665      -0.2170249916227473
      -0.0000030696428662       0.0000000000411172      -0.2205419419704663
      -0.0000031193870780       0.0000000000417731      -0.2240871595017260
      -0.0000031695311085       0.0000000000424343      -0.2276606441910366
      -0.0000032200749576       0.0000000000431006      -0.2312623960127044
      -0.0000032710186250       0.0000000000437722      -0.2348924149408284
      -0.0000033223621105       0.0000000000444490      -0.2385507009493351
      -0.0000033741054141       0.0000000000451309      -0.2422372540118996
      -0.0000034262485353       0.0000000000458181      -0.2459520741019928
      -0.0000034787914742       0.0000000000465106      -0.2496951611929276
      -0.0000035317342304       0.0000000000472082      -0.2534665152578114
      -0.0000035850768038       0.0000000000479110      -0.2572661362694825
      -0.0000036388191941       0.0000000000486191      -0.2610940242006312
      -0.0000036929614012       0.0000000000493323      -0.2649501790237422
      -0.0000037475034249       0.0000000000500508      -0.2688346007110888
      -0.0000038024452649       0.0000000000507745      -0.2727472892347254
      -0.0000038577869210       0.0000000000515034      -0.2766882445665134
      -0.0000039135283931       0.0000000000522375      -0.2806574666781309
      -0.0000039696696809       0.0000000000529768      -0.2846549555410532
      -0.0000040262107842       0.0000000000537214      -0.2886807111264784
      -0.0000040831517028       0.0000000000544711      -0.2927347334055130
      -0.0000041404924365       0.0000000000552261      -0.2968170223489110
      -0.0000041982329851       0.0000000000559863      -0.3009275779274436
      -0.0000042563733482       0.0000000000567517      -0.3050664001114630
      -0.0000043149135259       0.0000000000575223      -0.3092334888711988
      -0.0000043738535177       0.0000000000582981      -0.3134288441767554
      -0.0000044331933235       0.0000000000590791      -0.3176524659978758
      -0.0000044929321242       0.0000000000591463      -0.3180157768177126
      -0.0000044980707841       0.0000000000591501      -0.3179945772019038
      -0.0000044977708880       0.0000000000591538      -0.3179733781836600
      -0.0000044974710313       0.0000000000591591      -0.3179415809784252
      -0.0000044970212710       0.0000000000591666      -0.3178938881631194
      -0.0000044963466626       0.0000000000591767      -0.3178223555991884
      -0.0000044953348368       0.0000000000591899      -0.3177150716971989
      -0.0000044938173112       0.0000000000592059      -0.3175541795000155
      -0.0000044915415070       0.0000000000592233      -0.3173129170741082
      -0.0000044881288863       0.0000000000592391      -0.3169511944362637
      -0.0000044830123913       0.0000000000592484      -0.3164089958443053
      -0.0000044753431247       0.0000000000592454      -0.3155965662112074
      -0.0000044638515404       0.0000000000592267      -0.3143798773402097
      -0.0000044466418660       0.0000000000591948      -0.3125592472061524
      -0.0000044208896754       0.0000000000591624      -0.3098382133488148
      -0.0000043824016152       0.0000000000591438      -0.3057789656352108
      -0.0000043249856260       0.0000000000591380      -0.3016353802814810
      -0.0000042663767800       0.0000000000591364      -0.2975200605301201
      -0.0000042081677514       0.0000000000591360      -0.2934330064003042
      -0.0000041503585388       0.0000000000591360      -0.2893742179070398
      -0.0000040929491429       0.0000000000591359      -0.2853436950734984
      -0.0000040359395642       0.0000000000591359      -0.2813414379270647
      -0.0000039793298030       0.0000000000591359      -0.2773674464964640
      -0.0000039231198596       0.0000000000591359      -0.2734217208105029
      -0.0000038673097342       0.0000000000591359      -0.2695042608976668
      -0.0000038118994269       0.0000000000591359      -0.2656150667860915
      -0.0000037568889378       0.0000000000591359      -0.2617541385038690
      -0.0000037022782674       0.0000000000591359      -0.2579214760788104
      -0.0000036480674156       0.0000000000591359      -0.2541170795385295
      -0.0000035942563829       0.0000000000591359      -0.2503409489104691
      -0.0000035408451692       0.0000000000591359      -0.2465930842218906
      -0.0000034878337750       0.0000000000591359      -0.2428734854997782
      -0.0000034352222002       0.0000000000591359      -0.2391821527709576
      -0.0000033830104452       0.0000000000591359      -0.2355190860620330
      -0.0000033311985102       0.0000000000591359      -0.2318842853994617
      -0.0000032797863953       0.0000000000591359      -0.2282777508094121
      -0.0000032287741007       0.0000000000591359      -0.2246994823178829
      -0.0000031781616266       0.0000000000591359      -0.2211494799506934
      -0.0000031279489733       0.0000000000591359      -0.2176277437334720
      -0.0000030781361408       0.0000000000591359      -0.2141342736915189
      -0.0000030287231294       0.0000000000591359      -0.2106690698501003
      -0.0000029797099393       0.0000000000591359      -0.2072321322342199
      -0.0000029310965706       0.0000000000591359      -0.2038234608685795
      -0.0000028828830236       0.0000000000591359      -0.2004430557778331
      -0.0000028350692984       0.0000000000591359      -0.1970909169863356
      -0.0000027876553952       0.0000000000591359      -0.1937670445182531
      -0.0000027406413141       0.0000000000591359      -0.1904714383975586
      -0.0000026940270554       0.0000000000591359      -0.1872040986480268
      -0.0000026478126193       0.0000000000591359      -0.1839650252931740
      -0.0000026019980058       0.0000000000591359      -0.1807542183564066
      -0.0000025565832151       0.0000000000591359      -0.1775716778608832
      -0.0000025115682476       0.0000000000591359      -0.1744174038295589
      -0.0000024669531032       0.0000000000591359      -0.1712913962851157
      -0.0000024227377822       0.0000000000591359      -0.1681936552501850
      -0.0000023789222847       0.0000000000591359      -0.1651241807470527
      -0.0000023355066110       0.0000000000591359      -0.1620829727978637
      -0.0000022924907611       0.0000000000591359      -0.1590700314245689
      -0.0000022498747352       0.0000000000591359      -0.1560853566489150
      -0.0000022076585335       0.0000000000591359      -0.1531289484924096
      -0.0000021658421561       0.0000000000591359      -0.1502008069763173
      -0.0000021244256033       0.0000000000591359      -0.1473009321218612
      -0.0000020834088751       0.0000000000591359      -0.1444293239498870
      -0.0000020427919717       0.0000000000591359      -0.1415859824811032
      -0.0000020025748933       0.0000000000591359      -0.1387709077360730
      -0.0000019627576400       0.0000000000591359      -0.1359840997350715
      -0.0000019233402119       0.0000000000591359      -0.1332255584982502
      -0.0000018843226093       0.0000000000591359      -0.1304952840454063
      -0.0000018457048322       0.0000000000591359      -0.1277932763962980
      -0.0000018074868808       0.0000000000591359      -0.1251195355704191
      -0.0000017696687552       0.0000000000591359      -0.1224740615870164
      -0.0000017322504556       0.0000000000591359      -0.1198568544652406
      -0.0000016952319822       0.0000000000591359      -0.1172679142239360
      -0.0000016586133350       0.0000000000591359      -0.1147072408817729
      -0.0000016223945142       0.0000000000591359      -0.1121748344572203
      -0.0000015865755199       0.0000000000591359      -0.1096706949685901
      -0.0000015511563523       0.0000000000591359      -0.1071948224339104
      -0.0000015161370115       0.0000000000591359      -0.1047472168710575
      -0.0000014815174976       0.0000000000591359      -0.1023278782976822
      -0.0000014472978108       0.0000000000591359      -0.0999368067312584
      -0.0000014134779512       0.0000000000591359      -0.0975740021890231
      -0.0000013800579189       0.0000000000591359      -0.0952394646880485
      -0.0000013470377140       0.0000000000591359      -0.0929331942451280
      -0.0000013144173367       0.0000000000591359      -0.0906551908769640
      -0.0000012821967871       0.0000000000591359      -0.0884054545999675
      -0.0000012503760652       0.0000000000591359      -0.0861839854303661
      -0.0000012189551713       0.0000000000591359      -0.0839907833842284
      -0.0000011879341055       0.0000000000591359      -0.0818258484773294
      -0.0000011573128677       0.0000000000591359      -0.0796891807253326
      -0.0000011270914583       0.0000000000591359      -0.0775807801436414
      -0.0000010972698772       0.0000000000591359      -0.0755006467474787
      -0.0000010678481247       0.0000000000591359      -0.0734487805518641
      -0.0000010388262007       0.0000000000591359      -0.0714251815715710
      -0.0000010102041055       0.0000000000591359      -0.0694298498212529
      -0.0000009819818390       0.0000000000591359      -0.0674627853153203
      -0.0000009541594015       0.0000000000591359      -0.0655239880679130
      -0.0000009267367931       0.0000000000591359      -0.0636134580931188
      -0.0000008997140137       0.0000000000591359      -0.0617311954046271
      -0.0000008730910636       0.0000000000591359      -0.0598772000160933
      -0.0000008468679428       0.0000000000591359      -0.0580514719408892
      -0.0000008210446515       0.0000000000591359      -0.0562540111921597
      -0.0000007956211896       0.0000000000591359      -0.0544848177829578
      -0.0000007705975574       0.0000000000591359      -0.0527438917260289
      -0.0000007459737549       0.0000000000591359      -0.0510312330339444
      -0.0000007217497822       0.0000000000591359      -0.0493468417189940
      -0.0000006979256394       0.0000000000591359      -0.0476907177933885
      -0.0000006745013266       0.0000000000591359      -0.0460628612689455
      -0.0000006514768439       0.0000000000591358      -0.0444632721563388
      -0.0000006288521914       0.0000000000591350      -0.0428919504615400
      -0.0000006066273696       0.0000000000591310      -0.0413488961653609
      -0.0000005848023806       0.0000000000591109      -0.0398341091210897
      -0.0000005633772333       0.0000000000590128      -0.0383475885399051
      -0.0000005423519675       0.0000000000585603      -0.0368893303702328
      -0.0000005217267239       0.0000000000567118      -0.0354593141652482
      -0.0000005015017607       0.0000000000510202      -0.0340574682944174
      -0.0000004816769249       0.0000000000398967      -0.0326837194622602
      -0.0000004622513406       0.0000000000265703      -0.0313381671027077
      -0.0000004432246606       0.0000000000161984      -0.0300209798617583
      -0.0000004245975520       0.0000000000102654      -0.0287321834377684
      -0.0000004063705307       0.0000000000073669      -0.0274717266665671
      -0.0000003885436116       0.0000000000059942      -0.0262395704858008
      -0.0000003711166706       0.0000000000053000      -0.0250356959833698
      -0.0000003540896331       0.0000000000048857      -0.0238600951418484
      -0.0000003374624516       0.0000000000045938      -0.0227127649439431
      -0.0000003212351114       0.0000000000043553      -0.0215937041637833
      -0.0000003054076080       0.0000000000041416      -0.0205029120767549
      -0.0000002899799305       0.0000000000039485      -0.0194403890815774
      -0.0000002749520878       0.0000000000037599      -0.0184061346845269
      -0.0000002603240743       0.0000000000035765      -0.0174001489173380
      -0.0000002460958906       0.0000000000033983      -0.0164224317908663
      -0.0000002322675366       0.0000000000032254      -0.0154729833118038
      -0.0000002188390123       0.0000000000030576      -0.0145518034870649
      -0.0000002058103179       0.0000000000028951      -0.0136588923233752
      -0.0000001931814534       0.0000000000027378      -0.0127942498270820
      -0.0000001809524187       0.0000000000025857      -0.0119578760045465
      -0.0000001691232140       0.0000000000024388      -0.0111497708617982
      -0.0000001576938394       0.0000000000022972      -0.0103699344046636
      -0.0000001466642947       0.0000000000021607      -0.0096183666388368
      -0.0000001360345802       0.0000000000020295      -0.0088950675697637
      -0.0000001258046958       0.0000000000019034      -0.0082000372026525
      -0.0000001159746415       0.0000000000017826      -0.0075332755425816
      -0.0000001065444174       0.0000000000016670      -0.0068947825943910
      -0.0000000975140236       0.0000000000015566      -0.0062845583626401
      -0.0000000888834600       0.0000000000014514      -0.0057026028518815
      -0.0000000806527268       0.0000000000013515      -0.0051489160662523
      -0.0000000728218238       0.0000000000012567      -0.0046234980097864
      -0.0000000653907513       0.0000000000011672      -0.0041263486863079
      -0.0000000583595091       0.0000000000010829      -0.0036574680994406
      -0.0000000517280973       0.0000000000010038      -0.0032168562525917
      -0.0000000454965159       0.0000000000009299      -0.0028045131490082
      -0.0000000396647650       0.0000000000008612      -0.0024204387916260
      -0.0000000342328446       0.0000000000007977      -0.0020646331833003
      -0.0000000292007546       0.0000000000007394      -0.0017370963266229
      -0.0000000245684952       0.0000000000006864      -0.0014378282239634
      -0.0000000203360663       0.0000000000006386      -0.0011668288775498
      -0.0000000165034680       0.0000000000005959      -0.0009240982893285
      -0.0000000130707002       0.0000000000005585      -0.0007096364611077
      -0.0000000100377629       0.0000000000005263      -0.0005234433944231
      -0.0000000074046563       0.0000000000004994      -0.0003655190907525
      -0.0000000051713802       0.0000000000004776      -0.0002358635512137
      -0.0000000033379348       0.0000000000004610      -0.0001344767767035
      -0.0000000019043199       0.0000000000004497      -0.0000613587681450
      -0.0000000008705357       0.0000000000004436      -0.0000165095259748
      -0.0000000002365820       0.0000000000004426       0.0000000709494401
      -0.0000000000023511       0.0000000000004428       0.0000001766929289
