       0.0000000000000000       0.0000000000000000       0.0000000000002015
       0.0000000000000200       0.0000000000000000       0.0000000047070782
       0.0000000000000613       0.0000000000000000       0.0000000143955133
       0.0000000000001654       0.0000000000000000       0.0000000388357633
       0.0000000000004164       0.0000000000000000       0.0000000978020009
       0.0000000000010064       0.0000000000000000       0.0000002364173773
       0.0000000000023719       0.0000000000000000       0.0000005572149027
       0.0000000000055014       0.0000000000000000       0.0000012923934425
       0.0000000000126280       0.0000000000000000       0.0000029666106651
       0.0000000000287911       0.0000000000000000       0.0000067637029139
       0.0000000000653502       0.0000000000000000       0.0000153523099228
       0.0000000001478965       0.0000000000000000       0.0000347444064412
       0.0000000003340581       0.0000000000000000       0.0000784782187846
       0.0000000007535704       0.0000000000000000       0.0001770316779277
       0.0000000016984462       0.0000000000000000       0.0003990055462278
       0.0000000030640615       0.0000000000000000       0.0007198122420641
       0.0000000048296638       0.0000000000000000       0.0011345789139587
       0.0000000069952519       0.0000000000000000       0.0016433055541637
       0.0000000095608257       0.0000000000000000       0.0022459921355663
       0.0000000125263849       0.0000000000000000       0.0029426386644313
       0.0000000158919294       0.0000000000000000       0.0037332451529328
       0.0000000196574588       0.0000000000000000       0.0046178115995385
       0.0000000238229735       0.0000000000000000       0.0055963380117830
       0.0000000283884732       0.0000000000000000       0.0066688243916329
       0.0000000333539582       0.0000000000000000       0.0078352707475320
       0.0000000387194283       0.0000000000000000       0.0090956770840117
       0.0000000444848837       0.0000000000000000       0.0104500434008148
       0.0000000506503241       0.0000000000000000       0.0118983697125825
       0.0000000572157498       0.0000000000000000       0.0134406560250023
       0.0000000641811607       0.0000000000000000       0.0150769023486602
       0.0000000715465567       0.0000000000000000       0.0168071086844749
       0.0000000793119379       0.0000000000000000       0.0186312750422338
       0.0000000874773043       0.0000000000000000       0.0205494014353228
       0.0000000960426558       0.0000000000000000       0.0225614878686440
       0.0000001050079925       0.0000000000000000       0.0246675343551990
       0.0000001143733145       0.0000000000000000       0.0268675409044489
       0.0000001241386215       0.0000000000000000       0.0291615075249415
       0.0000001343039138       0.0000000000000000       0.0315494342288107
       0.0000001448691912       0.0000000000000000       0.0340313210333076
       0.0000001558344538       0.0000000000000000       0.0366071679418979
       0.0000001671997016       0.0000000000000000       0.0392769749710425
       0.0000001789649346       0.0000000000000000       0.0420407421363478
       0.0000001911301527       0.0000000000000000       0.0448984694457993
       0.0000002036953560       0.0000000000000000       0.0478501569181948
       0.0000002166605445       0.0000000000000000       0.0508958045623976
       0.0000002300257181       0.0000000000000000       0.0540354123991281
       0.0000002437908770       0.0000000000000000       0.0572689804471561
       0.0000002579560210       0.0000000000000000       0.0605965087113837
       0.0000002725211502       0.0000000000000000       0.0640179972138794
       0.0000002874862645       0.0000000000000000       0.0675334459705424
       0.0000003028513641       0.0000000000000000       0.0711428550019649
       0.0000003186164488       0.0000000000000000       0.0748462243169927
       0.0000003347815187       0.0000000000000000       0.0786435539432447
       0.0000003513465738       0.0000000000000000       0.0825348438983094
       0.0000003683116140       0.0000000000000000       0.0865200941897286
       0.0000003856766394       0.0000000000000000       0.0905993048551647
       0.0000004034416500       0.0000000000000000       0.0947724759029338
       0.0000004216066458       0.0000000000000000       0.0990396073503911
       0.0000004401716268       0.0000000000000000       0.1034006992284807
       0.0000004591365929       0.0000000000000000       0.1078557515504501
       0.0000004785015442       0.0000000000000000       0.1124047643427893
       0.0000004982664807       0.0000000000000000       0.1170477376277222
       0.0000005184314023       0.0000000000000000       0.1217846714266883
       0.0000005389963092       0.0000000000000000       0.1266155657586693
       0.0000005599612012       0.0000000000000000       0.1315404206532202
       0.0000005813260784       0.0000000000000002       0.1365592361346492
       0.0000006030909408       0.0000000000000008       0.1416720122090810
       0.0000006252557884       0.0000000000000032       0.1468787488525963
       0.0000006478206213       0.0000000000000126       0.1521794459224975
       0.0000006707854398       0.0000000000000476       0.1575741028041578
       0.0000006941502451       0.0000000000001751       0.1630627172369298
       0.0000007179150411       0.0000000000006225       0.1686452815144548
       0.0000007420798376       0.0000000000020818       0.1743217720804011
       0.0000007666446489       0.0000000000062592       0.1800921305945135
       0.0000007916094635       0.0000000000167388       0.1859562341522450
       0.0000008169742367       0.0000000000436403       0.1919137410313937
       0.0000008427389595       0.0000000001217823       0.1979634861674882
       0.0000008689036695       0.0000000003623158       0.2041017515272322
       0.0000008954684079       0.0000000010956579       0.2103174692448118
       0.0000009224332002       0.0000000032188643       0.2165805203741750
       0.0000009497980464       0.0000000087132992       0.2228239146596309
       0.0000009775629064       0.0000000201407559       0.2289582957103027
       0.0000010057276943       0.0000000371978586       0.2349828038366298
       0.0000010342923557       0.0000000550212544       0.2410460245835663
       0.0000010632569465       0.0000000692033828       0.2472936880091418
       0.0000010926215650       0.0000000789890785       0.2537536967586917
       0.0000011223862223       0.0000000855107786       0.2603985978777213
       0.0000011525508861       0.0000000900864521       0.2671928591846693
       0.0000011831155415       0.0000000936515755       0.2741059509692864
       0.0000012140801616       0.0000000966892426       0.2811245381508653
       0.0000012454447523       0.0000000994709427       0.2882408224951459
       0.0000012772093352       0.0000001021387128       0.2954489579840788
       0.0000013093739052       0.0000001047385726       0.3027506962604340
       0.0000013419384680       0.0000001073433750       0.3101428119564983
       0.0000013749030175       0.0000001099728367       0.3176243901530006
       0.0000014082675499       0.0000001126318167       0.3251952159617388
       0.0000014420320635       0.0000001153216945       0.3328552285454753
       0.0000014761965612       0.0000001180428605       0.3406044122054571
       0.0000015107610439       0.0000001207954500       0.3484427621644299
       0.0000015457255124       0.0000001235795185       0.3563702766975257
       0.0000015810899670       0.0000001263950919       0.3643869548337879
       0.0000016168544085       0.0000001292421784       0.3724927968499018
       0.0000016530188363       0.0000001321207905       0.3806878023024654
       0.0000016895832508       0.0000001350309320       0.3889719710486162
       0.0000017265476520       0.0000001379726043       0.3973453030786930
       0.0000017639120398       0.0000001409458076       0.4058077984070925
       0.0000018016764143       0.0000001439505420       0.4143594570688747
       0.0000018398407756       0.0000001469868077       0.4230002790970403
       0.0000018784051235       0.0000001500546045       0.4317302645191378
       0.0000019173694581       0.0000001531539326       0.4405494133736650
       0.0000019567337794       0.0000001562847919       0.4494577256925426
       0.0000019964980874       0.0000001594471825       0.4584552015159143
       0.0000020366623822       0.0000001626411044       0.4675418408790886
       0.0000020772266636       0.0000001658665576       0.4767176438176445
       0.0000021181909317       0.0000001691235421       0.4859826103628627
       0.0000021595551865       0.0000001724120579       0.4953367405529229
       0.0000022013194281       0.0000001757321051       0.5047800344229159
       0.0000022434836563       0.0000001790836836       0.5143124920125572
       0.0000022860478712       0.0000001824667935       0.5239341133567263
       0.0000023290120728       0.0000001858814348       0.5336448985018556
       0.0000023723762612       0.0000001893276075       0.5434448474776645
       0.0000024161404362       0.0000001928053117       0.5533339603259004
       0.0000024603045979       0.0000001963145472       0.5633122370824225
       0.0000025048687464       0.0000001998553143       0.5733796777881378
       0.0000025498328815       0.0000002034276128       0.5835362824836916
       0.0000025951970033       0.0000002070314428       0.5937820512081475
       0.0000026409611119       0.0000002106668043       0.6041169840044394
       0.0000026871252071       0.0000002143336973       0.6145410809062697
       0.0000027336892890       0.0000002180321219       0.6250543419624418
       0.0000027806533577       0.0000002217620780       0.6356567672088210
       0.0000028280174130       0.0000002255235658       0.6463483566883309
       0.0000028757814551       0.0000002293165851       0.6571291104449276
       0.0000029239454838       0.0000002331411360       0.6679990285205232
       0.0000029725094993       0.0000002369972186       0.6789581109548745
       0.0000030214735014       0.0000002408848328       0.6900063577968250
       0.0000030708374903       0.0000002448039787       0.7011437690867300
       0.0000031206014659       0.0000002487546563       0.7123703448653343
       0.0000031707654281       0.0000002527368656       0.7236860851795883
       0.0000032213293771       0.0000002567506067       0.7350909900759349
       0.0000032722933128       0.0000002607958794       0.7465850595927973
       0.0000033236572352       0.0000002648726840       0.7581682937840206
       0.0000033754211443       0.0000002689810203       0.7698406926905662
       0.0000034275850400       0.0000002731208885       0.7816022563575018
       0.0000034801489225       0.0000002772922884       0.7934529848311740
       0.0000035331127917       0.0000002814952202       0.8053928781585282
       0.0000035864766476       0.0000002857296839       0.8174219363937739
       0.0000036402404903       0.0000002899956795       0.8295401595712163
       0.0000036944043196       0.0000002942932070       0.8417475477466312
       0.0000037489681356       0.0000002986222664       0.8540441009641618
       0.0000038039319383       0.0000003029828577       0.8664298192778853
       0.0000038592957277       0.0000003073749811       0.8789047027307741
       0.0000039150595039       0.0000003117986364       0.8914687513732801
       0.0000039712232667       0.0000003162538237       0.9041219652563832
       0.0000040277870163       0.0000003207405431       0.9168643444294838
       0.0000040847507525       0.0000003252587945       0.9296958889405392
       0.0000041421144755       0.0000003298085780       0.9426165988440152
       0.0000041998781852       0.0000003343898936       0.9556264741867750
       0.0000042580418815       0.0000003390027413       0.9687255150235229
       0.0000043166055646       0.0000003436471212       0.9819137214016183
       0.0000043755692344       0.0000003483230332       0.9951910933750577
       0.0000044349328909       0.0000003530304774       1.0085576309965498
       0.0000044946965341       0.0000003577694539       1.0220133343199067
       0.0000044998435517       0.0000003581767445       1.0231709992772269
       0.0000044995441879       0.0000003582000060       1.0230991270042209
       0.0000044992442268       0.0000003582227795       1.0230273016525371
       0.0000044987943006       0.0000003582558750       1.0229196243978305
       0.0000044981194534       0.0000003583032294       1.0227582597706224
       0.0000044971072823       0.0000003583694446       1.0225165382489585
       0.0000044955892415       0.0000003584589368       1.0221546342433079
       0.0000044933126598       0.0000003585739487       1.0216131455755095
       0.0000044898988658       0.0000003587109827       1.0208036343099469
       0.0000044847806045       0.0000003588560369       1.0195942904136923
       0.0000044771086822       0.0000003589803149       1.0177887900706002
       0.0000044656131085       0.0000003590407926       1.0150943433863919
       0.0000044483974498       0.0000003589911381       1.0110739120448113
       0.0000044226362986       0.0000003588080860       1.0050747314497659
       0.0000043841348390       0.0000003585298395       0.9961239319115011
       0.0000043266982588       0.0000003582749115       0.9827790192160311
       0.0000042680662159       0.0000003581478899       0.9691593394003699
       0.0000042098339691       0.0000003580929709       0.9556328989218149
       0.0000041520017077       0.0000003580709642       0.9421997698657756
       0.0000040945694321       0.0000003580626330       0.9288602564979066
       0.0000040375371417       0.0000003580596205       0.9156145520807771
       0.0000039809048364       0.0000003580585732       0.9024627493383365
       0.0000039246725162       0.0000003580582216       0.8894048872679736
       0.0000038688401811       0.0000003580581073       0.8764409809725587
       0.0000038134078312       0.0000003580580713       0.8635710359487387
       0.0000037583754665       0.0000003580580602       0.8507950540642754
       0.0000037037430870       0.0000003580580570       0.8381130359154001
       0.0000036495106926       0.0000003580580560       0.8255249816438159
       0.0000035956782835       0.0000003580580557       0.8130308912414076
       0.0000035422458596       0.0000003580580557       0.8006307647043180
       0.0000034892134208       0.0000003580580556       0.7883246019394829
       0.0000034365809672       0.0000003580580556       0.7761124029039856
       0.0000033843484988       0.0000003580580556       0.7639941675351173
       0.0000033325160156       0.0000003580580556       0.7519698957781261
       0.0000032810835176       0.0000003580580556       0.7400395875702926
       0.0000032300510048       0.0000003580580556       0.7282032428550207
       0.0000031794184771       0.0000003580580556       0.7164608615751148
       0.0000031291859347       0.0000003580580556       0.7048124436707437
       0.0000030793533774       0.0000003580580556       0.6932579890869394
       0.0000030299208053       0.0000003580580556       0.6817974977633877
       0.0000029808882184       0.0000003580580556       0.6704309696539215
       0.0000029322556167       0.0000003580580556       0.6591584046885424
       0.0000028840230002       0.0000003580580556       0.6479798028225986
       0.0000028361903688       0.0000003580580556       0.6368951639981580
       0.0000027887577227       0.0000003580580556       0.6259044881638074
       0.0000027417250617       0.0000003580580556       0.6150077752570126
       0.0000026950923859       0.0000003580580556       0.6042050252348866
       0.0000026488596953       0.0000003580580556       0.5934962380357507
       0.0000026030269898       0.0000003580580556       0.5828814136175992
       0.0000025575942696       0.0000003580580556       0.5723605519227296
       0.0000025125615345       0.0000003580580556       0.5619336528939728
       0.0000024679287847       0.0000003580580556       0.5516007164913482
       0.0000024236960199       0.0000003580580556       0.5413617426543652
       0.0000023798632404       0.0000003580580556       0.5312167313380888
       0.0000023364304461       0.0000003580580556       0.5211656824951799
       0.0000022933976370       0.0000003580580556       0.5112085960701658
       0.0000022507648130       0.0000003580580556       0.5013454720198122
       0.0000022085319742       0.0000003580580556       0.4915763102931870
       0.0000021666991206       0.0000003580580556       0.4819011108390692
       0.0000021252662522       0.0000003580580556       0.4723198736163758
       0.0000020842333689       0.0000003580580556       0.4628325985793277
       0.0000020436004709       0.0000003580580556       0.4534392856746597
       0.0000020033675580       0.0000003580580556       0.4441399348600344
       0.0000019635346303       0.0000003580580556       0.4349345460875482
       0.0000019241016878       0.0000003580580556       0.4258231193180578
       0.0000018850687305       0.0000003580580556       0.4168056545025587
       0.0000018464357584       0.0000003580580556       0.4078821515946314
       0.0000018082027714       0.0000003580580556       0.3990526105532328
       0.0000017703697696       0.0000003580580556       0.3903170313380486
       0.0000017329367530       0.0000003580580556       0.3816754139025090
       0.0000016959037216       0.0000003580580556       0.3731277582050936
       0.0000016592706753       0.0000003580580556       0.3646740642052383
       0.0000016230376143       0.0000003580580556       0.3563143318581184
       0.0000015872045384       0.0000003580580556       0.3480485611263292
       0.0000015517714477       0.0000003580580556       0.3398767519687373
       0.0000015167383422       0.0000003580580556       0.3317989043498951
       0.0000014821052218       0.0000003580580556       0.3238150182188782
       0.0000014478720867       0.0000003580580556       0.3159250935452001
       0.0000014140389367       0.0000003580580556       0.3081291302869448
       0.0000013806057719       0.0000003580580556       0.3004271284091738
       0.0000013475725923       0.0000003580580556       0.2928190878711846
       0.0000013149393978       0.0000003580580556       0.2853050086364330
       0.0000012827061886       0.0000003580580556       0.2778848906698997
       0.0000012508729645       0.0000003580580556       0.2705587339323531
       0.0000012194397256       0.0000003580580556       0.2633265383915482
       0.0000011884064719       0.0000003580580556       0.2561883040077398
       0.0000011577732033       0.0000003580580556       0.2491440307485631
       0.0000011275399200       0.0000003580580556       0.2421937185783904
       0.0000010977066218       0.0000003580580556       0.2353373674641083
       0.0000010682733088       0.0000003580580556       0.2285749773736274
       0.0000010392399809       0.0000003580580556       0.2219065482666175
       0.0000010106066383       0.0000003580580556       0.2153320801230748
       0.0000009823732808       0.0000003580580556       0.2088515728981485
       0.0000009545399085       0.0000003580580556       0.2024650265709971
       0.0000009271065214       0.0000003580580556       0.1961724411032829
       0.0000009000731195       0.0000003580580556       0.1899738164661047
       0.0000008734397027       0.0000003580580556       0.1838691526268600
       0.0000008472062711       0.0000003580580556       0.1778584495588743
       0.0000008213728247       0.0000003580580556       0.1719417072282386
       0.0000007959393635       0.0000003580580556       0.1661189256129715
       0.0000007709058875       0.0000003580580556       0.1603901046838005
       0.0000007462723966       0.0000003580580556       0.1547552444046371
       0.0000007220388909       0.0000003580580556       0.1492143447556636
       0.0000006982053704       0.0000003580580556       0.1437674057025016
       0.0000006747718351       0.0000003580580556       0.1384144272313745
       0.0000006517382849       0.0000003580580556       0.1331554093006425
       0.0000006291047199       0.0000003580580556       0.1279903518942748
       0.0000006068711401       0.0000003580580556       0.1229192549832370
       0.0000005850375455       0.0000003580580556       0.1179421185442683
       0.0000005636039361       0.0000003580580556       0.1130589425522481
       0.0000005425703118       0.0000003580580556       0.1082697269861712
       0.0000005219366727       0.0000003580580556       0.1035744718156535
       0.0000005017030188       0.0000003580580556       0.0989731770260936
       0.0000004818693500       0.0000003580580556       0.0944658425881871
       0.0000004624356665       0.0000003580580556       0.0900524684844193
       0.0000004434019681       0.0000003580580556       0.0857330546907281
       0.0000004247682549       0.0000003580580556       0.0815076011862425
       0.0000004065345269       0.0000003580580556       0.0773761079466716
       0.0000003887007840       0.0000003580580556       0.0733385749578368
       0.0000003712670263       0.0000003580580556       0.0693950021972231
       0.0000003542332538       0.0000003580580556       0.0655453896517017
       0.0000003375994665       0.0000003580580556       0.0617897372922769
       0.0000003213656644       0.0000003580580556       0.0581280451048983
       0.0000003055318474       0.0000003580580556       0.0545603130696499
       0.0000002900980156       0.0000003580580556       0.0510865411751060
       0.0000002750641690       0.0000003580580556       0.0477067293995957
       0.0000002604303075       0.0000003580580556       0.0444208777235833
       0.0000002461964313       0.0000003580580555       0.0412289861391656
       0.0000002323625402       0.0000003580580552       0.0381310546339454
       0.0000002189286342       0.0000003580580540       0.0351270832163989
       0.0000002058947134       0.0000003580580494       0.0322170719587729
       0.0000001932607774       0.0000003580580321       0.0294010211731094
       0.0000001810268255       0.0000003580579685       0.0266789320169400
       0.0000001691928548       0.0000003580577417       0.0240508085433599
       0.0000001577588562       0.0000003580569645       0.0215166641237530
       0.0000001467248038       0.0000003580545060       0.0190765369900868
       0.0000001360906461       0.0000003580479380       0.0167305061094257
       0.0000001258563629       0.0000003580348566       0.0144786423296385
       0.0000001160220882       0.0000003580168765       0.0123208927066365
       0.0000001065880103       0.0000003579997074       0.0102570859503976
       0.0000000975541229       0.0000003579874875       0.0082870882965554
       0.0000000889202678       0.0000003579801751       0.0064108898791239
       0.0000000806863350       0.0000003579756515       0.0046285575679674
       0.0000000728523025       0.0000003579710684       0.0029401862963657
       0.0000000654181888       0.0000003579612140       0.0013459531754753
       0.0000000583840141       0.0000003579323788      -0.0001536788405770
       0.0000000517497798       0.0000003578454427      -0.0015574008059915
       0.0000000455154824       0.0000003575897467      -0.0028614988472355
       0.0000000396811364       0.0000003568528565      -0.0040554846594293
       0.0000000342467549       0.0000003547562096      -0.0051099382553534
       0.0000000292123289       0.0000003489375644      -0.0059465044618168
       0.0000000245778288       0.0000003339239561      -0.0063881118447637
       0.0000000203432442       0.0000003009114793      -0.0061655035557712
       0.0000000165087378       0.0000002446892265      -0.0051429119410240
       0.0000000130746280       0.0000001742822348      -0.0035993447065789
       0.0000000100409895       0.0000001090140888      -0.0021022779754715
       0.0000000074074969       0.0000000618070888      -0.0010559125581775
       0.0000000051737117       0.0000000330745710      -0.0004982807062181
       0.0000000033394583       0.0000000172679942      -0.0002619093293146
       0.0000000019049399       0.0000000090518207      -0.0001884914267839
       0.0000000008703950       0.0000000047983329      -0.0001493315163669
       0.0000000002359320       0.0000000026615328      -0.0000879391789690
       0.0000000000015162       0.0000000016214751       0.0000278067101633
       0.0000000001671020       0.0000000011440272       0.0002152451240290
       0.0000000007326854       0.0000000009604183       0.0004875225838729
       0.0000000016982792       0.0000000010051622       0.0008392190462496
       0.0000000030638749       0.0000000011251618       0.0012778268673848
       0.0000000048294812       0.0000000012854468       0.0018051405330177
       0.0000000069950966       0.0000000014770238       0.0024215733743819
       0.0000000095607096       0.0000000016972504       0.0031272369428591
       0.0000000125262905       0.0000000019467248       0.0039221169270487
       0.0000000158918064       0.0000000022280885       0.0048061485068054
       0.0000000196572655       0.0000000025436157       0.0057792698813786
       0.0000000238226988       0.0000000028938031       0.0068414644173437
       0.0000000283881300       0.0000000032779698       0.0079927504949624
       0.0000000333535637       0.0000000036952394       0.0092331524862393
       0.0000000387189967       0.0000000041449453       0.0105626891181538
       0.0000000444844256       0.0000000046266659       0.0119813737198462
       0.0000000506498459       0.0000000051401793       0.0134892125286846
       0.0000000572152555       0.0000000056853617       0.0150862090744455
       0.0000000641806538       0.0000000062621466       0.0167723664514676
       0.0000000715460377       0.0000000068705182       0.0185476831568374
       0.0000000793114095       0.0000000075104360       0.0204121609516274
       0.0000000874767683       0.0000000081818887       0.0223658003610784
       0.0000000960421139       0.0000000088848731       0.0244086015359703
       0.0000001050074463       0.0000000096193884       0.0265405645351506
       0.0000001143727654       0.0000000103854343       0.0287616893675615
       0.0000001241380712       0.0000000111830109       0.0310719760492764
       0.0000001343033637       0.0000000120121181       0.0334714245901546
       0.0000001448686429       0.0000000128727558       0.0359600349969736
       0.0000001558339087       0.0000000137649242       0.0385378072752493
       0.0000001671991613       0.0000000146886231       0.0412047414434358
       0.0000001789644006       0.0000000156438526       0.0439608375103544
       0.0000001911296265       0.0000000166306128       0.0468060954827850
       0.0000002036948392       0.0000000176489035       0.0497405153761794
       0.0000002166600385       0.0000000186987248       0.0527640971983728
       0.0000002300252246       0.0000000197800768       0.0558768409686268
       0.0000002437903973       0.0000000208929593       0.0590787466852876
       0.0000002579555567       0.0000000220373725       0.0623698143739660
       0.0000002725207028       0.0000000232133163       0.0657500440442261
       0.0000002874858356       0.0000000244207908       0.0692194357036710
       0.0000003028509552       0.0000000256597959       0.0727779893755758
       0.0000003186160614       0.0000000269303316       0.0764257050667280
       0.0000003347811543       0.0000000282323980       0.0801625827915935
       0.0000003513462338       0.0000000295659950       0.0839886225663092
       0.0000003683113001       0.0000000309311227       0.0879038244090877
       0.0000003856763531       0.0000000323277811       0.0919081883298444
       0.0000004034413928       0.0000000337559701       0.0960017143502222
       0.0000004216064192       0.0000000352156898       0.1001844024848740
       0.0000004401714322       0.0000000367069403       0.1044562527495783
       0.0000004591364320       0.0000000382297214       0.1088172651588407
       0.0000004785014185       0.0000000397840332       0.1132674397391095
       0.0000004982663916       0.0000000413698757       0.1178067764946788
       0.0000005184313515       0.0000000429872489       0.1224352754498883
       0.0000005389962980       0.0000000446361529       0.1271529366236233
       0.0000005599612313       0.0000000463165876       0.1319597600323733
       0.0000005813261512       0.0000000480285530       0.1368557456903889
       0.0000006030910578       0.0000000497720492       0.1418408936231858
       0.0000006252559511       0.0000000515470761       0.1469152038503330
       0.0000006478208312       0.0000000533536338       0.1520786763912449
       0.0000006707856979       0.0000000551917223       0.1573313112591707
       0.0000006941505513       0.0000000570613416       0.1626731084822424
       0.0000007179153914       0.0000000589624916       0.1681040680831724
       0.0000007420802182       0.0000000608951724       0.1736241900728025
       0.0000007666450317       0.0000000628593841       0.1792334744855356
       0.0000007916098319       0.0000000648551266       0.1849319213318211
       0.0000008169746188       0.0000000668823999       0.1907195306416648
       0.0000008427393924       0.0000000689412040       0.1965963024385590
       0.0000008689041527       0.0000000710315390       0.2025622367439943
       0.0000008954688997       0.0000000731534048       0.2086173335821442
       0.0000009224336334       0.0000000753068015       0.2147615929713471
       0.0000009497983537       0.0000000774917291       0.2209950149440432
       0.0000009775630608       0.0000000797081875       0.2273175995188446
       0.0000010057277546       0.0000000819561769       0.2337293467285604
       0.0000010342924351       0.0000000842356972       0.2402302565886044
       0.0000010632571022       0.0000000865467484       0.2468203291280304
       0.0000010926217561       0.0000000888893305       0.2534995643693679
       0.0000011223863966       0.0000000912634435       0.2602679623463575
       0.0000011525510239       0.0000000936690875       0.2671255230772387
       0.0000011831156378       0.0000000961062625       0.2740722465962165
       0.0000012140802385       0.0000000985749684       0.2811081329231071
       0.0000012454448258       0.0000001010752054       0.2882331820969376
       0.0000012772093999       0.0000001036069733       0.2954473941360469
       0.0000013093739606       0.0000001061702722       0.3027507690712634
       0.0000013419385081       0.0000001087651022       0.3101433069289510
       0.0000013749030422       0.0000001113914632       0.3176250077448495
       0.0000014082675630       0.0000001140493552       0.3251958715422838
       0.0000014420320706       0.0000001167387783       0.3328558983559931
       0.0000014761965648       0.0000001194597325       0.3406050882131246
       0.0000015107610458       0.0000001222122177       0.3484434411397472
       0.0000015457255134       0.0000001249962341       0.3563709571764812
       0.0000015810899677       0.0000001278117815       0.3643876363488217
       0.0000016168544088       0.0000001306588601       0.3724934786846155
       0.0000016530188365       0.0000001335374698       0.3806884842199138
       0.0000016895832509       0.0000001364476107       0.3889726529858086
       0.0000017265476520       0.0000001393892828       0.3973459850171519
       0.0000017639120399       0.0000001423624860       0.4058084803517368
       0.0000018016764144       0.0000001453672204       0.4143601390121439
       0.0000018398407756       0.0000001484034860       0.4230009610377157
       0.0000018784051235       0.0000001514712829       0.4317309464594599
       0.0000019173694581       0.0000001545706110       0.4405500953123759
       0.0000019567337795       0.0000001577014703       0.4494584076336205
       0.0000019964980875       0.0000001608638609       0.4584558834511301
       0.0000020366623822       0.0000001640577828       0.4675425228115688
       0.0000020772266636       0.0000001672832360       0.4767183257504995
       0.0000021181909318       0.0000001705402205       0.4859832922950099
       0.0000021595551866       0.0000001738287363       0.4953374224798558
       0.0000022013194281       0.0000001771487835       0.5047807163487213
       0.0000022434836563       0.0000001805003620       0.5143131739382052
       0.0000022860478713       0.0000001838834719       0.5239347952817229
       0.0000023290120729       0.0000001872981132       0.5336455804247852
       0.0000023723762612       0.0000001907442859       0.5434455293996373
       0.0000024161404362       0.0000001942219900       0.5533346422465776
       0.0000024603045980       0.0000001977312256       0.5633129189995004
       0.0000025048687464       0.0000002012719926       0.5733803597041737
       0.0000025498328815       0.0000002048442911       0.5835369643965400
       0.0000025951970034       0.0000002084481211       0.5937827331205805
       0.0000026409611119       0.0000002120834827       0.6041176659141353
       0.0000026871252071       0.0000002157503757       0.6145417628163050
       0.0000027336892891       0.0000002194488003       0.6250550238686374
       0.0000027806533577       0.0000002231787564       0.6356574491144572
       0.0000028280174131       0.0000002269402442       0.6463490385926843
       0.0000028757814551       0.0000002307332635       0.6571297923501367
       0.0000029239454839       0.0000002345578144       0.6679997104234414
       0.0000029725094993       0.0000002384138970       0.6789587928581023
       0.0000030214735015       0.0000002423015112       0.6900070397005929
       0.0000030708374904       0.0000002462206571       0.7011444509816243
       0.0000031206014659       0.0000002501713347       0.7123710267597639
       0.0000031707654282       0.0000002541535440       0.7236867670759536
       0.0000032213293772       0.0000002581672850       0.7350916719693260
       0.0000032722933128       0.0000002622125578       0.7465857414842750
       0.0000033236572352       0.0000002662893624       0.7581689756743180
       0.0000033754211443       0.0000002703976987       0.7698413745778360
       0.0000034275850401       0.0000002745375669       0.7816029382445685
       0.0000034801489226       0.0000002787089668       0.7934536667176345
       0.0000035331127918       0.0000002829118986       0.8053935600442355
       0.0000035864766477       0.0000002871463623       0.8174226182759511
       0.0000036402404903       0.0000002914123579       0.8295408414540547
       0.0000036944043196       0.0000002957098854       0.8417482296272806
       0.0000037489681356       0.0000003000389448       0.8540447828416144
       0.0000038039319384       0.0000003043995361       0.8664305011554958
       0.0000038592957278       0.0000003087916595       0.8789053846058207
       0.0000039150595039       0.0000003132153148       0.8914694332497792
       0.0000039712232668       0.0000003176705021       0.9041226471274901
       0.0000040277870163       0.0000003221572215       0.9168650263008669
       0.0000040847507526       0.0000003266754729       0.9296965708114552
       0.0000041421144755       0.0000003312252564       0.9426172807102589
       0.0000041998781852       0.0000003358065720       0.9556271560537269
       0.0000042580418816       0.0000003404194197       0.9687261968873500
       0.0000043166055647       0.0000003450637996       0.9819144032639376
       0.0000043755692345       0.0000003497397116       0.9951917752353397
       0.0000044349328910       0.0000003544471558       1.0085583128561237
       0.0000044946965342       0.0000003591861323       1.0220140161775084
       0.0000044998435518       0.0000003595934229       1.0231716811408804
       0.0000044995441879       0.0000003596166844       1.0230998088599019
       0.0000044992442268       0.0000003596394579       1.0230279835100238
       0.0000044987943006       0.0000003596725534       1.0229203062551349
       0.0000044981194534       0.0000003597199078       1.0227589416317666
       0.0000044971072824       0.0000003597861230       1.0225172201092452
       0.0000044955892416       0.0000003598756152       1.0221553161018522
       0.0000044933126599       0.0000003599906271       1.0216138274347724
       0.0000044898988659       0.0000003601276612       1.0208043161704141
       0.0000044847806046       0.0000003602727153       1.0195949722746553
       0.0000044771086823       0.0000003603969933       1.0177894719309526
       0.0000044656131086       0.0000003604574710       1.0150950252431701
       0.0000044483974499       0.0000003604078166       1.0110745939057597
       0.0000044226362987       0.0000003602247644       1.0050754133123709
       0.0000043841348390       0.0000003599465179       0.9961246137719789
       0.0000043266982589       0.0000003596915899       0.9827797010811289
       0.0000042680662159       0.0000003595645683       0.9691600212667071
       0.0000042098339691       0.0000003595096493       0.9556335807868679
       0.0000041520017078       0.0000003594876426       0.9422004517345174
       0.0000040945694321       0.0000003594793114       0.9288609383679611
       0.0000040375371417       0.0000003594762989       0.9156152339504794
       0.0000039809048364       0.0000003594752516       0.9024634312110641
       0.0000039246725162       0.0000003594749000       0.8894055691397253
       0.0000038688401811       0.0000003594747857       0.8764416628484570
       0.0000038134078312       0.0000003594747497       0.8635717178217833
       0.0000037583754665       0.0000003594747386       0.8507957359405461
       0.0000037037430870       0.0000003594747354       0.8381137177931188
       0.0000036495106927       0.0000003594747344       0.8255256635236843
       0.0000035956782836       0.0000003594747342       0.8130315731206949
       0.0000035422458596       0.0000003594747341       0.8006314465864351
       0.0000034892134209       0.0000003594747341       0.7883252838264634
       0.0000034365809673       0.0000003594747341       0.7761130847898750
       0.0000033843484989       0.0000003594747341       0.7639948494258522
       0.0000033325160157       0.0000003594747341       0.7519705776678328
       0.0000032810835177       0.0000003594747341       0.7400402694625480
       0.0000032300510048       0.0000003594747341       0.7282039247497128
       0.0000031794184772       0.0000003594747341       0.7164615434718460
       0.0000031291859347       0.0000003594747341       0.7048131255666491
       0.0000030793533775       0.0000003594747341       0.6932586709844628
       0.0000030299208054       0.0000003594747341       0.6817981796640581
       0.0000029808882185       0.0000003594747341       0.6704316515505712
       0.0000029322556168       0.0000003594747341       0.6591590865929466
       0.0000028840230002       0.0000003594747341       0.6479804847258062
       0.0000028361903689       0.0000003594747341       0.6368958459049978
       0.0000027887577227       0.0000003594747341       0.6259051700672519
       0.0000027417250617       0.0000003594747341       0.6150084571672163
       0.0000026950923859       0.0000003594747341       0.6042057071456974
       0.0000026488596953       0.0000003594747341       0.5934969199514564
       0.0000026030269899       0.0000003594747341       0.5828820955323989
       0.0000025575942696       0.0000003594747341       0.5723612338380287
       0.0000025125615346       0.0000003594747341       0.5619343348117872
       0.0000024679287847       0.0000003594747341       0.5516013984103513
       0.0000024236960200       0.0000003594747341       0.5413624245751278
       0.0000023798632405       0.0000003594747341       0.5312174132629173
       0.0000023364304461       0.0000003594747341       0.5211663644158825
       0.0000022933976370       0.0000003594747341       0.5112092779961758
       0.0000022507648130       0.0000003594747341       0.5013461539467275
       0.0000022085319743       0.0000003594747341       0.4915769922187053
       0.0000021666991207       0.0000003594747341       0.4819017927712676
       0.0000021252662522       0.0000003594747341       0.4723205555505620
       0.0000020842333690       0.0000003594747341       0.4628332805114077
       0.0000020436004710       0.0000003594747341       0.4534399676093843
       0.0000020033675581       0.0000003594747341       0.4441406167958575
       0.0000019635346304       0.0000003594747341       0.4349352280267784
       0.0000019241016879       0.0000003594747341       0.4258238012560340
       0.0000018850687305       0.0000003594747341       0.4168063364413950
       0.0000018464357584       0.0000003594747341       0.4078828335360808
       0.0000018082027714       0.0000003594747341       0.3990532924966653
       0.0000017703697697       0.0000003594747341       0.3903177132861046
       0.0000017329367530       0.0000003594747341       0.3816760958503843
       0.0000016959037216       0.0000003594747341       0.3731284401542893
       0.0000016592706754       0.0000003594747341       0.3646747461550346
       0.0000016230376143       0.0000003594747341       0.3563150138112118
       0.0000015872045384       0.0000003594747341       0.3480492430820996
       0.0000015517714477       0.0000003594747341       0.3398774339278245
       0.0000015167383422       0.0000003594747341       0.3317995863080031
       0.0000014821052219       0.0000003594747341       0.3238157001789596
       0.0000014478720867       0.0000003594747341       0.3159257755053619
       0.0000014140389367       0.0000003594747341       0.3081298122510405
       0.0000013806057719       0.0000003594747341       0.3004278103762322
       0.0000013475725923       0.0000003594747341       0.2928197698374350
       0.0000013149393979       0.0000003594747341       0.2853056906068734
       0.0000012827061886       0.0000003594747341       0.2778855726406230
       0.0000012508729645       0.0000003594747341       0.2705594159037771
       0.0000012194397256       0.0000003594747341       0.2633272203639965
       0.0000011884064719       0.0000003594747341       0.2561889859832784
       0.0000011577732034       0.0000003594747341       0.2491447127244635
       0.0000011275399200       0.0000003594747341       0.2421944005576252
       0.0000010977066218       0.0000003594747341       0.2353380494453235
       0.0000010682733088       0.0000003594747341       0.2285756593532760
       0.0000010392399810       0.0000003594747341       0.2219072302538985
       0.0000010106066383       0.0000003594747341       0.2153327621072190
       0.0000009823732809       0.0000003594747341       0.2088522548887871
       0.0000009545399086       0.0000003594747341       0.2024657085620828
       0.0000009271065215       0.0000003594747341       0.1961731230948027
       0.0000009000731195       0.0000003594747341       0.1899744984565091
       0.0000008734397028       0.0000003594747341       0.1838698346208250
       0.0000008472062712       0.0000003594747341       0.1778591315545655
       0.0000008213728248       0.0000003594747341       0.1719423892271606
       0.0000007959393636       0.0000003594747341       0.1661196076124180
       0.0000007709058875       0.0000003594747341       0.1603907866852009
       0.0000007462723966       0.0000003594747341       0.1547559264071493
       0.0000007220388910       0.0000003594747341       0.1492150267590256
       0.0000006982053704       0.0000003594747341       0.1437680877121494
       0.0000006747718351       0.0000003594747341       0.1384151092360938
       0.0000006517382850       0.0000003594747341       0.1331560913102535
       0.0000006291047200       0.0000003594747341       0.1279910339077580
       0.0000006068711402       0.0000003594747341       0.1229199370000933
       0.0000005850375456       0.0000003594747341       0.1179428005614436
       0.0000005636039361       0.0000003594747341       0.1130596245717655
       0.0000005425703119       0.0000003594747341       0.1082704090079593
       0.0000005219366727       0.0000003594747341       0.1035751538381731
       0.0000005017030188       0.0000003594747341       0.0989738590514602
       0.0000004818693501       0.0000003594747341       0.0944665246131963
       0.0000004624356665       0.0000003594747341       0.0900531505101712
       0.0000004434019682       0.0000003594747341       0.0857337367207481
       0.0000004247682549       0.0000003594747341       0.0815082832166998
       0.0000004065345269       0.0000003594747341       0.0773767899813034
       0.0000003887007841       0.0000003594747341       0.0733392569950999
       0.0000003712670264       0.0000003594747341       0.0693956842372505
       0.0000003542332539       0.0000003594747341       0.0655460716887092
       0.0000003375994666       0.0000003594747341       0.0617904193336042
       0.0000003213656644       0.0000003594747341       0.0581287271470349
       0.0000003055318474       0.0000003594747341       0.0545609951171669
       0.0000002900980156       0.0000003594747341       0.0510872232235438
       0.0000002750641690       0.0000003594747341       0.0477074114444082
       0.0000002604303076       0.0000003594747340       0.0444215597731988
       0.0000002461964313       0.0000003594747340       0.0412296681915938
       0.0000002323625402       0.0000003594747337       0.0381317366870575
       0.0000002189286343       0.0000003594747325       0.0351277652706817
       0.0000002058947134       0.0000003594747279       0.0322177540155678
       0.0000001932607775       0.0000003594747105       0.0294017032351541
       0.0000001810268255       0.0000003594746470       0.0266796140773125
       0.0000001691928549       0.0000003594744201       0.0240514906055570
       0.0000001577588563       0.0000003594736429       0.0215173461885517
       0.0000001467248039       0.0000003594711845       0.0190772190613724
       0.0000001360906462       0.0000003594646164       0.0167311881802938
       0.0000001258563629       0.0000003594515350       0.0144793243989264
       0.0000001160220882       0.0000003594335550       0.0123215747776844
       0.0000001065880103       0.0000003594163858       0.0102577680222794
       0.0000000975541229       0.0000003594041659       0.0082877703713236
       0.0000000889202679       0.0000003593968535       0.0064115719580551
       0.0000000806863350       0.0000003593923299       0.0046292396456347
       0.0000000728523025       0.0000003593877468       0.0029408683786087
       0.0000000654181889       0.0000003593778924       0.0013466352591808
       0.0000000583840142       0.0000003593490573      -0.0001529967511232
       0.0000000517497799       0.0000003592621211      -0.0015567187167514
       0.0000000455154825       0.0000003590064252      -0.0028608167589864
       0.0000000396811364       0.0000003582695349      -0.0040548025674745
       0.0000000342467550       0.0000003561728880      -0.0051092561618564
       0.0000000292123290       0.0000003503542428      -0.0059458223616282
       0.0000000245778288       0.0000003353406344      -0.0063874297448477
       0.0000000203432442       0.0000003023281576      -0.0061648214503692
       0.0000000165087379       0.0000002461059046      -0.0051422298277047
       0.0000000130746281       0.0000001756989129      -0.0035986625841704
       0.0000000100409896       0.0000001104307669      -0.0021015958533322
       0.0000000074074969       0.0000000632237670      -0.0010552304361475
       0.0000000051737117       0.0000000344912492      -0.0004975985864305
       0.0000000033394583       0.0000000186846724      -0.0002612272044029
       0.0000000019049400       0.0000000104684989      -0.0001878092973985
       0.0000000008703950       0.0000000062150112      -0.0001486493894566
       0.0000000002359320       0.0000000040782111      -0.0000872570478748
       0.0000000000015163       0.0000000030381534       0.0000284888416747
      -0.0000000000000130       0.0000000029563646       0.0000426474605079
