       0.0000000000000000       0.0000000000000000      -0.0000000000591164
       0.0000000000000000       0.0000000000000000       0.0000000010618366
       0.0000000000000000       0.0000000000000000       0.0000000032506280
       0.0000000000000000       0.0000000000000000       0.0000000087730810
       0.0000000000000000       0.0000000000000000       0.0000000220954009
       0.0000000000000000       0.0000000000000000       0.0000000534142158
       0.0000000000000000       0.0000000000000000       0.0000001258958907
       0.0000000000000000       0.0000000000000000       0.0000002920013753
       0.0000000000000000       0.0000000000000000       0.0000006702724358
       0.0000000000000000       0.0000000000000000       0.0000015281839709
       0.0000000000000001       0.0000000000000000       0.0000034686872227
       0.0000000000000002       0.0000000000000000       0.0000078501218636
       0.0000000000000006       0.0000000000000000       0.0000177313028250
       0.0000000000000012       0.0000000000000000       0.0000399983893394
       0.0000000000000028       0.0000000000000000       0.0000901509788488
       0.0000000000000006       0.0000000000000000       0.0001626336833015
      -0.0000000000000043       0.0000000000000000       0.0002563455255946
      -0.0000000000000116       0.0000000000000000       0.0003712865056243
      -0.0000000000000213       0.0000000000000000       0.0005074566233967
      -0.0000000000000335       0.0000000000000000       0.0006648558790406
      -0.0000000000000481       0.0000000000000000       0.0008434842726948
      -0.0000000000000651       0.0000000000000000       0.0010433418044953
      -0.0000000000000846       0.0000000000000000       0.0012644284746059
      -0.0000000000001065       0.0000000000000000       0.0015067442832102
      -0.0000000000001308       0.0000000000000000       0.0017702892304196
      -0.0000000000001576       0.0000000000000000       0.0020550633164613
      -0.0000000000001868       0.0000000000000000       0.0023610665415995
      -0.0000000000002185       0.0000000000000000       0.0026882989060454
      -0.0000000000002526       0.0000000000000000       0.0030367604100222
      -0.0000000000002891       0.0000000000000000       0.0034064510538307
      -0.0000000000003281       0.0000000000000000       0.0037973708377195
      -0.0000000000003695       0.0000000000000000       0.0042095197620568
      -0.0000000000004133       0.0000000000000000       0.0046428978271283
      -0.0000000000004596       0.0000000000000000       0.0050975050332273
      -0.0000000000005083       0.0000000000000000       0.0055733413807409
      -0.0000000000005594       0.0000000000000000       0.0060704068700699
      -0.0000000000006130       0.0000000000000000       0.0065887015016033
      -0.0000000000006690       0.0000000000000000       0.0071282252756609
      -0.0000000000007274       0.0000000000000000       0.0076889781927812
      -0.0000000000007883       0.0000000000000000       0.0082709602533140
      -0.0000000000008516       0.0000000000000000       0.0088741714577831
      -0.0000000000009174       0.0000000000000000       0.0094986118066321
      -0.0000000000009855       0.0000000000000000       0.0101442813002946
      -0.0000000000010562       0.0000000000000000       0.0108111799393712
      -0.0000000000011292       0.0000000000000000       0.0114993077243404
      -0.0000000000012047       0.0000000000000000       0.0122086646557480
      -0.0000000000012826       0.0000000000000000       0.0129392507341447
      -0.0000000000013630       0.0000000000000000       0.0136910659601409
      -0.0000000000014458       0.0000000000000000       0.0144641103343121
      -0.0000000000015310       0.0000000000000000       0.0152583838572310
      -0.0000000000016187       0.0000000000000000       0.0160738865295588
      -0.0000000000017088       0.0000000000000000       0.0169106183519636
      -0.0000000000018013       0.0000000000000000       0.0177685793251189
      -0.0000000000018963       0.0000000000000000       0.0186477694498967
      -0.0000000000019937       0.0000000000000000       0.0195481887282807
      -0.0000000000020936      -0.0000000000000002       0.0204698371681347
      -0.0000000000021960      -0.0000000000000009       0.0214127148090396
      -0.0000000000023013      -0.0000000000000050       0.0223768218553379
      -0.0000000000024115      -0.0000000000000261       0.0233621593364939
      -0.0000000000025359      -0.0000000000001292       0.0243687321548294
      -0.0000000000027132      -0.0000000000005950       0.0253965614669245
      -0.0000000000030515      -0.0000000000023026       0.0264457135734751
      -0.0000000000035654      -0.0000000000062157       0.0275162607966397
      -0.0000000000038412      -0.0000000000110070       0.0286081025228492
      -0.0000000000037509      -0.0000000000146485       0.0297210845525123
      -0.0000000000036230      -0.0000000000168973       0.0308551889158794
      -0.0000000000036019      -0.0000000000183062       0.0320104592661720
      -0.0000000000036590      -0.0000000000193128       0.0331869277848142
      -0.0000000000037645      -0.0000000000201553       0.0343846137359023
      -0.0000000000038890      -0.0000000000209309       0.0356035238123314
      -0.0000000000040261      -0.0000000000216849       0.0368436621072007
      -0.0000000000041636      -0.0000000000224308       0.0381050276799677
      -0.0000000000043100      -0.0000000000231891       0.0393876231741587
      -0.0000000000044589      -0.0000000000239599       0.0406914486176426
      -0.0000000000046104      -0.0000000000247432       0.0420165040186842
      -0.0000000000047644      -0.0000000000255390       0.0433627893742261
      -0.0000000000049209      -0.0000000000263473       0.0447303046823086
      -0.0000000000050800      -0.0000000000271681       0.0461190499435656
      -0.0000000000052416      -0.0000000000280014       0.0475290251597550
      -0.0000000000054058      -0.0000000000288472       0.0489602303322308
      -0.0000000000055724      -0.0000000000297055       0.0504126654622486
      -0.0000000000057417      -0.0000000000305763       0.0518863305509448
      -0.0000000000059134      -0.0000000000314596       0.0533812255993565
      -0.0000000000060877      -0.0000000000323554       0.0548973506087291
      -0.0000000000062646      -0.0000000000332636       0.0564347055802967
      -0.0000000000064439      -0.0000000000341844       0.0579932905152022
      -0.0000000000066258      -0.0000000000351176       0.0595731054147832
      -0.0000000000068103      -0.0000000000360634       0.0611741502802442
      -0.0000000000069972      -0.0000000000370216       0.0627964251128897
      -0.0000000000071868      -0.0000000000379924       0.0644399299139548
      -0.0000000000073788      -0.0000000000389756       0.0661046646848139
      -0.0000000000075734      -0.0000000000399714       0.0677906294268068
      -0.0000000000077705      -0.0000000000409796       0.0694978241412088
      -0.0000000000079702      -0.0000000000420003       0.0712262488294225
      -0.0000000000081724      -0.0000000000430335       0.0729759034928255
      -0.0000000000083771      -0.0000000000440792       0.0747467881328247
      -0.0000000000085844      -0.0000000000451375       0.0765389027507952
      -0.0000000000087942      -0.0000000000462082       0.0783522473481966
      -0.0000000000090065      -0.0000000000472914       0.0801868219264698
      -0.0000000000092214      -0.0000000000483870       0.0820426264870850
      -0.0000000000094388      -0.0000000000494952       0.0839196610315315
      -0.0000000000096588      -0.0000000000506159       0.0858179255612741
      -0.0000000000098813      -0.0000000000517491       0.0877374200778379
      -0.0000000000101063      -0.0000000000528948       0.0896781445827713
      -0.0000000000103339      -0.0000000000540529       0.0916400990775885
      -0.0000000000105640      -0.0000000000552236       0.0936232835639415
      -0.0000000000107966      -0.0000000000564068       0.0956276980433367
      -0.0000000000110318      -0.0000000000576024       0.0976533425173559
      -0.0000000000112695      -0.0000000000588106       0.0997002169876769
      -0.0000000000115098      -0.0000000000600312       0.1017683214559198
      -0.0000000000117525      -0.0000000000612643       0.1038576559237138
      -0.0000000000119979      -0.0000000000625100       0.1059682203927422
      -0.0000000000122568      -0.0000000000626173       0.1061500991360021
      -0.0000000000122814      -0.0000000000626233       0.1061394831712306
      -0.0000000000122799      -0.0000000000626292       0.1061288708638422
      -0.0000000000122795      -0.0000000000626377       0.1061129529561856
      -0.0000000000122790      -0.0000000000626496       0.1060890768557257
      -0.0000000000122783      -0.0000000000626659       0.1060532669006283
      -0.0000000000122768      -0.0000000000626870       0.1059995631505382
      -0.0000000000122740      -0.0000000000627126       0.1059190329001987
      -0.0000000000122692      -0.0000000000627406       0.1057982943233870
      -0.0000000000122608      -0.0000000000627660       0.1056173143840261
      -0.0000000000122472      -0.0000000000627810       0.1053461333090934
      -0.0000000000122262      -0.0000000000627768       0.1049400134972755
      -0.0000000000121952      -0.0000000000627474       0.1043323029922799
      -0.0000000000121517      -0.0000000000626971       0.1034240462358391
      -0.0000000000120901      -0.0000000000626460       0.1020691081869101
      -0.0000000000120024      -0.0000000000626166       0.1000534568955467
      -0.0000000000117759      -0.0000000000626074       0.0980030263868792
      -0.0000000000115365      -0.0000000000626050       0.0959738257557858
      -0.0000000000112983      -0.0000000000626044       0.0939658544358867
      -0.0000000000110622      -0.0000000000626043       0.0919791123337877
      -0.0000000000108284      -0.0000000000626042       0.0900135994573035
      -0.0000000000105970      -0.0000000000626042       0.0880693158063106
      -0.0000000000103680      -0.0000000000626042       0.0861462613706553
      -0.0000000000101415      -0.0000000000626042       0.0842444361427451
      -0.0000000000099174      -0.0000000000626042       0.0823638401195756
      -0.0000000000096957      -0.0000000000626042       0.0805044733004168
      -0.0000000000094765      -0.0000000000626042       0.0786663356845140
      -0.0000000000092597      -0.0000000000626042       0.0768494272704398
      -0.0000000000090454      -0.0000000000626042       0.0750537480566392
      -0.0000000000088335      -0.0000000000626042       0.0732792980416432
      -0.0000000000086240      -0.0000000000626042       0.0715260772239118
      -0.0000000000084170      -0.0000000000626042       0.0697940856021001
      -0.0000000000082124      -0.0000000000626042       0.0680833231747900
      -0.0000000000080102      -0.0000000000626042       0.0663937899406287
      -0.0000000000078105      -0.0000000000626042       0.0647254858981968
      -0.0000000000076132      -0.0000000000626042       0.0630784110461573
      -0.0000000000074183      -0.0000000000626042       0.0614525653832646
      -0.0000000000072259      -0.0000000000626042       0.0598479489080397
      -0.0000000000070359      -0.0000000000626042       0.0582645616193357
      -0.0000000000068484      -0.0000000000626042       0.0567024035157710
      -0.0000000000066633      -0.0000000000626042       0.0551614745961138
      -0.0000000000064806      -0.0000000000626042       0.0536417748591188
      -0.0000000000063003      -0.0000000000626042       0.0521433043035779
      -0.0000000000061225      -0.0000000000626042       0.0506660629282176
      -0.0000000000059472      -0.0000000000626042       0.0492100507318793
      -0.0000000000057742      -0.0000000000626042       0.0477752677134115
      -0.0000000000056037      -0.0000000000626042       0.0463617138715852
      -0.0000000000054357      -0.0000000000626042       0.0449693892052843
      -0.0000000000052700      -0.0000000000626042       0.0435982937134285
      -0.0000000000051068      -0.0000000000626042       0.0422484273948163
      -0.0000000000049461      -0.0000000000626042       0.0409197902483993
      -0.0000000000047878      -0.0000000000626042       0.0396123822731170
      -0.0000000000046319      -0.0000000000626042       0.0383262034678996
      -0.0000000000044784      -0.0000000000626042       0.0370612538317112
      -0.0000000000043274      -0.0000000000626042       0.0358175333634617
      -0.0000000000041789      -0.0000000000626042       0.0345950420621717
      -0.0000000000040327      -0.0000000000626042       0.0333937799269107
      -0.0000000000038890      -0.0000000000626042       0.0322137469566491
      -0.0000000000037477      -0.0000000000626042       0.0310549431504289
      -0.0000000000036089      -0.0000000000626042       0.0299173685073229
      -0.0000000000034725      -0.0000000000626042       0.0288010230264260
      -0.0000000000033385      -0.0000000000626042       0.0277059067067386
      -0.0000000000032070      -0.0000000000626042       0.0266320195474521
      -0.0000000000030779      -0.0000000000626042       0.0255793615477110
      -0.0000000000029513      -0.0000000000626042       0.0245479327066037
      -0.0000000000028271      -0.0000000000626042       0.0235377330233702
      -0.0000000000027053      -0.0000000000626042       0.0225487624970594
      -0.0000000000025859      -0.0000000000626042       0.0215810211269858
      -0.0000000000024690      -0.0000000000626042       0.0206345089122833
      -0.0000000000023545      -0.0000000000626042       0.0197092258522531
      -0.0000000000022425      -0.0000000000626042       0.0188051719460821
      -0.0000000000021329      -0.0000000000626042       0.0179223471930346
      -0.0000000000020257      -0.0000000000626042       0.0170607515924072
      -0.0000000000019210      -0.0000000000626042       0.0162203851435146
      -0.0000000000018187      -0.0000000000626042       0.0154012478456494
      -0.0000000000017188      -0.0000000000626042       0.0146033396981493
      -0.0000000000016214      -0.0000000000626042       0.0138266607003940
      -0.0000000000015264      -0.0000000000626042       0.0130712108516704
      -0.0000000000014338      -0.0000000000626042       0.0123369901514073
      -0.0000000000013437      -0.0000000000626042       0.0116239985990242
      -0.0000000000012560      -0.0000000000626042       0.0109322361939392
      -0.0000000000011708      -0.0000000000626042       0.0102617029355400
      -0.0000000000010880      -0.0000000000626042       0.0096123988233199
      -0.0000000000010076      -0.0000000000626042       0.0089843238567016
      -0.0000000000009297      -0.0000000000626042       0.0083774780352043
      -0.0000000000008541      -0.0000000000626042       0.0077918613583414
      -0.0000000000007811      -0.0000000000626042       0.0072274738255799
      -0.0000000000007104      -0.0000000000626042       0.0066843154365062
      -0.0000000000006422      -0.0000000000626042       0.0061623861906589
      -0.0000000000005765      -0.0000000000626042       0.0056616860876119
      -0.0000000000005131      -0.0000000000626042       0.0051822151269490
      -0.0000000000004522      -0.0000000000626042       0.0047239733082638
      -0.0000000000003938      -0.0000000000626042       0.0042869606312099
      -0.0000000000003378      -0.0000000000626042       0.0038711770953597
      -0.0000000000002842      -0.0000000000626042       0.0034766227004178
      -0.0000000000002330      -0.0000000000626042       0.0031032974460501
      -0.0000000000001843      -0.0000000000626042       0.0027512013319415
      -0.0000000000001380      -0.0000000000626042       0.0024203343578128
      -0.0000000000000942      -0.0000000000626042       0.0021106965233951
      -0.0000000000000528      -0.0000000000626042       0.0018222878283576
      -0.0000000000000138      -0.0000000000626042       0.0015551082725213
       0.0000000000000227      -0.0000000000626042       0.0013091578556880
       0.0000000000000568      -0.0000000000626042       0.0010844365775797
       0.0000000000000885      -0.0000000000626042       0.0008809444379635
       0.0000000000001177      -0.0000000000626042       0.0006986814365336
       0.0000000000001445      -0.0000000000626042       0.0005376475719164
       0.0000000000001689      -0.0000000000626041       0.0003978428372692
       0.0000000000001910      -0.0000000000626034       0.0002792671965513
       0.0000000000002110      -0.0000000000625996       0.0001819204636479
       0.0000000000002308      -0.0000000000625806       0.0001058017099748
       0.0000000000002588      -0.0000000000624878       0.0000509064824842
       0.0000000000003324      -0.0000000000620545       0.0000172145589762
       0.0000000000005972      -0.0000000000602087       0.0000046447052968
       0.0000000000014058      -0.0000000000539340       0.0000129691245088
       0.0000000000027290      -0.0000000000403642       0.0000419749669141
       0.0000000000032518      -0.0000000000239157       0.0000919932824837
       0.0000000000024556      -0.0000000000118291       0.0001635688750173
       0.0000000000014270      -0.0000000000053838       0.0002568015943037
       0.0000000000007993      -0.0000000000024629       0.0003715250792666
       0.0000000000004716      -0.0000000000012767       0.0005076121969379
       0.0000000000003377      -0.0000000000008187       0.0006649802832184
       0.0000000000002661      -0.0000000000006946       0.0008436021107488
       0.0000000000002246      -0.0000000000007188       0.0010434640608984
       0.0000000000002012      -0.0000000000008111       0.0012645575370287
       0.0000000000001652      -0.0000000000009590       0.0015068866682458
       0.0000000000001414      -0.0000000000011175       0.0017704454323943
       0.0000000000001141      -0.0000000000012885       0.0020552341487958
       0.0000000000000843      -0.0000000000014721       0.0023612527846193
       0.0000000000000521      -0.0000000000016682       0.0026885013414260
       0.0000000000000173      -0.0000000000018767       0.0030369798189051
      -0.0000000000000201      -0.0000000000020978       0.0034066882173819
      -0.0000000000000600      -0.0000000000023313       0.0037976265371464
      -0.0000000000001024      -0.0000000000025773       0.0042097947785622
      -0.0000000000001473      -0.0000000000028359       0.0046431929420421
      -0.0000000000001948      -0.0000000000031069       0.0050978210278486
      -0.0000000000002448      -0.0000000000033904       0.0055736790362548
      -0.0000000000002974      -0.0000000000036864       0.0060707669677909
      -0.0000000000003525      -0.0000000000039949       0.0065890848227287
      -0.0000000000004101      -0.0000000000043159       0.0071286326014929
      -0.0000000000004702      -0.0000000000046494       0.0076894103045287
      -0.0000000000005329      -0.0000000000049954       0.0082714179322634
      -0.0000000000005982      -0.0000000000053539       0.0088746554851914
      -0.0000000000006660      -0.0000000000057249       0.0094991229637115
      -0.0000000000007363      -0.0000000000061084       0.0101448203683993
      -0.0000000000008091      -0.0000000000065043       0.0108117476996536
      -0.0000000000008845      -0.0000000000069128       0.0114999049581720
      -0.0000000000009624      -0.0000000000073338       0.0122092921443074
      -0.0000000000010429      -0.0000000000077672       0.0129399092587109
      -0.0000000000011258      -0.0000000000082132       0.0136917563019977
      -0.0000000000012114      -0.0000000000086716       0.0144648332746812
      -0.0000000000012994      -0.0000000000091426       0.0152591401774234
      -0.0000000000013900      -0.0000000000096260       0.0160746770108164
      -0.0000000000014832      -0.0000000000101219       0.0169114437755721
      -0.0000000000015788      -0.0000000000106304       0.0177694404722290
      -0.0000000000016770      -0.0000000000111513       0.0186486671016011
      -0.0000000000017778      -0.0000000000116847       0.0195491236643084
      -0.0000000000018811      -0.0000000000122306       0.0204708101610684
      -0.0000000000019869      -0.0000000000127890       0.0214137265926430
      -0.0000000000020952      -0.0000000000133599       0.0223778729597590
      -0.0000000000022061      -0.0000000000139433       0.0233632492631404
      -0.0000000000023195      -0.0000000000145392       0.0243698555036770
      -0.0000000000024355      -0.0000000000151476       0.0253976916820467
      -0.0000000000025540      -0.0000000000157685       0.0264467577991388
      -0.0000000000026750      -0.0000000000164019       0.0275170538557414
      -0.0000000000027986      -0.0000000000170478       0.0286085798527626
      -0.0000000000029247      -0.0000000000177061       0.0297213357910308
      -0.0000000000030533      -0.0000000000183770       0.0308553216713888
      -0.0000000000031845      -0.0000000000190604       0.0320105374948098
      -0.0000000000033182      -0.0000000000197562       0.0331869832622058
      -0.0000000000034545      -0.0000000000204646       0.0343846589744484
      -0.0000000000035932      -0.0000000000211854       0.0356035646325720
      -0.0000000000037346      -0.0000000000219187       0.0368437002374828
      -0.0000000000038784      -0.0000000000226646       0.0381050657901804
      -0.0000000000040248      -0.0000000000234229       0.0393876612916609
      -0.0000000000041738      -0.0000000000241937       0.0406914867429695
      -0.0000000000043252      -0.0000000000249770       0.0420165421451488
      -0.0000000000044792      -0.0000000000257729       0.0433628274992523
      -0.0000000000046358      -0.0000000000265812       0.0447303428063042
      -0.0000000000047948      -0.0000000000274020       0.0461190880674417
      -0.0000000000049565      -0.0000000000282353       0.0475290632837465
      -0.0000000000051206      -0.0000000000290811       0.0489602684563625
      -0.0000000000052873      -0.0000000000299393       0.0504127035863801
      -0.0000000000054565      -0.0000000000308101       0.0518863686750375
      -0.0000000000056283      -0.0000000000316934       0.0533812637234470
      -0.0000000000058026      -0.0000000000325892       0.0548973887328279
      -0.0000000000059794      -0.0000000000334974       0.0564347437043255
      -0.0000000000061588      -0.0000000000344182       0.0579933286392788
      -0.0000000000063407      -0.0000000000353515       0.0595731435388044
      -0.0000000000065251      -0.0000000000362972       0.0611741884042482
      -0.0000000000067121      -0.0000000000372555       0.0627964632368761
      -0.0000000000069016      -0.0000000000382262       0.0644399680379515
      -0.0000000000070937      -0.0000000000392095       0.0661047028088156
      -0.0000000000072882      -0.0000000000402052       0.0677906675507886
      -0.0000000000074854      -0.0000000000412134       0.0694978622651979
      -0.0000000000076850      -0.0000000000422341       0.0712262869533651
      -0.0000000000078872      -0.0000000000432674       0.0729759416167587
      -0.0000000000080920      -0.0000000000443131       0.0747468262567479
      -0.0000000000082992      -0.0000000000453713       0.0765389408747251
      -0.0000000000085090      -0.0000000000464420       0.0783522854720926
      -0.0000000000087214      -0.0000000000475252       0.0801868600503653
      -0.0000000000089363      -0.0000000000486209       0.0820426646109668
      -0.0000000000091537      -0.0000000000497291       0.0839196991553984
      -0.0000000000093736      -0.0000000000508497       0.0858179636851208
      -0.0000000000095961      -0.0000000000519829       0.0877374582016728
      -0.0000000000098212      -0.0000000000531286       0.0896781827065862
      -0.0000000000100487      -0.0000000000542868       0.0916401372014208
      -0.0000000000102788      -0.0000000000554574       0.0936233216877472
      -0.0000000000105115      -0.0000000000566406       0.0956277361671357
      -0.0000000000107466      -0.0000000000578362       0.0976533806411331
      -0.0000000000109843      -0.0000000000590444       0.0997002551114566
      -0.0000000000112246      -0.0000000000602650       0.1017683595796781
      -0.0000000000114674      -0.0000000000614982       0.1038576940474667
      -0.0000000000117127      -0.0000000000627438       0.1059682585165016
      -0.0000000000119716      -0.0000000000628511       0.1061501372597602
      -0.0000000000119962      -0.0000000000628572       0.1061395212949977
      -0.0000000000119947      -0.0000000000628631       0.1061289089876036
      -0.0000000000119943      -0.0000000000628715       0.1061129910799251
      -0.0000000000119939      -0.0000000000628835       0.1060891149794787
      -0.0000000000119931      -0.0000000000628997       0.1060533050243950
      -0.0000000000119916      -0.0000000000629208       0.1059996012742856
      -0.0000000000119889      -0.0000000000629464       0.1059190710239148
      -0.0000000000119840      -0.0000000000629744       0.1057983324471429
      -0.0000000000119756      -0.0000000000629998       0.1056173525077864
      -0.0000000000119620      -0.0000000000630149       0.1053461714328753
      -0.0000000000119410      -0.0000000000630106       0.1049400516210790
      -0.0000000000119100      -0.0000000000629812       0.1043323411160324
      -0.0000000000118665      -0.0000000000629309       0.1034240843595715
      -0.0000000000118049      -0.0000000000628798       0.1020691463106505
      -0.0000000000117173      -0.0000000000628504       0.1000534950193091
      -0.0000000000114908      -0.0000000000628413       0.0980030645106389
      -0.0000000000112514      -0.0000000000628388       0.0959738638795620
      -0.0000000000110132      -0.0000000000628382       0.0939658925596768
      -0.0000000000107770      -0.0000000000628381       0.0919791504575193
      -0.0000000000105432      -0.0000000000628381       0.0900136375810575
      -0.0000000000103118      -0.0000000000628381       0.0880693539300536
      -0.0000000000100829      -0.0000000000628381       0.0861462994944343
      -0.0000000000098563      -0.0000000000628381       0.0842444742664808
      -0.0000000000096322      -0.0000000000628381       0.0823638782433460
      -0.0000000000094106      -0.0000000000628381       0.0805045114242234
      -0.0000000000091914      -0.0000000000628381       0.0786663738082758
      -0.0000000000089746      -0.0000000000628381       0.0768494653942323
      -0.0000000000087602      -0.0000000000628381       0.0750537861804558
      -0.0000000000085483      -0.0000000000628381       0.0732793361654297
      -0.0000000000083389      -0.0000000000628381       0.0715261153477261
      -0.0000000000081318      -0.0000000000628381       0.0697941237259004
      -0.0000000000079272      -0.0000000000628381       0.0680833612986207
      -0.0000000000077251      -0.0000000000628381       0.0663938280644629
      -0.0000000000075253      -0.0000000000628381       0.0647255240220514
      -0.0000000000073280      -0.0000000000628381       0.0630784491700207
      -0.0000000000071332      -0.0000000000628381       0.0614526035070856
      -0.0000000000069408      -0.0000000000628381       0.0598479870319026
      -0.0000000000067508      -0.0000000000628381       0.0582645997432059
      -0.0000000000065632      -0.0000000000628381       0.0567024416396246
      -0.0000000000063781      -0.0000000000628381       0.0551615127199691
      -0.0000000000061954      -0.0000000000628381       0.0536418129830080
      -0.0000000000060152      -0.0000000000628381       0.0521433424274445
      -0.0000000000058374      -0.0000000000628381       0.0506661010520874
      -0.0000000000056620      -0.0000000000628381       0.0492100888557851
      -0.0000000000054891      -0.0000000000628381       0.0477753058372779
      -0.0000000000053186      -0.0000000000628381       0.0463617519954900
      -0.0000000000051505      -0.0000000000628381       0.0449694273292079
      -0.0000000000049849      -0.0000000000628381       0.0435983318373361
      -0.0000000000048217      -0.0000000000628381       0.0422484655187423
      -0.0000000000046609      -0.0000000000628381       0.0409198283723448
      -0.0000000000045026      -0.0000000000628381       0.0396124203970691
      -0.0000000000043467      -0.0000000000628381       0.0383262415918397
      -0.0000000000041933      -0.0000000000628381       0.0370612919556353
      -0.0000000000040423      -0.0000000000628381       0.0358175714873989
      -0.0000000000038937      -0.0000000000628381       0.0345950801861726
      -0.0000000000037476      -0.0000000000628381       0.0333938180508585
      -0.0000000000036038      -0.0000000000628381       0.0322137850806404
      -0.0000000000034626      -0.0000000000628381       0.0310549812744290
      -0.0000000000033237      -0.0000000000628381       0.0299174066313318
      -0.0000000000031873      -0.0000000000628381       0.0288010611504098
      -0.0000000000030534      -0.0000000000628381       0.0277059448307837
      -0.0000000000029219      -0.0000000000628381       0.0266320576715160
      -0.0000000000027928      -0.0000000000628381       0.0255793996717573
      -0.0000000000026661      -0.0000000000628381       0.0245479708306851
      -0.0000000000025419      -0.0000000000628381       0.0235377711474046
      -0.0000000000024201      -0.0000000000628381       0.0225488006211489
      -0.0000000000023008      -0.0000000000628381       0.0215810592510696
      -0.0000000000021839      -0.0000000000628381       0.0206345470363763
      -0.0000000000020694      -0.0000000000628381       0.0197092639763475
      -0.0000000000019573      -0.0000000000628381       0.0188052100701742
      -0.0000000000018477      -0.0000000000628381       0.0179223853171583
      -0.0000000000017406      -0.0000000000628381       0.0170607897165617
      -0.0000000000016358      -0.0000000000628381       0.0162204232677005
      -0.0000000000015335      -0.0000000000628381       0.0154012859698189
      -0.0000000000014337      -0.0000000000628381       0.0146033778223386
      -0.0000000000013362      -0.0000000000628381       0.0138266988245399
      -0.0000000000012412      -0.0000000000628381       0.0130712489758579
      -0.0000000000011487      -0.0000000000628381       0.0123370282756436
      -0.0000000000010586      -0.0000000000628381       0.0116240367232447
      -0.0000000000009709      -0.0000000000628381       0.0109322743181545
      -0.0000000000008856      -0.0000000000628381       0.0102617410597834
      -0.0000000000008028      -0.0000000000628381       0.0096124369475787
      -0.0000000000007224      -0.0000000000628381       0.0089843619809677
      -0.0000000000006445      -0.0000000000628381       0.0083775161595111
      -0.0000000000005690      -0.0000000000628381       0.0077918994826122
      -0.0000000000004959      -0.0000000000628381       0.0072275119499111
      -0.0000000000004253      -0.0000000000628381       0.0066843535608261
      -0.0000000000003571      -0.0000000000628381       0.0061624243149884
      -0.0000000000002913      -0.0000000000628381       0.0056617242119685
      -0.0000000000002280      -0.0000000000628381       0.0051822532513063
      -0.0000000000001671      -0.0000000000628381       0.0047240114326452
      -0.0000000000001086      -0.0000000000628381       0.0042869987555649
      -0.0000000000000526      -0.0000000000628381       0.0038712152197570
       0.0000000000000010      -0.0000000000628381       0.0034766608248208
       0.0000000000000521      -0.0000000000628381       0.0031033355704771
       0.0000000000001009      -0.0000000000628381       0.0027512394564075
       0.0000000000001471      -0.0000000000628381       0.0024203724822609
       0.0000000000001910      -0.0000000000628381       0.0021107346478622
       0.0000000000002324      -0.0000000000628381       0.0018223259528420
       0.0000000000002714      -0.0000000000628381       0.0015551463970136
       0.0000000000003079      -0.0000000000628381       0.0013091959802114
       0.0000000000003420      -0.0000000000628381       0.0010844747020747
       0.0000000000003737      -0.0000000000628381       0.0008809825625450
       0.0000000000004029      -0.0000000000628380       0.0006987195611432
       0.0000000000004297      -0.0000000000628380       0.0005376856964878
       0.0000000000004541      -0.0000000000628379       0.0003978809618560
       0.0000000000004761      -0.0000000000628372       0.0002793053211827
       0.0000000000004962      -0.0000000000628335       0.0001819585882783
       0.0000000000005160      -0.0000000000628145       0.0001058398346522
       0.0000000000005439      -0.0000000000627216       0.0000509446072327
       0.0000000000006175      -0.0000000000622884       0.0000172526841758
       0.0000000000008824      -0.0000000000604426       0.0000046828321052
       0.0000000000005956      -0.0000000000602638       0.0000045916587948
