       0.0000000000000000       0.0000000000000000      -0.0000000000015456
       0.0000000000000001       0.0000000000000000      -0.0000000007466365
       0.0000000000000001       0.0000000000000000      -0.0000000023118208
       0.0000000000000001       0.0000000000000000      -0.0000000062597069
       0.0000000000000001       0.0000000000000000      -0.0000000157756177
       0.0000000000000001       0.0000000000000000      -0.0000000381464995
       0.0000000000000001       0.0000000000000000      -0.0000000899125984
       0.0000000000000003       0.0000000000000000      -0.0000002085504759
       0.0000000000000005       0.0000000000000000      -0.0000004787244357
       0.0000000000000011       0.0000000000000000      -0.0000010914719032
       0.0000000000000024       0.0000000000000000      -0.0000024774397307
       0.0000000000000054       0.0000000000000000      -0.0000056067955409
       0.0000000000000120       0.0000000000000000      -0.0000126642407356
       0.0000000000000271       0.0000000000000000      -0.0000285680855434
       0.0000000000000609       0.0000000000000000      -0.0000643886236934
       0.0000000000000984       0.0000000000000000      -0.0001161582225328
       0.0000000000001420       0.0000000000000000      -0.0001830906018438
       0.0000000000001918       0.0000000000000000      -0.0002651857203706
       0.0000000000002475       0.0000000000000000      -0.0003624435289655
       0.0000000000003093       0.0000000000000000      -0.0004748639854404
       0.0000000000003774       0.0000000000000000      -0.0006024470984680
       0.0000000000004519       0.0000000000000000      -0.0007451928773426
       0.0000000000005328       0.0000000000000000      -0.0009031013237774
       0.0000000000006201       0.0000000000000000      -0.0010761724598101
       0.0000000000007137       0.0000000000000000      -0.0012644062716668
       0.0000000000008136       0.0000000000000000      -0.0014678027723420
       0.0000000000009198       0.0000000000000000      -0.0016863619620593
       0.0000000000010324       0.0000000000000000      -0.0019200838386931
       0.0000000000011513       0.0000000000000000      -0.0021689684128006
       0.0000000000012766       0.0000000000000000      -0.0024330156848578
       0.0000000000014082       0.0000000000000000      -0.0027122256539274
       0.0000000000015461       0.0000000000000000      -0.0030065983414556
       0.0000000000016903       0.0000000000000000      -0.0033161337349673
       0.0000000000018410       0.0000000000000000      -0.0036408318411313
       0.0000000000019979       0.0000000000000000      -0.0039806926771367
       0.0000000000021611       0.0000000000000000      -0.0043357162424188
       0.0000000000023307       0.0000000000000000      -0.0047059025389862
       0.0000000000025067       0.0000000000000000      -0.0050912515784552
       0.0000000000026890       0.0000000000000000      -0.0054917633594885
       0.0000000000028776       0.0000000000000000      -0.0059074378989097
       0.0000000000030725       0.0000000000000000      -0.0063382751951189
       0.0000000000032738       0.0000000000000000      -0.0067842752619953
       0.0000000000034814       0.0000000000000000      -0.0072454380986526
       0.0000000000036953       0.0000000000000000      -0.0077217637268892
       0.0000000000039156       0.0000000000000000      -0.0082132521355159
       0.0000000000041423       0.0000000000000000      -0.0087199033452147
       0.0000000000043752       0.0000000000000000      -0.0092417173605795
       0.0000000000046145       0.0000000000000000      -0.0097786941934126
       0.0000000000048601       0.0000000000000000      -0.0103308338483507
       0.0000000000051121       0.0000000000000000      -0.0108981363354455
       0.0000000000053704       0.0000000000000000      -0.0114806016634920
       0.0000000000056350       0.0000000000000000      -0.0120782298480565
       0.0000000000059060       0.0000000000000000      -0.0126910208897773
       0.0000000000061833       0.0000000000000000      -0.0133189748103027
       0.0000000000064670       0.0000000000000000      -0.0139620916078766
       0.0000000000067570       0.0000000000000000      -0.0146203712912652
       0.0000000000070533       0.0000000000000000      -0.0152938138851908
       0.0000000000073559       0.0000000000000000      -0.0159824193966345
       0.0000000000076649       0.0000000000000000      -0.0166861878276529
       0.0000000000079802       0.0000000000000000      -0.0174051192036062
       0.0000000000083019       0.0000000000000000      -0.0181392135179423
       0.0000000000086299       0.0000000000000000      -0.0188884707960616
       0.0000000000089642       0.0000000000000000      -0.0196528910507717
       0.0000000000093049       0.0000000000000000      -0.0204324742935253
       0.0000000000096519      -0.0000000000000001      -0.0212272205249650
       0.0000000000100052      -0.0000000000000003      -0.0220371297524408
       0.0000000000103649      -0.0000000000000013      -0.0228622019680361
       0.0000000000107309      -0.0000000000000051      -0.0237024370622312
       0.0000000000111032      -0.0000000000000198      -0.0245578345886280
       0.0000000000114818      -0.0000000000000751      -0.0254283928766364
       0.0000000000118665      -0.0000000000002765      -0.0263141059403979
       0.0000000000122567      -0.0000000000009825      -0.0272149533935486
       0.0000000000126508      -0.0000000000032838      -0.0281308734418222
       0.0000000000130457      -0.0000000000098571      -0.0290617147559033
       0.0000000000134413      -0.0000000000262649      -0.0300071648454448
       0.0000000000138498      -0.0000000000681445      -0.0309663513151973
       0.0000000000142918      -0.0000000001894483      -0.0319362616594372
       0.0000000000147821      -0.0000000005625457      -0.0329072619403741
       0.0000000000153393      -0.0000000016998639      -0.0338507036206100
       0.0000000000159629      -0.0000000049929753      -0.0346887598072098
       0.0000000000165180      -0.0000000135181293      -0.0352492319455340
       0.0000000000168241      -0.0000000312568109      -0.0353086890092489
       0.0000000000169848      -0.0000000577257215      -0.0348926322752509
       0.0000000000172776      -0.0000000853431950      -0.0344240584037506
       0.0000000000177579      -0.0000001072757488      -0.0342906908036392
       0.0000000000183160      -0.0000001223859401      -0.0345440490507082
       0.0000000000188966      -0.0000001324496526      -0.0350904348816127
       0.0000000000194338      -0.0000001395137639      -0.0358222348079738
       0.0000000000198956      -0.0000001450247028      -0.0366509793872714
       0.0000000000203068      -0.0000001497272518      -0.0375379771154872
       0.0000000000207228      -0.0000001540388948      -0.0384608576231151
       0.0000000000212363      -0.0000001581776239      -0.0394033896372976
       0.0000000000218633      -0.0000001622139040      -0.0403699724539471
       0.0000000000225030      -0.0000001662591933      -0.0413516621677398
       0.0000000000231276      -0.0000001703433473      -0.0423459859769403
       0.0000000000237372      -0.0000001744736063      -0.0433523697216342
       0.0000000000243282      -0.0000001786520364      -0.0443706452047641
       0.0000000000249161      -0.0000001828792199      -0.0454007688148456
       0.0000000000255039      -0.0000001871553592      -0.0464427263771151
       0.0000000000260934      -0.0000001914805377      -0.0474965123203526
       0.0000000000266854      -0.0000001958547944      -0.0485621231958516
       0.0000000000272848      -0.0000002002781417      -0.0496395598740366
       0.0000000000278885      -0.0000002047505986      -0.0507288206158360
       0.0000000000284983      -0.0000002092721709      -0.0518299049372218
       0.0000000000291146      -0.0000002138428604      -0.0529428127198685
       0.0000000000297376      -0.0000002184626676      -0.0540675439370026
       0.0000000000303672      -0.0000002231315927      -0.0552040985879913
       0.0000000000310033      -0.0000002278496357      -0.0563524766908353
       0.0000000000316460      -0.0000002326167967      -0.0575126782625894
       0.0000000000322952      -0.0000002374330756      -0.0586847033159429
       0.0000000000329511      -0.0000002422984726      -0.0598685518653337
       0.0000000000336135      -0.0000002472129877      -0.0610642239412445
       0.0000000000324009      -0.0000002476359617      -0.0611669343228430
       0.0000000000322724      -0.0000002476601186      -0.0611579038835983
       0.0000000000322644      -0.0000002476837682      -0.0611488961113015
       0.0000000000322563      -0.0000002477181357      -0.0611354543214284
       0.0000000000322439      -0.0000002477673078      -0.0611154344134401
       0.0000000000322246      -0.0000002478360593      -0.0610857020475423
       0.0000000000321957      -0.0000002479289688      -0.0610417099465762
       0.0000000000321526      -0.0000002480483517      -0.0609769090313220
       0.0000000000320883      -0.0000002481905550      -0.0608819909699094
       0.0000000000319921      -0.0000002483410123      -0.0607434683056830
       0.0000000000318482      -0.0000002484698012      -0.0605417429640273
       0.0000000000316331      -0.0000002485322581      -0.0602476226293571
       0.0000000000313116      -0.0000002484803599      -0.0598167569955113
       0.0000000000308310      -0.0000002482901445      -0.0591804996385381
       0.0000000000301130      -0.0000002480015361      -0.0582331334723175
       0.0000000000290445      -0.0000002477376267      -0.0568183204751343
       0.0000000000284002      -0.0000002476063769      -0.0553713864587932
       0.0000000000278023      -0.0000002475497388      -0.0539348206442949
       0.0000000000272114      -0.0000002475270884      -0.0525111136998330
       0.0000000000266271      -0.0000002475185315      -0.0511015825505043
       0.0000000000260490      -0.0000002475154441      -0.0497068225497221
       0.0000000000254775      -0.0000002475143731      -0.0483270788291334
       0.0000000000249123      -0.0000002475140144      -0.0469624459164413
       0.0000000000243536      -0.0000002475138981      -0.0456129584114799
       0.0000000000238013      -0.0000002475138616      -0.0442786284633301
       0.0000000000232553      -0.0000002475138504      -0.0429594601544316
       0.0000000000227156      -0.0000002475138471      -0.0416554548152664
       0.0000000000221822      -0.0000002475138461      -0.0403666128303566
       0.0000000000216552      -0.0000002475138459      -0.0390929343320793
       0.0000000000211345      -0.0000002475138458      -0.0378344193260155
       0.0000000000206202      -0.0000002475138458      -0.0365910678027188
       0.0000000000201122      -0.0000002475138458      -0.0353628797543479
       0.0000000000196105      -0.0000002475138458      -0.0341498551482290
       0.0000000000191152      -0.0000002475138458      -0.0329519939709685
       0.0000000000186262      -0.0000002475138458      -0.0317692962031105
       0.0000000000181435      -0.0000002475138458      -0.0306017618237856
       0.0000000000176672      -0.0000002475138458      -0.0294493908121978
       0.0000000000171973      -0.0000002475138458      -0.0283121831530889
       0.0000000000167336      -0.0000002475138458      -0.0271901388307788
       0.0000000000162763      -0.0000002475138458      -0.0260832578192656
       0.0000000000158253      -0.0000002475138458      -0.0249915400996382
       0.0000000000153807      -0.0000002475138458      -0.0239149856568839
       0.0000000000149424      -0.0000002475138458      -0.0228535944783155
       0.0000000000145104      -0.0000002475138458      -0.0218073665420941
       0.0000000000140848      -0.0000002475138458      -0.0207763018308894
       0.0000000000136655      -0.0000002475138458      -0.0197604003253273
       0.0000000000132526      -0.0000002475138458      -0.0187596620089596
       0.0000000000128460      -0.0000002475138458      -0.0177740868676943
       0.0000000000124457      -0.0000002475138458      -0.0168036748893792
       0.0000000000120517      -0.0000002475138458      -0.0158484260541594
       0.0000000000116641      -0.0000002475138458      -0.0149083403420397
       0.0000000000112829      -0.0000002475138458      -0.0139834177453397
       0.0000000000109079      -0.0000002475138458      -0.0130736582425225
       0.0000000000105393      -0.0000002475138458      -0.0121790618234887
       0.0000000000101771      -0.0000002475138458      -0.0112996284660605
       0.0000000000098212      -0.0000002475138458      -0.0104353581615030
       0.0000000000094716      -0.0000002475138458      -0.0095862509031857
       0.0000000000091283      -0.0000002475138458      -0.0087523066591478
       0.0000000000087914      -0.0000002475138458      -0.0079335254298816
       0.0000000000084608      -0.0000002475138458      -0.0071299071966468
       0.0000000000081366      -0.0000002475138458      -0.0063414519482267
       0.0000000000078187      -0.0000002475138458      -0.0055681596703492
       0.0000000000075071      -0.0000002475138458      -0.0048100303506305
       0.0000000000072019      -0.0000002475138458      -0.0040670639738479
       0.0000000000069030      -0.0000002475138458      -0.0033392605276187
       0.0000000000066104      -0.0000002475138458      -0.0026266200076937
       0.0000000000063242      -0.0000002475138458      -0.0019291423970549
       0.0000000000060443      -0.0000002475138458      -0.0012468276814868
       0.0000000000057708      -0.0000002475138458      -0.0005796758534481
       0.0000000000055035      -0.0000002475138458       0.0000723130968198
       0.0000000000052426      -0.0000002475138458       0.0007091391797769
       0.0000000000049881      -0.0000002475138458       0.0013308024176965
       0.0000000000047399      -0.0000002475138458       0.0019373028010512
       0.0000000000044980      -0.0000002475138458       0.0025286403550989
       0.0000000000042625      -0.0000002475138458       0.0031048150841842
       0.0000000000040333      -0.0000002475138458       0.0036658269964964
       0.0000000000038104      -0.0000002475138458       0.0042116761042043
       0.0000000000035939      -0.0000002475138458       0.0047423624115153
       0.0000000000033837      -0.0000002475138458       0.0052578859367555
       0.0000000000031798      -0.0000002475138458       0.0057582466783259
       0.0000000000029823      -0.0000002475138458       0.0062434446526829
       0.0000000000027911      -0.0000002475138458       0.0067134798590678
       0.0000000000026062      -0.0000002475138458       0.0071683523125198
       0.0000000000024277      -0.0000002475138458       0.0076080620166311
       0.0000000000022555      -0.0000002475138458       0.0080326089812328
       0.0000000000020897      -0.0000002475138458       0.0084419932075270
       0.0000000000019302      -0.0000002475138458       0.0088362147104101
       0.0000000000017770      -0.0000002475138458       0.0092152734915622
       0.0000000000016301      -0.0000002475138458       0.0095791695562996
       0.0000000000014896      -0.0000002475138458       0.0099279029165799
       0.0000000000013555      -0.0000002475138458       0.0102614735747750
       0.0000000000012276      -0.0000002475138458       0.0105798815310459
       0.0000000000011061      -0.0000002475138458       0.0108831267970017
       0.0000000000009910      -0.0000002475138458       0.0111712093761142
       0.0000000000008821      -0.0000002475138458       0.0114441292743511
       0.0000000000007796      -0.0000002475138458       0.0117018864938497
       0.0000000000006835      -0.0000002475138458       0.0119444810381628
       0.0000000000005937      -0.0000002475138458       0.0121719129173855
       0.0000000000005102      -0.0000002475138458       0.0123841821307856
       0.0000000000004330      -0.0000002475138458       0.0125812886750646
       0.0000000000003622      -0.0000002475138458       0.0127632325656080
       0.0000000000002977      -0.0000002475138458       0.0129300137991737
       0.0000000000002396      -0.0000002475138458       0.0130816323830927
       0.0000000000001878      -0.0000002475138458       0.0132180883120658
       0.0000000000001423      -0.0000002475138458       0.0133393815969065
       0.0000000000001031      -0.0000002475138458       0.0134455122291371
       0.0000000000000703      -0.0000002475138458       0.0135364802201540
       0.0000000000000439      -0.0000002475138458       0.0136122855676541
       0.0000000000000237      -0.0000002475138458       0.0136729282706200
       0.0000000000000099      -0.0000002475138458       0.0137184083412137
       0.0000000000000025      -0.0000002475138458       0.0137487257650316
       0.0000000000000013      -0.0000002475138458       0.0137638805499958
       0.0000000000000065      -0.0000002475138458       0.0137638726922724
       0.0000000000000181      -0.0000002475138458       0.0137487022012366
       0.0000000000000360      -0.0000002475138458       0.0137183690697415
       0.0000000000000602      -0.0000002475138458       0.0136728732960288
       0.0000000000000907      -0.0000002475138458       0.0136122148849897
       0.0000000000001276      -0.0000002475138458       0.0135363938263085
       0.0000000000001708      -0.0000002475138458       0.0134454101315365
       0.0000000000002204      -0.0000002475138458       0.0133392637908022
       0.0000000000002763      -0.0000002475138458       0.0132179548024878
       0.0000000000003385      -0.0000002475138458       0.0130814831641927
       0.0000000000004070      -0.0000002475138458       0.0129298488743672
       0.0000000000004819      -0.0000002475138458       0.0127630519362499
       0.0000000000005632      -0.0000002475138458       0.0125810923425842
       0.0000000000006507      -0.0000002475138458       0.0123839700912994
       0.0000000000007446      -0.0000002475138458       0.0121716851716210
       0.0000000000008449      -0.0000002475138457       0.0119442375912061
       0.0000000000009514      -0.0000002475138455       0.0117016273345948
       0.0000000000010643      -0.0000002475138449       0.0114438543707131
       0.0000000000011836      -0.0000002475138422       0.0111709186236721
       0.0000000000013092      -0.0000002475138323       0.0108828197807781
       0.0000000000014412      -0.0000002475137958       0.0105795567373882
       0.0000000000015797      -0.0000002475136655       0.0102611256720445
       0.0000000000017254      -0.0000002475132156       0.0099275137223334
       0.0000000000018797      -0.0000002475117521       0.0095786813138967
       0.0000000000020470      -0.0000002475075842       0.0092145330398138
       0.0000000000022340      -0.0000002474985673       0.0088349442720420
       0.0000000000024391      -0.0000002474857507       0.0084399738198918
       0.0000000000026388      -0.0000002474739749       0.0080298985210765
       0.0000000000028094      -0.0000002474661892       0.0076048927743221
       0.0000000000029614      -0.0000002474619182       0.0071649247656123
       0.0000000000031237      -0.0000002474596159       0.0067099092225506
       0.0000000000033108      -0.0000002474575294       0.0062397459159213
       0.0000000000035186      -0.0000002474528498       0.0057542761058028
       0.0000000000037322      -0.0000002474384496       0.0052531030270697
       0.0000000000039269      -0.0000002473940490       0.0047350985704154
       0.0000000000040524      -0.0000002472629209       0.0041971110870173
       0.0000000000040403      -0.0000002468873805       0.0036303771885134
       0.0000000000039380      -0.0000002458262694       0.0030103501390572
       0.0000000000040260      -0.0000002428716453       0.0022697509535663
       0.0000000000044961      -0.0000002350376772       0.0012421534399387
       0.0000000000052445      -0.0000002168078714      -0.0003802886699994
       0.0000000000060853      -0.0000001838774231      -0.0028379714079720
       0.0000000000067606      -0.0000001421580831      -0.0057990454218023
       0.0000000000070611      -0.0000001052519067      -0.0085014675416894
       0.0000000000071325      -0.0000000806626010      -0.0105203590974226
       0.0000000000073126      -0.0000000672513500      -0.0119353817635271
       0.0000000000076153      -0.0000000612032666      -0.0129548878640346
       0.0000000000078891      -0.0000000592980173      -0.0137525176464767
       0.0000000000081250      -0.0000000595161694      -0.0144503044877823
       0.0000000000083699      -0.0000000608597430      -0.0151010289962166
       0.0000000000086583      -0.0000000627914312      -0.0157338699527480
       0.0000000000089886      -0.0000000650373418      -0.0163719934018258
       0.0000000000093196      -0.0000000675347702      -0.0170050091929363
       0.0000000000096699      -0.0000000701266383      -0.0176460996240273
       0.0000000000100451      -0.0000000727772452      -0.0182982328959299
       0.0000000000104552      -0.0000000754787228      -0.0189620347568462
       0.0000000000109178      -0.0000000782285771      -0.0196377177568685
       0.0000000000114185      -0.0000000810260785      -0.0203253066538625
       0.0000000000118842      -0.0000000838715714      -0.0210247864545546
       0.0000000000122446      -0.0000000867665760      -0.0217360628144522
       0.0000000000125367      -0.0000000897121899      -0.0224590665889548
       0.0000000000128395      -0.0000000927084796      -0.0231937969254544
       0.0000000000131792      -0.0000000957550247      -0.0239402798364725
       0.0000000000135518      -0.0000000988513804      -0.0246985414978683
       0.0000000000139524      -0.0000001019972274      -0.0254686038972638
       0.0000000000143682      -0.0000001051923976      -0.0262504766479972
       0.0000000000147970      -0.0000001084367939      -0.0270441655467744
       0.0000000000152370      -0.0000001117303639      -0.0278496738821742
       0.0000000000156877      -0.0000001150730800      -0.0286670046360740
       0.0000000000161434      -0.0000001184649373      -0.0294961562020771
       0.0000000000166078      -0.0000001219059181      -0.0303371302645305
       0.0000000000170791      -0.0000001253960180      -0.0311899272479748
       0.0000000000175570      -0.0000001289352358      -0.0320545472725402
       0.0000000000180413      -0.0000001325235711      -0.0329309903530333
       0.0000000000185323      -0.0000001361610240      -0.0338192565237687
       0.0000000000190299      -0.0000001398475944      -0.0347193457959237
       0.0000000000195341      -0.0000001435832823      -0.0356312581871455
       0.0000000000200450      -0.0000001473680878      -0.0365549937235752
       0.0000000000205624      -0.0000001512020109      -0.0374905524027954
       0.0000000000210864      -0.0000001550850516      -0.0384379342458290
       0.0000000000216170      -0.0000001590172099      -0.0393971392691005
       0.0000000000221542      -0.0000001629984858      -0.0403681674932932
       0.0000000000226980      -0.0000001670288795      -0.0413510189235423
       0.0000000000232484      -0.0000001711083907      -0.0423456935820601
       0.0000000000238053      -0.0000001752370197      -0.0433521914840144
       0.0000000000243689      -0.0000001794147664      -0.0443705126429383
       0.0000000000249391      -0.0000001836416308      -0.0454006570824334
       0.0000000000255158      -0.0000001879176130      -0.0464426248043829
       0.0000000000260992      -0.0000001922427130      -0.0474964158350100
       0.0000000000266891      -0.0000001966169308      -0.0485620301894881
       0.0000000000272856      -0.0000002010402664      -0.0496394678853441
       0.0000000000278888      -0.0000002055127198      -0.0507287289370286
       0.0000000000284985      -0.0000002100342911      -0.0518298133695875
       0.0000000000291148      -0.0000002146049803      -0.0529427211886081
       0.0000000000297377      -0.0000002192247874      -0.0540674524224864
       0.0000000000303672      -0.0000002238937124      -0.0552040070776024
       0.0000000000310033      -0.0000002286117554      -0.0563523851811971
       0.0000000000316460      -0.0000002333789164      -0.0575125867477022
       0.0000000000322952      -0.0000002381951953      -0.0586846117952982
       0.0000000000329511      -0.0000002430605923      -0.0598684603521530
       0.0000000000336136      -0.0000002479751074      -0.0610641324252611
       0.0000000000324009      -0.0000002483980814      -0.0611668428134945
       0.0000000000322724      -0.0000002484222383      -0.0611578123691279
       0.0000000000322644      -0.0000002484458879      -0.0611488045947221
       0.0000000000322563      -0.0000002484802555      -0.0611353628105089
       0.0000000000322439      -0.0000002485294275      -0.0611153429011622
       0.0000000000322246      -0.0000002485981790      -0.0610856105340525
       0.0000000000321957      -0.0000002486910885      -0.0610416184363676
       0.0000000000321526      -0.0000002488104715      -0.0609768175178354
       0.0000000000320883      -0.0000002489526747      -0.0608818994584883
       0.0000000000319921      -0.0000002491031321      -0.0607433767932872
       0.0000000000318482      -0.0000002492319209      -0.0605416514492708
       0.0000000000316331      -0.0000002492943779      -0.0602475311177909
       0.0000000000313116      -0.0000002492424796      -0.0598166654856689
       0.0000000000308310      -0.0000002490522642      -0.0591804081221935
       0.0000000000301130      -0.0000002487636559      -0.0582330419563514
       0.0000000000290445      -0.0000002484997465      -0.0568182289638496
       0.0000000000284002      -0.0000002483684966      -0.0553712949453825
       0.0000000000278023      -0.0000002483118585      -0.0539347291311028
       0.0000000000272114      -0.0000002482892082      -0.0525110221887607
       0.0000000000266271      -0.0000002482806512      -0.0511014910365856
       0.0000000000260490      -0.0000002482775638      -0.0497067310388281
       0.0000000000254775      -0.0000002482764928      -0.0483269873203993
       0.0000000000249123      -0.0000002482761341      -0.0469623544032280
       0.0000000000243536      -0.0000002482760178      -0.0456128668991911
       0.0000000000238013      -0.0000002482759813      -0.0442785369483368
       0.0000000000232553      -0.0000002482759701      -0.0429593686414932
       0.0000000000227156      -0.0000002482759668      -0.0416553633019403
       0.0000000000221822      -0.0000002482759659      -0.0403665213197991
       0.0000000000216552      -0.0000002482759656      -0.0390928428236185
       0.0000000000211345      -0.0000002482759655      -0.0378343278158319
       0.0000000000206202      -0.0000002482759655      -0.0365909762923246
       0.0000000000201122      -0.0000002482759655      -0.0353627882392309
       0.0000000000196105      -0.0000002482759655      -0.0341497636346417
       0.0000000000191152      -0.0000002482759655      -0.0329519024578567
       0.0000000000186262      -0.0000002482759655      -0.0317692046944089
       0.0000000000181435      -0.0000002482759655      -0.0306016703120858
       0.0000000000176672      -0.0000002482759655      -0.0294492993015878
       0.0000000000171972      -0.0000002482759655      -0.0283120916428767
       0.0000000000167336      -0.0000002482759655      -0.0271900473164857
       0.0000000000162763      -0.0000002482759655      -0.0260831663052990
       0.0000000000158253      -0.0000002482759655      -0.0249914485880745
       0.0000000000153807      -0.0000002482759655      -0.0239148941471768
       0.0000000000149424      -0.0000002482759655      -0.0228535029665793
       0.0000000000145104      -0.0000002482759655      -0.0218072750281845
       0.0000000000140848      -0.0000002482759655      -0.0207762103168275
       0.0000000000136655      -0.0000002482759655      -0.0197603088139308
       0.0000000000132526      -0.0000002482759655      -0.0187595704944342
       0.0000000000128460      -0.0000002482759655      -0.0177739953573583
       0.0000000000124457      -0.0000002482759655      -0.0168035833792116
       0.0000000000120517      -0.0000002482759655      -0.0158483345398753
       0.0000000000116641      -0.0000002482759655      -0.0149082488306585
       0.0000000000112829      -0.0000002482759655      -0.0139833262288666
       0.0000000000109079      -0.0000002482759655      -0.0130735667284271
       0.0000000000105393      -0.0000002482759655      -0.0121789703081995
       0.0000000000101771      -0.0000002482759655      -0.0112995369533043
       0.0000000000098212      -0.0000002482759655      -0.0104352666527978
       0.0000000000094716      -0.0000002482759655      -0.0095861593912632
       0.0000000000091283      -0.0000002482759655      -0.0087522151440958
       0.0000000000087914      -0.0000002482759655      -0.0079334339149954
       0.0000000000084608      -0.0000002482759655      -0.0071298156818599
       0.0000000000081366      -0.0000002482759655      -0.0063413604347988
       0.0000000000078187      -0.0000002482759655      -0.0055680681566732
       0.0000000000075071      -0.0000002482759655      -0.0048099388352539
       0.0000000000072019      -0.0000002482759655      -0.0040669724575484
       0.0000000000069030      -0.0000002482759655      -0.0033391690153955
       0.0000000000066104      -0.0000002482759655      -0.0026265284967042
       0.0000000000063242      -0.0000002482759655      -0.0019290508832314
       0.0000000000060443      -0.0000002482759655      -0.0012467361669307
       0.0000000000057708      -0.0000002482759655      -0.0005795843406700
       0.0000000000055035      -0.0000002482759655       0.0000724046123765
       0.0000000000052426      -0.0000002482759655       0.0007092306938620
       0.0000000000049881      -0.0000002482759655       0.0013308939293121
       0.0000000000047399      -0.0000002482759655       0.0019373943181122
       0.0000000000044980      -0.0000002482759655       0.0025287318697196
       0.0000000000042625      -0.0000002482759655       0.0031049065949650
       0.0000000000040333      -0.0000002482759655       0.0036659185084499
       0.0000000000038104      -0.0000002482759655       0.0042117676159322
       0.0000000000035939      -0.0000002482759655       0.0047424539290718
       0.0000000000033837      -0.0000002482759655       0.0052579774505126
       0.0000000000031798      -0.0000002482759655       0.0057583381921072
       0.0000000000029823      -0.0000002482759655       0.0062435361637673
       0.0000000000027911      -0.0000002482759655       0.0067135713743793
       0.0000000000026062      -0.0000002482759655       0.0071684438259208
       0.0000000000024277      -0.0000002482759655       0.0076081535273125
       0.0000000000022555      -0.0000002482759655       0.0080327004926947
       0.0000000000020897      -0.0000002482759655       0.0084420847193801
       0.0000000000019302      -0.0000002482759655       0.0088363062217416
       0.0000000000017770      -0.0000002482759655       0.0092153650059971
       0.0000000000016301      -0.0000002482759655       0.0095792610720204
       0.0000000000014896      -0.0000002482759655       0.0099279944285808
       0.0000000000013555      -0.0000002482759655       0.0102615650868465
       0.0000000000012276      -0.0000002482759655       0.0105799730449202
       0.0000000000011061      -0.0000002482759655       0.0108832183135345
       0.0000000000009910      -0.0000002482759655       0.0111713008908665
       0.0000000000008821      -0.0000002482759655       0.0114442207869188
       0.0000000000007796      -0.0000002482759655       0.0117019780081446
       0.0000000000006835      -0.0000002482759655       0.0119445725533555
       0.0000000000005937      -0.0000002482759655       0.0121720044312960
       0.0000000000005102      -0.0000002482759655       0.0123842736404532
       0.0000000000004330      -0.0000002482759655       0.0125813801930437
       0.0000000000003622      -0.0000002482759655       0.0127633240787191
       0.0000000000002977      -0.0000002482759655       0.0129301053175537
       0.0000000000002396      -0.0000002482759655       0.0130817238957987
       0.0000000000001878      -0.0000002482759655       0.0132181798264787
       0.0000000000001423      -0.0000002482759655       0.0133394731116310
       0.0000000000001032      -0.0000002482759655       0.0134456037447898
       0.0000000000000703      -0.0000002482759655       0.0135365717362061
       0.0000000000000439      -0.0000002482759655       0.0136123770794709
       0.0000000000000237      -0.0000002482759655       0.0136730197898243
       0.0000000000000099      -0.0000002482759655       0.0137184998531346
       0.0000000000000025      -0.0000002482759655       0.0137488172759947
       0.0000000000000013      -0.0000002482759655       0.0137639720617601
       0.0000000000000065      -0.0000002482759655       0.0137639642091015
       0.0000000000000075      -0.0000002482759655       0.0137632577268047
