3.693383e-02 2.571009e-02 4.338843e-02
1.841317e-03 7.102695e-02 7.881138e-02
2.746740e-03 1.996809e-02 1.888916e-02
1.384756e-02 1.593230e-02 4.211452e-02
3.532366e-02 1.864120e-02 5.341718e-02
2.423576e-02 3.717428e-02 6.712342e-02
3.325070e-02 2.910784e-02 7.625145e-02
3.278756e-03 1.084611e-02 3.271969e-02
2.465609e-02 6.403825e-02 7.000418e-02
4.920978e-03 2.796190e-02 7.116933e-02
2.748049e-02 2.175429e-02 4.484005e-02
2.037791e-02 1.220578e-02 1.976014e-02
5.074565e-03 2.015782e-02 5.855398e-02
2.179435e-02 6.103155e-02 3.972332e-02
2.958213e-02 6.919741e-02 2.021326e-02
4.544003e-03 1.487033e-02 6.607477e-02
2.177419e-02 6.270104e-02 7.777074e-02
2.469282e-02 5.974579e-02 3.067012e-02
3.009129e-03 1.381671e-02 7.654354e-02
3.514009e-02 3.548529e-02 2.129241e-02
3.425907e-02 5.880813e-02 7.269859e-02
6.329780e-03 6.519036e-02 4.356701e-02
1.858146e-02 1.653139e-02 8.712257e-03
5.024194e-03 1.245878e-02 1.932796e-03
1.495047e-02 5.806217e-02 7.083140e-02
3.091908e-02 1.532246e-02 5.968921e-02
2.936643e-02 1.012584e-02 3.860503e-02
3.489902e-02 5.965051e-02 3.209415e-02
3.940410e-03 2.136003e-02 4.121069e-02
4.641787e-03 1.086296e-02 8.143535e-03
2.239134e-02 2.424292e-02 7.659494e-02
2.429065e-02 3.088022e-02 3.425419e-03
2.721595e-02 5.731566e-02 4.714213e-02
6.394684e-03 3.615882e-02 4.695155e-03
5.077878e-03 6.203913e-02 6.922761e-02
3.737073e-02 6.858727e-02 1.466404e-02
3.365031e-03 1.163544e-02 5.254059e-02
2.714623e-02 6.044312e-02 4.233360e-03
2.257289e-02 2.387465e-02 5.306737e-02
3.042178e-02 1.144617e-02 1.859756e-02
1.460475e-02 1.998752e-02 6.617733e-02
3.604784e-02 6.689692e-02 3.857631e-03
6.335103e-03 6.497275e-02 2.545294e-03
1.949890e-02 2.755797e-02 3.662170e-02
1.557489e-02 5.463859e-02 2.686800e-02
1.650119e-02 1.386833e-02 2.220047e-03
3.776979e-02 6.507771e-02 4.065323e-02
7.517889e-03 3.197019e-02 2.904792e-02
1.394409e-02 1.875321e-02 5.005662e-02
3.599928e-02 2.239445e-02 6.821383e-02
2.048740e-02 5.603886e-02 5.635405e-02
2.216678e-02 1.079901e-02 2.920381e-02
3.082097e-02 7.019319e-02 3.932873e-02
6.116446e-03 6.305519e-02 9.482616e-03
3.818467e-03 5.432601e-02 3.906407e-02
3.642057e-02 3.591570e-02 3.124380e-02
4.962874e-03 5.907425e-02 3.062126e-02
1.027690e-02 6.667780e-02 7.732220e-02
1.274264e-02 6.006330e-02 3.622691e-02
1.332396e-02 4.005942e-02 2.042716e-02
3.548180e-02 1.058349e-02 3.725989e-03
5.493893e-03 6.433817e-02 1.893573e-02
1.207599e-02 2.273733e-02 7.536174e-02
1.401351e-02 2.039560e-02 5.820933e-02
2.480756e-02 1.385935e-02 6.591291e-02
3.326297e-02 5.753314e-02 1.140425e-02
2.074134e-02 6.272611e-02 1.153315e-02
3.219236e-02 5.404179e-02 5.684390e-02
3.519147e-02 7.141204e-02 7.627131e-02
1.551020e-02 5.679430e-02 4.781892e-02
3.602292e-02 2.589513e-02 8.108963e-03
1.015345e-02 9.747168e-03 2.699537e-02
1.635557e-02 6.210534e-02 4.967341e-03
4.302104e-03 4.044051e-02 4.931182e-02
3.289007e-02 6.806197e-02 6.280290e-02
3.186576e-02 1.958317e-02 2.923614e-02
2.656918e-02 3.268797e-02 1.242382e-02
1.075810e-02 2.555705e-02 1.475655e-02
3.715170e-02 5.982508e-02 5.073375e-02
4.975401e-03 5.389726e-02 6.074415e-02
1.919243e-02 7.014216e-02 1.755459e-02
8.480272e-03 6.415884e-02 5.272925e-02
3.657279e-03 5.349415e-02 7.688990e-02
2.383224e-02 4.128384e-02 2.153020e-02
1.322094e-02 6.889162e-02 6.169028e-02
2.050000e-02 2.050000e-02 6.150000e-02
2.401786e-02 2.674107e-02 2.543750e-02
1.050000e-02 4.950000e-02 7.750000e-02
1.000000e-03 7.250000e-02 2.250000e-02
3.550000e-02 3.950000e-02 6.050000e-02
8.500000e-03 1.750000e-02 4.500000e-03
8.448718e-03 4.876068e-03 4.048291e-02
1.028049e-02 2.063415e-02 4.345122e-02
7.542553e-03 3.828723e-02 1.177660e-02
3.459231e-02 1.853846e-02 1.997692e-02
1.605856e-02 3.097748e-02 1.631982e-02
5.500000e-03 2.850000e-02 1.450000e-02
3.896875e-02 5.025000e-02 6.282812e-02
1.572222e-02 4.794444e-02 1.751235e-02
2.068487e-02 3.969328e-02 2.245798e-02
3.050000e-02 1.250000e-02 9.500000e-03
7.518868e-03 7.712264e-02 7.363208e-02
2.857143e-02 6.378571e-02 1.746429e-02
2.860891e-02 3.228218e-02 7.225248e-02
3.880000e-02 2.698000e-02 7.900000e-02
1.839855e-02 4.038406e-02 3.461594e-02
3.054762e-02 2.411111e-02 1.360317e-02
1.638776e-02 3.241837e-02 2.647959e-02
3.950000e-02 4.250000e-02 6.850000e-02
3.874731e-02 3.618817e-02 5.213441e-02
1.365534e-02 2.030583e-02 4.353883e-02
3.096316e-02 3.255263e-02 7.879474e-02
2.918932e-02 3.246117e-02 1.137379e-02
3.252410e-02 4.005422e-02 5.246386e-02
3.950000e-02 7.082000e-02 5.486000e-02
3.050000e-02 4.050000e-02 3.500000e-03
1.253846e-03 3.605385e-02 1.151538e-02
1.804808e-02 3.573077e-02 6.759615e-02
3.156316e-02 4.892105e-02 6.152105e-02
2.150000e-02 4.450000e-02 5.750000e-02
3.466667e-02 2.533951e-02 4.441358e-02
2.450000e-02 6.150000e-02 4.150000e-02
3.892105e-02 2.365789e-02 5.155263e-02
5.500000e-03 7.035000e-02 1.250000e-03
2.750000e-02 1.550000e-02 5.750000e-02
2.610194e-02 7.687864e-02 3.608252e-02
2.907500e-02 7.827500e-02 3.857500e-02
3.243976e-02 3.637952e-02 6.153614e-02
1.649398e-02 4.453012e-02 6.448795e-02
1.650000e-02 7.550000e-02 1.750000e-02
3.550000e-02 6.450000e-02 6.500000e-03
1.161290e-02 7.775806e-02 2.258065e-02
6.500000e-03 7.150000e-02 5.450000e-02
1.941358e-02 3.653704e-02 2.654938e-02
3.695690e-02 6.811207e-02 7.562931e-02
3.950000e-02 7.900000e-02 2.450000e-02
9.500000e-03 5.500000e-03 2.250000e-02
6.778689e-03 7.743443e-02 2.556557e-02
2.050000e-02 3.950000e-02 4.650000e-02
1.030000e-02 2.564000e-02 7.702000e-02
3.812921e-02 8.028090e-03 5.169101e-02
1.850000e-02 5.300000e-02 7.950000e-02
3.804167e-02 6.571875e-02 1.696875e-02
6.209220e-03 4.188298e-02 7.219504e-02
4.639535e-03 5.294186e-02 5.338372e-02
3.950000e-02 7.700000e-02 5.837500e-02
3.151515e-02 5.918182e-02 7.878788e-02
1.952985e-02 3.535075e-02 2.806716e-02
7.340000e-03 1.143600e-02 7.456400e-02
1.559901e-02 6.451980e-02 3.749010e-02
3.055505e-02 5.537156e-02 3.653670e-02
1.263158e-02 7.659211e-02 4.486842e-02
1.343130e-02 4.447710e-02 1.750763e-02
1.593333e-02 9.316667e-03 3.325000e-03
1.773810e-02 7.750000e-02 4.880952e-03
3.605372e-02 4.876446e-02 5.245041e-02
6.500000e-03 5.150000e-02 3.350000e-02
8.500000e-03 4.150000e-02 4.450000e-02
7.549180e-03 6.038525e-02 7.516393e-03
3.406818e-02 5.000758e-02 4.681818e-03
3.385593e-02 6.567797e-03 6.433051e-02
2.648361e-02 7.157377e-02 1.750000e-02
4.283333e-03 6.934167e-02 6.541667e-03
3.550000e-02 4.450000e-02 4.350000e-02
3.489286e-02 7.173571e-02 4.372143e-02
2.796491e-02 6.271053e-02 3.435088e-02
3.832609e-02 1.452609e-02 4.652609e-02
