15.7482
19.2860
14.2903
13.1990
18.9782
16.7554
17.4329
19.9924
16.6482
15.5953
17.5163
15.4446
17.7234
18.0478
14.2622
18.1604
15.2199
19.3729
14.6609
14.1582
19.4422
20.5244
14.2434
19.6026
14.3059
17.4580
17.7981
18.7510
16.7213
19.1845
18.0243
18.3173
14.9314
13.7360
22.1447
17.7355
17.6297
15.9610
19.2603
19.8947
19.5411
15.7019
18.3797
18.9268
18.3779
18.6564
20.3152
17.2807
18.5903
15.5874
18.4977
12.3447
19.0959
20.3752
20.9565
17.9712
14.2841
20.5712
17.1150
13.8895
21.0719
16.8277
18.1912
18.6142
17.0210
19.3966
18.6105
20.7973
14.3925
11.7158
15.8249
19.2294
21.0532
18.5958
17.0671
16.9681
18.3854
19.5361
17.9633
19.9156
16.9902
18.9958
18.2085
5.4976
6.0335
6.0335
6.6932
4.9885
5.4976
6.0509
5.1853
5.6212
5.3682
5.7007
6.3960
5.7780
6.3331
4.3467
3.4765
6.1366
5.0641
5.9627
5.7780
5.0140
5.3682
6.6359
6.3490
5.9085
1.5632
6.2035
5.8533
6.3012
5.8159
4.8300
5.3902
6.4729
5.3682
6.0335
5.8533
5.3902
5.8159
5.7780
6.3490
6.7356
6.2035
5.6212
4.7748
5.7007
5.2554
6.3172
5.9627
5.5806
6.6214
5.3682
5.8902
5.5806
6.1869
5.0641
4.6896
5.9447
5.1853
5.3682
5.2322
5.6212
5.9805
6.0335
5.8159
6.2690
5.6212
5.1853
5.8718
6.0855
5.0641
5.9983
5.3902
2.2545
6.1702
5.0888
3.7675
5.9983
5.5394
5.7007
6.0509
6.1366
6.1535
6.2364
5.8346
6.4270
6.4270
