167
#time=1
element_id phi1 Phi phi2
1  279.9724  145.7490  196.3354  
2  106.8922  163.5571  358.0940  
3  92.1734  163.4855  338.3488  
4  117.9623  158.8898  343.5650  
5  4.5422  139.2471  312.5685  
6  228.7895  137.1243  124.3026  
7  259.8157  153.9440  135.4444  
8  201.5368  143.0888  128.2875  
9  349.2819  133.5290  233.9793  
10  355.3994  140.1890  235.3029  
11  59.5120  123.7365  304.9723  
12  232.1631  129.7005  138.0857  
13  229.4375  129.9136  124.6304  
14  43.8124  126.7027  298.8405  
15  316.5586  125.7734  222.4257  
16  80.5286  148.7696  17.3525  
17  16.2614  165.8008  307.4205  
18  226.0657  147.8506  137.2899  
19  343.9248  160.4608  235.0622  
20  147.0410  132.6667  68.9452  
21  290.4088  139.4952  196.4477  
22  110.9338  143.9098  345.8700  
23  317.2255  157.8258  238.4845  
24  334.6366  140.7442  203.9873  
25  248.9267  164.8686  145.1566  
26  39.5679  161.4034  270.4487  
27  155.8239  153.3304  107.8868  
28  46.5323  126.7795  296.1206  
29  203.5455  133.3892  141.4278  
30  114.8866  137.4125  346.3513  
31  344.9338  151.0764  251.0718  
32  234.5259  133.4602  172.4024  
33  153.2668  156.5791  29.0362  
34  237.3713  128.5442  148.6608  
35  52.8755  135.0954  350.6152  
36  55.0781  152.8353  1.9889  
37  17.2184  147.9870  314.0846  
38  225.2458  175.9387  161.2779  
39  331.0951  128.4170  231.6107  
40  88.2235  148.6298  9.6574  
41  55.1349  166.2219  326.3275  
42  30.1635  152.0395  311.5246  
43  90.1320  168.4553  21.2467  
44  298.0137  140.5677  240.6096  
45  252.6079  142.5748  143.1306  
46  76.2876  150.8684  322.0298  
47  113.8857  166.6075  40.0275  
48  249.9866  135.7096  140.1535  
49  207.9482  156.4656  104.0394  
50  329.5206  168.6478  205.7365  
51  31.9496  161.2658  278.0667  
52  334.9563  136.6092  272.5749  
53  224.8464  143.2595  104.9779  
54  282.8664  161.7397  153.7624  
55  158.0069  134.7150  69.2717  
56  343.9998  155.8279  245.1268  
57  242.7261  137.9058  159.2124  
58  36.9987  152.4005  333.6425  
59  293.8867  140.9831  179.1026  
60  252.6079  142.5748  143.1306  
61  130.4866  159.6604  71.9188  
62  350.5241  157.4156  286.9579  
63  47.9452  152.1363  293.7429  
64  183.0950  141.6776  52.5418  
65  85.4716  138.4747  356.7230  
66  63.6625  148.9742  16.0656  
67  18.4465  136.6825  310.7580  
68  208.4993  131.6451  119.7757  
69  112.7816  137.4383  39.7758  
70  180.0697  172.7806  66.4070  
71  55.5131  168.4290  6.8140  
72  244.2439  169.0512  125.5121  
73  356.1231  137.2297  277.8691  
74  141.4438  131.4130  31.3501  
75  142.5989  127.1640  53.8950  
76  318.4030  143.7110  208.9778  
77  318.2334  175.5503  209.5794  
78  4.3242  161.3249  305.6925  
79  223.8970  147.3768  114.6271  
80  305.0697  130.8469  200.3072  
81  143.8875  134.3420  55.1534  
82  338.6146  131.1300  233.8659  
83  158.3546  148.4700  49.1271  
84  38.6365  98.2932  260.3807  
85  355.3358  79.3117  258.4492  
86  43.1013  62.9497  224.6504  
87  336.9886  55.2653  275.1452  
88  4.3645  50.0530  255.8577  
89  357.9720  64.3936  253.2107  
90  327.5938  74.3464  236.1308  
91  16.6709  66.1497  259.2921  
92  42.8703  104.4857  316.0664  
93  330.3600  99.0787  285.9203  
94  347.7762  119.5413  305.8242  
95  354.8689  79.5168  263.4597  
96  317.7796  106.5908  288.3949  
97  352.1949  110.8977  286.6244  
98  351.5829  81.7783  233.5187  
99  23.1619  74.4410  244.3871  
100  319.0968  105.5743  240.9482  
101  23.2212  101.8249  260.2506  
102  19.0721  119.0366  247.0995  
103  336.8081  56.4756  232.2416  
104  23.3742  95.2508  243.7305  
105  0.8105  47.4394  225.1638  
106  353.3190  58.7465  254.4259  
107  355.0854  95.4909  287.5864  
108  354.2781  65.5469  315.0099  
109  355.8142  79.1312  253.4255  
110  0.3788  109.9368  247.9165  
111  352.8509  108.0541  231.4990  
112  22.7849  62.9234  277.7631  
113  23.7377  83.2978  276.6068  
114  18.2283  97.3352  254.0747  
115  358.3152  104.5144  262.7579  
116  25.0985  96.6316  284.5715  
117  33.7062  116.0113  286.3116  
118  33.6853  62.4747  275.0908  
119  31.9972  121.7306  308.8346  
120  13.0795  78.1921  236.4465  
121  318.4201  94.7397  255.5896  
122  4.0394  119.6084  268.9796  
123  343.7873  51.1488  284.0582  
124  343.7873  51.1488  284.0582  
125  320.6558  69.0970  285.9019  
126  36.1158  76.9288  227.0483  
127  340.6309  131.1816  276.3244  
128  358.4940  64.9419  273.3095  
129  356.4330  114.2925  257.0707  
130  24.2136  93.9508  273.8200  
131  16.0748  121.7329  257.0289  
132  38.4647  71.6690  277.1116  
133  31.9404  49.4440  266.4414  
134  350.6043  55.5222  281.1057  
135  359.3746  89.5132  233.0735  
136  359.8456  129.8202  257.3996  
137  28.4996  102.4569  301.7866  
138  5.6893  80.5957  252.5667  
139  348.1062  106.4109  230.8779  
140  319.3432  72.5198  295.4130  
141  20.9253  77.2479  255.4779  
142  341.5648  100.1255  301.5930  
143  35.2374  92.3258  294.4172  
144  338.8868  51.2560  238.2221  
145  28.6445  85.3358  287.0708  
146  1.6864  52.5586  308.9904  
147  10.9124  119.0062  234.7792  
148  32.1487  129.7870  274.3626  
149  351.4076  61.8084  239.3990  
150  35.2077  126.2742  268.9945  
151  32.8303  103.9729  256.5602  
152  333.9015  59.2547  249.0636  
153  34.0468  81.1532  228.8926  
154  336.4116  126.2547  296.8953  
155  339.5738  68.1923  292.2560  
156  49.4174  120.9233  298.6932  
157  354.2902  89.8793  272.9267  
158  34.2737  68.6541  271.6135  
159  48.3481  123.0106  293.8569  
160  349.6280  121.8813  290.6076  
161  0.0399  58.7906  303.7965  
162  33.8929  57.0832  257.5422  
163  41.1881  88.6291  224.8023  
164  357.9984  94.2607  238.0147  
165  355.5977  95.8770  297.5903  
166  29.4582  89.2451  252.4378  
167  24.3362  67.1048  226.7836  
