       0.0000000000000000       0.0000000000000000      -0.0000000000013612
       0.0000000000000201       0.0000000000000000       0.0000000065156798
       0.0000000000000613       0.0000000000000000       0.0000000199440975
       0.0000000000001654       0.0000000000000000       0.0000000538149745
       0.0000000000004164       0.0000000000000000       0.0000001355138097
       0.0000000000010064       0.0000000000000000       0.0000003275738960
       0.0000000000023719       0.0000000000000000       0.0000007720780658
       0.0000000000055013       0.0000000000000000       0.0000017907467381
       0.0000000000126280       0.0000000000000000       0.0000041105575640
       0.0000000000287911       0.0000000000000000       0.0000093718412929
       0.0000000000653502       0.0000000000000000       0.0000212722853051
       0.0000000001478964       0.0000000000000000       0.0000481421361577
       0.0000000003340580       0.0000000000000000       0.0001087400617904
       0.0000000007535703       0.0000000000000000       0.0002452965365007
       0.0000000016984459       0.0000000000000000       0.0005528653396862
       0.0000000030640610       0.0000000000000000       0.0009973778314054
       0.0000000048296630       0.0000000000000000       0.0015720822183131
       0.0000000069952508       0.0000000000000000       0.0022769784342877
       0.0000000095608245       0.0000000000000000       0.0031120664199442
       0.0000000125263835       0.0000000000000000       0.0040773461539022
       0.0000000158919278       0.0000000000000000       0.0051728176465533
       0.0000000196574571       0.0000000000000000       0.0063984809121827
       0.0000000238229715       0.0000000000000000       0.0077543359730660
       0.0000000283884711       0.0000000000000000       0.0092403828440696
       0.0000000333539558       0.0000000000000000       0.0108566215383664
       0.0000000387194258       0.0000000000000000       0.0126030520726979
       0.0000000444848809       0.0000000000000000       0.0144796744548265
       0.0000000506503212       0.0000000000000000       0.0164864887012922
       0.0000000572157467       0.0000000000000000       0.0186234948348885
       0.0000000641811573       0.0000000000000000       0.0208906928700482
       0.0000000715465532       0.0000000000000000       0.0232880828329271
       0.0000000793119342       0.0000000000000000       0.0258156647434409
       0.0000000874773004       0.0000000000000000       0.0284734386207521
       0.0000000960426517       0.0000000000000000       0.0312614044919975
       0.0000001050079882       0.0000000000000000       0.0341795623838886
       0.0000001143733099       0.0000000000000000       0.0372279123157809
       0.0000001241386168       0.0000000000000000       0.0404064543276683
       0.0000001343039089       0.0000000000000000       0.0437151884332098
       0.0000001448691861       0.0000000000000000       0.0471541146695951
       0.0000001558344485       0.0000000000000000       0.0507232330670692
       0.0000001671996961       0.0000000000000000       0.0544225436567628
       0.0000001789649288       0.0000000000000000       0.0582520464735260
       0.0000001911301468       0.0000000000000000       0.0622117415523210
       0.0000002036953499       0.0000000000000000       0.0663016289302219
       0.0000002166605382       0.0000000000000000       0.0705217086363636
       0.0000002300257116       0.0000000000000000       0.0748719807156583
       0.0000002437908703       0.0000000000000000       0.0793524452062427
       0.0000002579560141       0.0000000000000000       0.0839631021397162
       0.0000002725211431       0.0000000000000000       0.0887039515728077
       0.0000002874862572       0.0000000000000000       0.0935749935339499
       0.0000003028513565       0.0000000000000000       0.0985762280758380
       0.0000003186164411       0.0000000000000000       0.1037076552454250
       0.0000003347815107       0.0000000000000000       0.1089692750787045
       0.0000003513465656       0.0000000000000000       0.1143610876256568
       0.0000003683116056       0.0000000000000000       0.1198830929452258
       0.0000003856766308       0.0000000000000000       0.1255352910760340
       0.0000004034416412       0.0000000000000000       0.1313176820702354
       0.0000004216066368       0.0000000000000000       0.1372302659858703
       0.0000004401716175       0.0000000000000000       0.1432730428625063
       0.0000004591365834       0.0000000000000000       0.1494460127735716
       0.0000004785015345       0.0000000000000000       0.1557491757571833
       0.0000004982664707       0.0000000000000000       0.1621825318825122
       0.0000005184313922       0.0000000000000000       0.1687460811986631
       0.0000005389962988       0.0000000000000000       0.1754398237687399
       0.0000005599611906       0.0000000000000001       0.1822637596550189
       0.0000005813260675       0.0000000000000002       0.1892178889000773
       0.0000006030909296       0.0000000000000010       0.1963022115198592
       0.0000006252557770       0.0000000000000039       0.2035167274130960
       0.0000006478206097       0.0000000000000151       0.2108614360072842
       0.0000006707854283       0.0000000000000573       0.2183363350011955
       0.0000006941502346       0.0000000000002111       0.2259414160209109
       0.0000007179150342       0.0000000000007500       0.2336766505277065
       0.0000007420798423       0.0000000000025065       0.2415419518535559
       0.0000007666446795       0.0000000000075255       0.2495371077193450
       0.0000007916095260       0.0000000000200940       0.2576616783161663
       0.0000008169743119       0.0000000000523288       0.2659144394950647
       0.0000008427390226       0.0000000001459417       0.2742911808466400
       0.0000008689037145       0.0000000004340911       0.2827784412736282
       0.0000008954684442       0.0000000013125392       0.2913361823259711
       0.0000009224332310       0.0000000038549904       0.2998556542741098
       0.0000009497980559       0.0000000104287123       0.3080962560048919
       0.0000009775628706       0.0000000240863281       0.3157433093666254
       0.0000010057276013       0.0000000444746981       0.3228162342395637
       0.0000010342922407       0.0000000658217328       0.3298798020440195
       0.0000010632568687       0.0000000828557242       0.3374690572790383
       0.0000010926215439       0.0000000946370164       0.3456702739540341
       0.0000011223862261       0.0000001024982867       0.3543674131427797
       0.0000011525508891       0.0000001080118340       0.3634199495300622
       0.0000011831155406       0.0000001123023124       0.3727090360934274
       0.0000012140801664       0.0000001159520589       0.3821826164204332
       0.0000012454447699       0.0000001192895275       0.3918101000430568
       0.0000012772093609       0.0000001224875013       0.4015692486055786
       0.0000013093739257       0.0000001256028569       0.4114656123433361
       0.0000013419384821       0.0000001287213519       0.4214874258286910
       0.0000013749030233       0.0000001318685105       0.4316311376886238
       0.0000014082675492       0.0000001350506983       0.4418958344374715
       0.0000014420320592       0.0000001382697170       0.4522812538124638
       0.0000014761965549       0.0000001415260787       0.4627873271522149
       0.0000015107610366       0.0000001448199606       0.4734140326688174
       0.0000015457255045       0.0000001481514352       0.4841613622315186
       0.0000015810899587       0.0000001515205358       0.4950293110869206
       0.0000016168543996       0.0000001549272731       0.5060178804797780
       0.0000016530188271       0.0000001583716632       0.5171270680672411
       0.0000016895832412       0.0000001618537110       0.5283568732464287
       0.0000017265476421       0.0000001653734181       0.5397072958650729
       0.0000017639120296       0.0000001689307848       0.5511783359423914
       0.0000018016764039       0.0000001725258114       0.5627699935385770
       0.0000018398407648       0.0000001761584980       0.5744822687210832
       0.0000018784051124       0.0000001798288445       0.5863151615669971
       0.0000019173694467       0.0000001835368511       0.5982686721534580
       0.0000019567337677       0.0000001872825176       0.6103428005517236
       0.0000019964980753       0.0000001910658443       0.6225375468546361
       0.0000020366623697       0.0000001948868310       0.6348529111369665
       0.0000020772266508       0.0000001987454778       0.6472888934865348
       0.0000021181909185       0.0000002026417847       0.6598454939794141
       0.0000021595551730       0.0000002065757518       0.6725227127036392
       0.0000022013194141       0.0000002105473791       0.6853205497433927
       0.0000022434836419       0.0000002145566666       0.6982390051865818
       0.0000022860478565       0.0000002186036143       0.7112780791119870
       0.0000023290120577       0.0000002226882223       0.7244377716130443
       0.0000023723762455       0.0000002268104906       0.7377180827710277
       0.0000024161404201       0.0000002309704192       0.7511190126831414
       0.0000024603045814       0.0000002351680081       0.7646405614417870
       0.0000025048687294       0.0000002394032574       0.7782827291279134
       0.0000025498328640       0.0000002436761672       0.7920455158294075
       0.0000025951969854       0.0000002479867373       0.8059289216488141
       0.0000026409610934       0.0000002523349679       0.8199329466725155
       0.0000026871251882       0.0000002567208591       0.8340575910016642
       0.0000027336892696       0.0000002611444107       0.8483028547205053
       0.0000027806533377       0.0000002656056229       0.8626687379236934
       0.0000028280173925       0.0000002701044956       0.8771552407171405
       0.0000028757814340       0.0000002746410290       0.8917623631922554
       0.0000029239454622       0.0000002792152230       0.9064901054496346
       0.0000029725094770       0.0000002838270777       0.9213384675806487
       0.0000030214734786       0.0000002884765930       0.9363074496932444
       0.0000030708374668       0.0000002931637691       0.9513970518789815
       0.0000031206014418       0.0000002978886060       0.9666072742397015
       0.0000031707654034       0.0000003026511037       0.9819381168880065
       0.0000032213293517       0.0000003074512622       0.9973895799093689
       0.0000032722932867       0.0000003122890815       1.0129616634209258
       0.0000033236572084       0.0000003171645618       1.0286543675175632
       0.0000033754211168       0.0000003220777029       1.0444676923103047
       0.0000034275850119       0.0000003270285050       1.0604016379040235
       0.0000034801488937       0.0000003320169681       1.0764562044038208
       0.0000035331127621       0.0000003370430923       1.0926313919145210
       0.0000035864766173       0.0000003421068775       1.1089272005427029
       0.0000036402404591       0.0000003472083237       1.1253436304027029
       0.0000036944042876       0.0000003523474312       1.1418806816045712
       0.0000037489681028       0.0000003575241997       1.1585383542589611
       0.0000038039319047       0.0000003627386295       1.1753166484690869
       0.0000038592956933       0.0000003679907205       1.1922155643504730
       0.0000039150594686       0.0000003732804727       1.2092351020217302
       0.0000039712232305       0.0000003786078863       1.2263752615868360
       0.0000040277869792       0.0000003839729611       1.2436360431699618
       0.0000040847507145       0.0000003893756974       1.2610174468821127
       0.0000041421144366       0.0000003948160950       1.2785194728401370
       0.0000041998781453       0.0000004002941541       1.2961421211550426
       0.0000042580418407       0.0000004058098747       1.3138853919560349
       0.0000043166055228       0.0000004113632568       1.3317492853554782
       0.0000043755691916       0.0000004169543005       1.3497338014712290
       0.0000044349328470       0.0000004225830057       1.3678389404216038
       0.0000044946964892       0.0000004282493726       1.3860647023337069
       0.0000044998435123       0.0000004287363660       1.3876326008081015
       0.0000044995441491       0.0000004287641805       1.3875311922005704
       0.0000044992441884       0.0000004287914124       1.3874298666083147
       0.0000044987942625       0.0000004288309893       1.3872780589402598
       0.0000044981194156       0.0000004288876221       1.3870507393683931
       0.0000044971072447       0.0000004289668208       1.3867105901638845
       0.0000044955892042       0.0000004290738803       1.3862020784947464
       0.0000044933126229       0.0000004292115084       1.3854427153285120
       0.0000044898988296       0.0000004293755643       1.3843103403980970
       0.0000044847805693       0.0000004295493633       1.3826234692345696
       0.0000044771086482       0.0000004296985388       1.3801125499248650
       0.0000044656130763       0.0000004297717012       1.3763757036274211
       0.0000044483974200       0.0000004297134708       1.3708119717364264
       0.0000044226362727       0.0000004294959890       1.3625201328404177
       0.0000043841348194       0.0000004291647725       1.3501513961305116
       0.0000043266982492       0.0000004288611379       1.3317038563903929
       0.0000042680662084       0.0000004287098273       1.3128667485728509
       0.0000042098339627       0.0000004286444028       1.2941527377510080
       0.0000041520017022       0.0000004286181845       1.2755650801525980
       0.0000040945694273       0.0000004286082580       1.2571058762451857
       0.0000040375371377       0.0000004286046681       1.2387761555331132
       0.0000039809048330       0.0000004286034197       1.2205763610186424
       0.0000039246725135       0.0000004286030005       1.2025066682992673
       0.0000038688401791       0.0000004286028643       1.1845671429179800
       0.0000038134078298       0.0000004286028213       1.1667578081334899
       0.0000037583754658       0.0000004286028081       1.1490786718204129
       0.0000037037430869       0.0000004286028042       1.1315297364464010
       0.0000036495106931       0.0000004286028031       1.1141110027158405
       0.0000035956782846       0.0000004286028028       1.0968224707375778
       0.0000035422458612       0.0000004286028027       1.0796641404140204
       0.0000034892134229       0.0000004286028027       1.0626360116122828
       0.0000034365809699       0.0000004286028027       1.0457380842036204
       0.0000033843485020       0.0000004286028027       1.0289703580292273
       0.0000033325160193       0.0000004286028027       1.0123328329553796
       0.0000032810835218       0.0000004286028027       0.9958255088145969
       0.0000032300510094       0.0000004286028027       0.9794483854627606
       0.0000031794184822       0.0000004286028027       0.9632014627616960
       0.0000031291859402       0.0000004286028027       0.9470847405544288
       0.0000030793533833       0.0000004286028027       0.9310982187020181
       0.0000030299208116       0.0000004286028027       0.9152418970612952
       0.0000029808882251       0.0000004286028027       0.8995157754874423
       0.0000029322556237       0.0000004286028027       0.8839198538437063
       0.0000028840230075       0.0000004286028027       0.8684541319816333
       0.0000028361903765       0.0000004286028027       0.8531186097726028
       0.0000027887577307       0.0000004286028027       0.8379132870720116
       0.0000027417250700       0.0000004286028027       0.8228381637471004
       0.0000026950923945       0.0000004286028027       0.8078932396534177
       0.0000026488597042       0.0000004286028027       0.7930785146731195
       0.0000026030269990       0.0000004286028027       0.7783939886603006
       0.0000025575942790       0.0000004286028027       0.7638396614868193
       0.0000025125615442       0.0000004286028027       0.7494155330217744
       0.0000024679287946       0.0000004286028027       0.7351216031376927
       0.0000024236960301       0.0000004286028027       0.7209578717027110
       0.0000023798632508       0.0000004286028027       0.7069243385915664
       0.0000023364304567       0.0000004286028027       0.6930210036807076
       0.0000022933976477       0.0000004286028027       0.6792478668457688
       0.0000022507648239       0.0000004286028027       0.6656049279539228
       0.0000022085319853       0.0000004286028027       0.6520921868927048
       0.0000021666991319       0.0000004286028027       0.6387096435371739
       0.0000021252662636       0.0000004286028027       0.6254572977640220
       0.0000020842333805       0.0000004286028027       0.6123351494605764
       0.0000020436004826       0.0000004286028027       0.5993431985008959
       0.0000020033675698       0.0000004286028027       0.5864814447803811
       0.0000019635346422       0.0000004286028027       0.5737498881690845
       0.0000019241016998       0.0000004286028027       0.5611485285677997
       0.0000018850687426       0.0000004286028027       0.5486773658545311
       0.0000018464357705       0.0000004286028027       0.5363363999151143
       0.0000018082027836       0.0000004286028027       0.5241256306425104
       0.0000017703697819       0.0000004286028027       0.5120450579311723
       0.0000017329367653       0.0000004286028027       0.5000946816621482
       0.0000016959037340       0.0000004286028027       0.4882745017376154
       0.0000016592706878       0.0000004286028027       0.4765845180466312
       0.0000016230376267       0.0000004286028027       0.4650247304892722
       0.0000015872045509       0.0000004286028027       0.4535951389593418
       0.0000015517714602       0.0000004286028027       0.4422957433458723
       0.0000015167383547       0.0000004286028027       0.4311265435602512
       0.0000014821052344       0.0000004286028027       0.4200875394988165
       0.0000014478720992       0.0000004286028027       0.4091787310562955
       0.0000014140389492       0.0000004286028027       0.3984001181387209
       0.0000013806057843       0.0000004286028027       0.3877517006483119
       0.0000013475726047       0.0000004286028027       0.3772334784945521
       0.0000013149394102       0.0000004286028027       0.3668454515784819
       0.0000012827062009       0.0000004286028027       0.3565876198103670
       0.0000012508729768       0.0000004286028027       0.3464599830926792
       0.0000012194397379       0.0000004286028027       0.3364625413399074
       0.0000011884064841       0.0000004286028027       0.3265952944531785
       0.0000011577732155       0.0000004286028027       0.3168582423566132
       0.0000011275399320       0.0000004286028027       0.3072513849510282
       0.0000010977066338       0.0000004286028027       0.2977747221605471
       0.0000010682733207       0.0000004286028027       0.2884282538931007
       0.0000010392399928       0.0000004286028027       0.2792119800698289
       0.0000010106066500       0.0000004286028027       0.2701259006047241
       0.0000009823732925       0.0000004286028027       0.2611700154160009
       0.0000009545399201       0.0000004286028027       0.2523443244220167
       0.0000009271065329       0.0000004286028027       0.2436488275504389
       0.0000009000731308       0.0000004286028027       0.2350835247139053
       0.0000008734397140       0.0000004286028027       0.2266484158436100
       0.0000008472062823       0.0000004286028027       0.2183435008616513
       0.0000008213728357       0.0000004286028027       0.2101687796891125
       0.0000007959393744       0.0000004286028027       0.2021242522567222
       0.0000007709058982       0.0000004286028027       0.1942099184920272
       0.0000007462724072       0.0000004286028027       0.1864257783202150
       0.0000007220389014       0.0000004286028027       0.1787718316776054
       0.0000006982053808       0.0000004286028027       0.1712480784927787
       0.0000006747718453       0.0000004286028027       0.1638545186972176
       0.0000006517382950       0.0000004286028027       0.1565911522271622
       0.0000006291047299       0.0000004286028027       0.1494579790118139
       0.0000006068711499       0.0000004286028027       0.1424549989972137
       0.0000005850375551       0.0000004286028027       0.1355822121102310
       0.0000005636039455       0.0000004286028027       0.1288396182901912
       0.0000005425703211       0.0000004286028027       0.1222272174836461
       0.0000005219366819       0.0000004286028027       0.1157450096274073
       0.0000005017030278       0.0000004286028027       0.1093929946622462
       0.0000004818693589       0.0000004286028027       0.1031711725317671
       0.0000004624356752       0.0000004286028027       0.0970795431858785
       0.0000004434019766       0.0000004286028027       0.0911181065600317
       0.0000004247682632       0.0000004286028027       0.0852868626021595
       0.0000004065345350       0.0000004286028027       0.0795858112683257
       0.0000003887007920       0.0000004286028027       0.0740149525035698
       0.0000003712670341       0.0000004286028027       0.0685742862527804
       0.0000003542332615       0.0000004286028027       0.0632638124756964
       0.0000003375994740       0.0000004286028027       0.0580835311165446
       0.0000003213656716       0.0000004286028027       0.0530334421322347
       0.0000003055318545       0.0000004286028027       0.0481135454791456
       0.0000002900980225       0.0000004286028027       0.0433238411109876
       0.0000002750641757       0.0000004286028026       0.0386643289860796
       0.0000002604303141       0.0000004286028026       0.0341350090658358
       0.0000002461964376       0.0000004286028025       0.0297358813111504
       0.0000002323625463       0.0000004286028021       0.0254669457105185
       0.0000002189286402       0.0000004286028005       0.0213282023221544
       0.0000002058947191       0.0000004286027943       0.0173196514563275
       0.0000001932607825       0.0000004286027710       0.0134412943884471
       0.0000001810268291       0.0000004286026857       0.0096931357694917
       0.0000001691928537       0.0000004286023828       0.0060751918406356
       0.0000001577588400       0.0000004286013546       0.0025875156833429
       0.0000001467247448       0.0000004285981677      -0.0007697435111302
       0.0000001360904963       0.0000004285899730      -0.0039962872735960
       0.0000001258560945       0.0000004285743550      -0.0070918590221566
       0.0000001160217326       0.0000004285533612      -0.0100566670824061
       0.0000001065876426       0.0000004285331716      -0.0128913558439646
       0.0000000975538273       0.0000004285185131      -0.0155964307905817
       0.0000000889200840       0.0000004285095850      -0.0181719199031256
       0.0000000806862477       0.0000004285039794      -0.0206175784193490
       0.0000000728522675       0.0000004284981226      -0.0229330359737456
       0.0000000654181653       0.0000004284853067      -0.0251176149215312
       0.0000000583839681       0.0000004284478221      -0.0271695541238717
       0.0000000517496865       0.0000004283353516      -0.0290838578054669
       0.0000000455153407       0.0000004280055555      -0.0308464088708519
       0.0000000396809834       0.0000004270560451      -0.0324173124828552
       0.0000000342466499       0.0000004243592585      -0.0336847583393929
       0.0000000292123153       0.0000004169308304      -0.0343527992739647
       0.0000000245779065       0.0000003981200999      -0.0337619275292610
       0.0000000203434088       0.0000003580080032      -0.0309284027070789
       0.0000000165090006       0.0000002917015754      -0.0253668291247779
       0.0000000130749611       0.0000002096004119      -0.0181097695667381
       0.0000000100413150       0.0000001327394009      -0.0112444302696819
       0.0000000074077351       0.0000000760938217      -0.0062541596047228
       0.0000000051738380       0.0000000410303665      -0.0032811923280949
       0.0000000033395108       0.0000000215092295      -0.0017122289137771
       0.0000000019049461       0.0000000112860926      -0.0009380422917063
       0.0000000008703852       0.0000000061029453      -0.0005464005237581
       0.0000000002359207       0.0000000034900035      -0.0002795770092411
       0.0000000000015126       0.0000000022157978      -0.0000198103760724
       0.0000000001671024       0.0000000016308567       0.0002963138063679
       0.0000000007326888       0.0000000014047714       0.0007176890699894
       0.0000000016982820       0.0000000014595354       0.0012236076313588
       0.0000000030638632       0.0000000016076616       0.0018421475361041
       0.0000000048294504       0.0000000018045612       0.0025795302270393
       0.0000000069950345       0.0000000020388945       0.0034374139336487
       0.0000000095606115       0.0000000023074360       0.0044162428257280
       0.0000000125261663       0.0000000026110294       0.0055159313464844
       0.0000000158916832       0.0000000029526660       0.0067361889050542
       0.0000000196571674       0.0000000033350730       0.0080767397354425
       0.0000000238226332       0.0000000037590004       0.0095375069067058
       0.0000000283880908       0.0000000042237049       0.0111185707530464
       0.0000000333535417       0.0000000047281129       0.0128200396635889
       0.0000000387189845       0.0000000052713714       0.0146419977188388
       0.0000000444844185       0.0000000058529283       0.0165845056688294
       0.0000000506498416       0.0000000064724918       0.0186475920243817
       0.0000000572152528       0.0000000071298979       0.0208312733453447
       0.0000000641806512       0.0000000078250582       0.0231355587245856
       0.0000000715460367       0.0000000085579263       0.0255604558947605
       0.0000000793114084       0.0000000093284921       0.0281059611808479
       0.0000000874767672       0.0000000101367276       0.0307720789180149
       0.0000000960421127       0.0000000109826249       0.0335588102151801
       0.0000001050074451       0.0000000118661820       0.0364661554250764
       0.0000001143727642       0.0000000127873981       0.0394941146442717
       0.0000001241380699       0.0000000137462732       0.0426426879296353
       0.0000001343033624       0.0000000147428072       0.0459118753148493
       0.0000001448686415       0.0000000157770000       0.0493016768273709
       0.0000001558339073       0.0000000168488518       0.0528120924922482
       0.0000001671991598       0.0000000179583625       0.0564431223311228
       0.0000001789643990       0.0000000191055320       0.0601947663693229
       0.0000001911296249       0.0000000202903605       0.0640670246303447
       0.0000002036948375       0.0000000215128479       0.0680598971362801
       0.0000002166600368       0.0000000227729943       0.0721733839181807
       0.0000002300252228       0.0000000240707996       0.0764074850062618
       0.0000002437903955       0.0000000254062638       0.0807622004197428
       0.0000002579555548       0.0000000267793870       0.0852375301960683
       0.0000002725207009       0.0000000281901691       0.0898334743690711
       0.0000002874858337       0.0000000296386102       0.0945500329546593
       0.0000003028509531       0.0000000311247103       0.0993872059972289
       0.0000003186160592       0.0000000326484695       0.1043449935203119
       0.0000003347811521       0.0000000342098876       0.1094233955652614
       0.0000003513462316       0.0000000358089647       0.1146224121669127
       0.0000003683112978       0.0000000374457008       0.1199420433501723
       0.0000003856763508       0.0000000391200960       0.1253822891617232
       0.0000004034413904       0.0000000408321503       0.1309431496373523
       0.0000004216064167       0.0000000425818636       0.1366246248004688
       0.0000004401714297       0.0000000443692360       0.1424267147028811
       0.0000004591364293       0.0000000461942674       0.1483494193764526
       0.0000004785014157       0.0000000480569580       0.1543927388646777
       0.0000004982663888       0.0000000499573077       0.1605566732046071
       0.0000005184313486       0.0000000518953164       0.1668412224373672
       0.0000005389962950       0.0000000538709844       0.1732463866056847
       0.0000005599612282       0.0000000558843114       0.1797721657555868
       0.0000005813261480       0.0000000579352977       0.1864185599257288
       0.0000006030910546       0.0000000600239431       0.1931855691627242
       0.0000006252559478       0.0000000621502477       0.2000731935090035
       0.0000006478208277       0.0000000643142115       0.2070814330137075
       0.0000006707856943       0.0000000665158345       0.2142102877245567
       0.0000006941505476       0.0000000687551168       0.2214597576895937
       0.0000007179153877       0.0000000710320583       0.2288298429556154
       0.0000007420802143       0.0000000733466590       0.2363205435708665
       0.0000007666450277       0.0000000756989191       0.2439318595858999
       0.0000007916098278       0.0000000780888384       0.2516637910632885
       0.0000008169746146       0.0000000805164170       0.2595163380375926
       0.0000008427393880       0.0000000829816550       0.2674895005670003
       0.0000008689041482       0.0000000854845523       0.2755832787103250
       0.0000008954688951       0.0000000880251090       0.2837976725118534
       0.0000009224336286       0.0000000906033251       0.2921326820320870
       0.0000009497983488       0.0000000932192005       0.3005883073264753
       0.0000009775630558       0.0000000958727354       0.3091645484459930
       0.0000010057277494       0.0000000985639297       0.3178614054575571
       0.0000010342924297       0.0000001012927834       0.3266788784090439
       0.0000010632570967       0.0000001040592966       0.3356169673697972
       0.0000010926217504       0.0000001068634693       0.3446756723998628
       0.0000011223863908       0.0000001097053015       0.3538549935503644
       0.0000011525510178       0.0000001125847932       0.3631549308871614
       0.0000011831156316       0.0000001155019445       0.3725754844780391
       0.0000012140802321       0.0000001184567553       0.3821166543759907
       0.0000012454448193       0.0000001214492257       0.3917784406472150
       0.0000012772093931       0.0000001244793557       0.4015608433593380
       0.0000013093739536       0.0000001275471453       0.4114638625703325
       0.0000013419385009       0.0000001306525946       0.4214874983583999
       0.0000013749030348       0.0000001337957035       0.4316317507869014
       0.0000014082675554       0.0000001369764722       0.4418966199183996
       0.0000014420320627       0.0000001401949005       0.4522821058257808
       0.0000014761965567       0.0000001434509885       0.4627882085766986
       0.0000015107610374       0.0000001467447363       0.4734149282425006
       0.0000015457255048       0.0000001500761439       0.4841622648901331
       0.0000015810899589       0.0000001534452112       0.4950302185948766
       0.0000016168543997       0.0000001568519384       0.5060187894342257
       0.0000016530188271       0.0000001602963254       0.5171279774714039
       0.0000016895832413       0.0000001637783723       0.5283577827879158
       0.0000017265476421       0.0000001672980790       0.5397082054584603
       0.0000017639120296       0.0000001708554457       0.5511792455518721
       0.0000018016764039       0.0000001744504723       0.5627709031512258
       0.0000018398407648       0.0000001780831588       0.5744831783371011
       0.0000018784051124       0.0000001817535054       0.5863160711799454
       0.0000019173694467       0.0000001854615119       0.5982695817625664
       0.0000019567337677       0.0000001892071785       0.6103437101631031
       0.0000019964980753       0.0000001929905051       0.6225384564623268
       0.0000020366623697       0.0000001968114918       0.6348538207435360
       0.0000020772266508       0.0000002006701386       0.6472898030938111
       0.0000021181909185       0.0000002045664455       0.6598464035858247
       0.0000021595551730       0.0000002085004126       0.6725236223090513
       0.0000022013194141       0.0000002124720399       0.6853214593469563
       0.0000022434836419       0.0000002164813274       0.6982399147875710
       0.0000022860478564       0.0000002205282751       0.7112789887097698
       0.0000023290120577       0.0000002246128831       0.7244386812122832
       0.0000023723762456       0.0000002287351514       0.7377189923734395
       0.0000024161404201       0.0000002328950800       0.7511199222861877
       0.0000024603045814       0.0000002370926690       0.7646414710388173
       0.0000025048687294       0.0000002413279183       0.7782836387211320
       0.0000025498328641       0.0000002456008280       0.7920464254253108
       0.0000025951969854       0.0000002499113982       0.8059298312424733
       0.0000026409610934       0.0000002542596288       0.8199338562672067
       0.0000026871251882       0.0000002586455199       0.8340585005905943
       0.0000027336892696       0.0000002630690715       0.8483037643094912
       0.0000027806533377       0.0000002675302837       0.8626696475147931
       0.0000028280173925       0.0000002720291565       0.8771561503099921
       0.0000028757814340       0.0000002765656898       0.8917632727846689
       0.0000029239454622       0.0000002811398838       0.9064910150353329
       0.0000029725094770       0.0000002857517385       0.9213393771671718
       0.0000030214734786       0.0000002904012539       0.9363083592784349
       0.0000030708374668       0.0000002950884300       0.9513979614624619
       0.0000031206014418       0.0000002998132668       0.9666081838257570
       0.0000031707654034       0.0000003045757645       0.9819390264694228
       0.0000032213293517       0.0000003093759230       0.9973904894934245
       0.0000032722932867       0.0000003142137424       1.0129625730017069
       0.0000033236572084       0.0000003190892226       1.0286552771010677
       0.0000033754211168       0.0000003240023638       1.0444686018903615
       0.0000034275850119       0.0000003289531659       1.0604025474854732
       0.0000034801488937       0.0000003339416290       1.0764571139815167
       0.0000035331127621       0.0000003389677531       1.0926323014926629
       0.0000035864766173       0.0000003440315383       1.1089281101223210
       0.0000036402404591       0.0000003491329846       1.1253445399801982
       0.0000036944042876       0.0000003542720920       1.1418815911831244
       0.0000037489681028       0.0000003594488605       1.1585392638294714
       0.0000038039319047       0.0000003646632903       1.1753175580405164
       0.0000038592956933       0.0000003699153813       1.1922164739232834
       0.0000039150594686       0.0000003752051335       1.2092360115912915
       0.0000039712232306       0.0000003805325471       1.2263761711619514
       0.0000040277869792       0.0000003858976220       1.2436369527423905
       0.0000040847507145       0.0000003913003582       1.2610183564506814
       0.0000041421144366       0.0000003967407559       1.2785203824091587
       0.0000041998781453       0.0000004022188150       1.2961430307290709
       0.0000042580418407       0.0000004077345355       1.3138863015206361
       0.0000043166055228       0.0000004132879176       1.3317501949226660
       0.0000043755691916       0.0000004188789613       1.3497347110362314
       0.0000044349328470       0.0000004245076665       1.3678398499878748
       0.0000044946964892       0.0000004301740334       1.3860656119002766
       0.0000044998435123       0.0000004306610268       1.3876335103737001
       0.0000044995441491       0.0000004306888413       1.3875321017656195
       0.0000044992441884       0.0000004307160733       1.3874307761720774
       0.0000044987942625       0.0000004307556501       1.3872789685021605
       0.0000044981194156       0.0000004308122830       1.3870516489326155
       0.0000044971072447       0.0000004308914816       1.3867114997273637
       0.0000044955892042       0.0000004309985412       1.3862029880576845
       0.0000044933126229       0.0000004311361693       1.3854436248965334
       0.0000044898988296       0.0000004313002251       1.3843112499641828
       0.0000044847805693       0.0000004314740241       1.3826243787998145
       0.0000044771086482       0.0000004316231996       1.3801134594901596
       0.0000044656130763       0.0000004316963620       1.3763766131927706
       0.0000044483974200       0.0000004316381316       1.3708128812979263
       0.0000044226362728       0.0000004314206498       1.3625210424123020
       0.0000043841348194       0.0000004310894334       1.3501523056960076
       0.0000043266982492       0.0000004307857987       1.3317047659541170
       0.0000042680662084       0.0000004306344881       1.3128676581388559
       0.0000042098339626       0.0000004305690636       1.2941536473187565
       0.0000041520017022       0.0000004305428454       1.2755659897230605
       0.0000040945694273       0.0000004305329188       1.2571067858109872
       0.0000040375371377       0.0000004305293289       1.2387770651032743
       0.0000039809048330       0.0000004305280806       1.2205772705871731
       0.0000039246725135       0.0000004305276614       1.2025075778708822
       0.0000038688401791       0.0000004305275251       1.1845680524884106
       0.0000038134078298       0.0000004305274821       1.1667587177060006
       0.0000037583754657       0.0000004305274690       1.1490795813925982
       0.0000037037430868       0.0000004305274651       1.1315306460192955
       0.0000036495106931       0.0000004305274639       1.1141119122898018
       0.0000035956782846       0.0000004305274636       1.0968233803141423
       0.0000035422458612       0.0000004305274635       1.0796650499920764
       0.0000034892134230       0.0000004305274635       1.0626369211937590
       0.0000034365809699       0.0000004305274635       1.0457389937827208
       0.0000033843485020       0.0000004305274635       1.0289712676141765
       0.0000033325160193       0.0000004305274635       1.0123337425340240
       0.0000032810835218       0.0000004305274635       0.9958264183949305
       0.0000032300510094       0.0000004305274635       0.9794492950455370
       0.0000031794184822       0.0000004305274635       0.9632023723446617
       0.0000031291859402       0.0000004305274635       0.9470856501401330
       0.0000030793533833       0.0000004305274635       0.9310991282878490
       0.0000030299208116       0.0000004305274635       0.9152428066497837
       0.0000029808882251       0.0000004305274635       0.8995166850767427
       0.0000029322556237       0.0000004305274635       0.8839207634317855
       0.0000028840230075       0.0000004305274635       0.8684550415737160
       0.0000028361903765       0.0000004305274635       0.8531195193647378
       0.0000027887577307       0.0000004305274635       0.8379141966632851
       0.0000027417250700       0.0000004305274635       0.8228390733353690
       0.0000026950923945       0.0000004305274635       0.8078941492506784
       0.0000026488597042       0.0000004305274635       0.7930794242652455
       0.0000026030269990       0.0000004305274635       0.7783948982556546
       0.0000025575942790       0.0000004305274635       0.7638405710847336
       0.0000025125615442       0.0000004305274635       0.7494164426178981
       0.0000024679287946       0.0000004305274635       0.7351225127367943
       0.0000024236960301       0.0000004305274635       0.7209587813058552
       0.0000023798632508       0.0000004305274635       0.7069252481948713
       0.0000023364304567       0.0000004305274635       0.6930219132829012
       0.0000022933976477       0.0000004305274635       0.6792487764441618
       0.0000022507648239       0.0000004305274635       0.6656058375575705
       0.0000022085319853       0.0000004305274635       0.6520930964934346
       0.0000021666991319       0.0000004305274635       0.6387105531395235
       0.0000021252662636       0.0000004305274635       0.6254582073688209
       0.0000020842333805       0.0000004305274635       0.6123360590640955
       0.0000020436004826       0.0000004305274635       0.5993441081103752
       0.0000020033675698       0.0000004305274635       0.5864823543877125
       0.0000019635346422       0.0000004305274635       0.5737507977845978
       0.0000019241016998       0.0000004305274635       0.5611494381777939
       0.0000018850687426       0.0000004305274635       0.5486782754661724
       0.0000018464357705       0.0000004305274635       0.5363373095250805
       0.0000018082027836       0.0000004305274635       0.5241265402557148
       0.0000017703697819       0.0000004305274635       0.5120459675439607
       0.0000017329367653       0.0000004305274635       0.5000955912781989
       0.0000016959037340       0.0000004305274635       0.4882754113541228
       0.0000016592706878       0.0000004305274635       0.4765854276676988
       0.0000016230376267       0.0000004305274635       0.4650256401077730
       0.0000015872045509       0.0000004305274635       0.4535960485747335
       0.0000015517714602       0.0000004305274635       0.4422966529675064
       0.0000015167383547       0.0000004305274635       0.4311274531827371
       0.0000014821052343       0.0000004305274635       0.4200884491176117
       0.0000014478720992       0.0000004305274635       0.4091796406807335
       0.0000014140389492       0.0000004305274635       0.3984010277639253
       0.0000013806057844       0.0000004305274635       0.3877526102803724
       0.0000013475726047       0.0000004305274635       0.3772343881234730
       0.0000013149394102       0.0000004305274635       0.3668463612101918
       0.0000012827062009       0.0000004305274635       0.3565885294403113
       0.0000012508729768       0.0000004305274635       0.3464608927230711
       0.0000012194397379       0.0000004305274635       0.3364634509714282
       0.0000011884064841       0.0000004305274635       0.3265962040905468
       0.0000011577732155       0.0000004305274635       0.3168591519889148
       0.0000011275399320       0.0000004305274635       0.3072522945882405
       0.0000010977066338       0.0000004305274635       0.2977756317997955
       0.0000010682733207       0.0000004305274635       0.2884291635346161
       0.0000010392399928       0.0000004305274635       0.2792128897109152
       0.0000010106066500       0.0000004305274635       0.2701268102458494
       0.0000009823732925       0.0000004305274635       0.2611709250596990
       0.0000009545399201       0.0000004305274635       0.2523452340692315
       0.0000009271065329       0.0000004305274635       0.2436497371969516
       0.0000009000731308       0.0000004305274635       0.2350844343609805
       0.0000008734397140       0.0000004305274635       0.2266493254943167
       0.0000008472062823       0.0000004305274635       0.2183444105074155
       0.0000008213728358       0.0000004305274635       0.2101696893398188
       0.0000007959393744       0.0000004305274635       0.2021251619085437
       0.0000007709058982       0.0000004305274635       0.1942108281423840
       0.0000007462724072       0.0000004305274635       0.1864266879740452
       0.0000007220389014       0.0000004305274635       0.1787727413334420
       0.0000006982053808       0.0000004305274635       0.1712489881493366
       0.0000006747718453       0.0000004305274635       0.1638554283562032
       0.0000006517382950       0.0000004305274635       0.1565920618846355
       0.0000006291047299       0.0000004305274635       0.1494588886685319
       0.0000006068711499       0.0000004305274635       0.1424559086558874
       0.0000005850375551       0.0000004305274635       0.1355831217699712
       0.0000005636039455       0.0000004305274635       0.1288405279535098
       0.0000005425703211       0.0000004305274635       0.1222281271485326
       0.0000005219366819       0.0000004305274635       0.1157459192926647
       0.0000005017030278       0.0000004305274635       0.1093939043292184
       0.0000004818693589       0.0000004305274635       0.1031720822007659
       0.0000004624356752       0.0000004305274635       0.0970804528543498
       0.0000004434019766       0.0000004305274635       0.0911190162310637
       0.0000004247682632       0.0000004305274635       0.0852877722766844
       0.0000004065345350       0.0000004305274635       0.0795867209438768
       0.0000003887007920       0.0000004305274635       0.0740158621792470
       0.0000003712670342       0.0000004305274635       0.0685751959330582
       0.0000003542332615       0.0000004305274635       0.0632647221496394
       0.0000003375994740       0.0000004305274635       0.0580844407955029
       0.0000003213656717       0.0000004305274635       0.0530343518159652
       0.0000003055318545       0.0000004305274635       0.0481144551626974
       0.0000002900980225       0.0000004305274635       0.0433247507952179
       0.0000002750641757       0.0000004305274635       0.0386652386713911
       0.0000002604303141       0.0000004305274635       0.0341359187515886
       0.0000002461964376       0.0000004305274634       0.0297367909980598
       0.0000002323625463       0.0000004305274629       0.0254678554005585
       0.0000002189286402       0.0000004305274613       0.0213291120094690
       0.0000002058947191       0.0000004305274551       0.0173205611482465
       0.0000001932607825       0.0000004305274318       0.0134422040795472
       0.0000001810268291       0.0000004305273465       0.0096940454633355
       0.0000001691928537       0.0000004305270436       0.0060761015354526
       0.0000001577588400       0.0000004305260154       0.0025884253796627
       0.0000001467247448       0.0000004305228285      -0.0007688338140248
       0.0000001360904963       0.0000004305146339      -0.0039953775736887
       0.0000001258560945       0.0000004304990158      -0.0070909493244741
       0.0000001160217326       0.0000004304780220      -0.0100557573767307
       0.0000001065876426       0.0000004304578324      -0.0128904461365523
       0.0000000975538273       0.0000004304431739      -0.0155955210838145
       0.0000000889200841       0.0000004304342458      -0.0181710101927912
       0.0000000806862477       0.0000004304286403      -0.0206166687086182
       0.0000000728522675       0.0000004304227834      -0.0229321262663063
       0.0000000654181653       0.0000004304099676      -0.0251167052103594
       0.0000000583839680       0.0000004303724829      -0.0271686444175730
       0.0000000517496865       0.0000004302600124      -0.0290829480921131
       0.0000000455153406       0.0000004299302163      -0.0308454991554529
       0.0000000396809834       0.0000004289807059      -0.0324164027621081
       0.0000000342466499       0.0000004262839193      -0.0336838486202024
       0.0000000292123153       0.0000004188554912      -0.0343518895434093
       0.0000000245779065       0.0000004000447605      -0.0337610177874738
       0.0000000203434088       0.0000003599326636      -0.0309274929421563
       0.0000000165090006       0.0000002936262356      -0.0253659193379880
       0.0000000130749611       0.0000002115250721      -0.0181088597695669
       0.0000000100413150       0.0000001346640612      -0.0112435204896974
       0.0000000074077351       0.0000000780184822      -0.0062532498374297
       0.0000000051738380       0.0000000429550272      -0.0032802825755995
       0.0000000033395108       0.0000000234338902      -0.0017113191709502
       0.0000000019049461       0.0000000132107534      -0.0009371325529549
       0.0000000008703852       0.0000000080276061      -0.0005454907892949
       0.0000000002359207       0.0000000054146644      -0.0002786672747156
       0.0000000000015126       0.0000000041404587      -0.0000189006450963
       0.0000000000000059       0.0000000040401740       0.0000093128824967
