       0.0000000000000000       0.0000000000000000      -0.0000000051077268
      -0.0000000000000050       0.0000000000000000      -0.0000000045973312
      -0.0000000000000200       0.0000000000000000      -0.0000000140781568
      -0.0000000000000612       0.0000000000000000      -0.0000000379963451
      -0.0000000000001653       0.0000000000000000      -0.0000000956922035
      -0.0000000000004162       0.0000000000000000      -0.0000002313261641
      -0.0000000000010061       0.0000000000000000      -0.0000005452289377
      -0.0000000000023713       0.0000000000000000      -0.0000012645998561
      -0.0000000000054999       0.0000000000000000      -0.0000029028202486
      -0.0000000000126247       0.0000000000000000      -0.0000066182706962
      -0.0000000000287837       0.0000000000000000      -0.0000150222159461
      -0.0000000000653334       0.0000000000000000      -0.0000339973643544
      -0.0000000001478586       0.0000000000000000      -0.0000767908550604
      -0.0000000003339724       0.0000000000000000      -0.0001732253194295
      -0.0000000007533772       0.0000000000000000      -0.0003904265305298
      -0.0000000016979723       0.0000000000000000      -0.0007043357000382
      -0.0000000030631346       0.0000000000000000      -0.0011101847550023
      -0.0000000048281294       0.0000000000000000      -0.0016079736962839
      -0.0000000069929568       0.0000000000000000      -0.0021977025250048
      -0.0000000095576168       0.0000000000000000      -0.0028793712425919
      -0.0000000125221093       0.0000000000000000      -0.0036529798506873
      -0.0000000158864345       0.0000000000000000      -0.0045185283511651
      -0.0000000196505922       0.0000000000000000      -0.0054760167460949
      -0.0000000238145825       0.0000000000000000      -0.0065254450377605
      -0.0000000283784054       0.0000000000000000      -0.0076668132286622
      -0.0000000333420610       0.0000000000000000      -0.0089001213215584
      -0.0000000387055491       0.0000000000000000      -0.0102253693193369
      -0.0000000444688700       0.0000000000000000      -0.0116425572252512
      -0.0000000506320234       0.0000000000000000      -0.0131516850426418
      -0.0000000571950096       0.0000000000000000      -0.0147527527751495
      -0.0000000641578285       0.0000000000000000      -0.0164457604265882
      -0.0000000715204800       0.0000000000000000      -0.0182307080009612
      -0.0000000792829643       0.0000000000000000      -0.0201075955026418
      -0.0000000874452813       0.0000000000000000      -0.0220764229360502
      -0.0000000960074311       0.0000000000000000      -0.0241371903058952
      -0.0000001049694136       0.0000000000000000      -0.0262898976171376
      -0.0000001143312290       0.0000000000000000      -0.0285345448749520
      -0.0000001240928772       0.0000000000000000      -0.0308711320846381
      -0.0000001342543583       0.0000000000000000      -0.0332996592518429
      -0.0000001448156722       0.0000000000000000      -0.0358201263823234
      -0.0000001557768190       0.0000000000000000      -0.0384325334821687
      -0.0000001671377987       0.0000000000000000      -0.0411368805576239
      -0.0000001788986114       0.0000000000000000      -0.0439331676151350
      -0.0000001910592571       0.0000000000000000      -0.0468213946613664
      -0.0000002036197358       0.0000000000000000      -0.0498015617032811
      -0.0000002165800475       0.0000000000000000      -0.0528736687480099
      -0.0000002299401923       0.0000000000000000      -0.0560377158028813
      -0.0000002437001702       0.0000000000000000      -0.0592937028754813
      -0.0000002578599812       0.0000000000000000      -0.0626416299735719
      -0.0000002724196255       0.0000000000000000      -0.0660814971051851
      -0.0000002873791029       0.0000000000000000      -0.0696133042785630
      -0.0000003027384135       0.0000000000000000      -0.0732370515021182
      -0.0000003184975574       0.0000000000000000      -0.0769527387846113
      -0.0000003346565347       0.0000000000000000      -0.0807603661349684
      -0.0000003512153453       0.0000000000000000      -0.0846599335630988
      -0.0000003681739893       0.0000000000000001      -0.0886514410822735
      -0.0000003855324667       0.0000000000000003      -0.0927348887240369
      -0.0000004032907773       0.0000000000000018      -0.0969102766128143
      -0.0000004214489205       0.0000000000000096      -0.1011776053381706
      -0.0000004400068926       0.0000000000000474      -0.1055368776730625
      -0.0000004589646781       0.0000000000002185      -0.1099881055808392
      -0.0000004783222326       0.0000000000008468      -0.1145313269185097
      -0.0000004980795409       0.0000000000022902      -0.1191665851959040
      -0.0000005182367544       0.0000000000040578      -0.1238938281389504
      -0.0000005387939305       0.0000000000053994      -0.1287129699318960
      -0.0000005597509500       0.0000000000062268      -0.1336239984594398
      -0.0000005811077591       0.0000000000067446      -0.1386269359458636
      -0.0000006028643710       0.0000000000071142      -0.1437217990321255
      -0.0000006250207995       0.0000000000074234      -0.1489085976440806
      -0.0000006475770557       0.0000000000077078      -0.1541873351707268
      -0.0000006705331415       0.0000000000079844      -0.1595580136381462
      -0.0000006938890598       0.0000000000082579      -0.1650206326880418
      -0.0000007176448085       0.0000000000085359      -0.1705751936336253
      -0.0000007418003893       0.0000000000088185      -0.1762216965107483
      -0.0000007663558025       0.0000000000091057      -0.1819601413401029
      -0.0000007913110482       0.0000000000093975      -0.1877905281312016
      -0.0000008166661264       0.0000000000096938      -0.1937128568950360
      -0.0000008424210371       0.0000000000099946      -0.1997271276455011
      -0.0000008685757805       0.0000000000103001      -0.2058333403974591
      -0.0000008951303566       0.0000000000106101      -0.2120314951658898
      -0.0000009220847654       0.0000000000109246      -0.2183215919656963
      -0.0000009494390071       0.0000000000112437      -0.2247036308118284
      -0.0000009771930816       0.0000000000115674      -0.2311776117195323
      -0.0000010053469891       0.0000000000118957      -0.2377435347043001
      -0.0000010339007296       0.0000000000122285      -0.2444013997817873
      -0.0000010628543032       0.0000000000125659      -0.2511512069680236
      -0.0000010922077100       0.0000000000129078      -0.2579929562791244
      -0.0000011219609500       0.0000000000132543      -0.2649266477314073
      -0.0000011521140232       0.0000000000136054      -0.2719522813415698
      -0.0000011826669299       0.0000000000139610      -0.2790698571262924
      -0.0000012136196700       0.0000000000143212      -0.2862793751027273
      -0.0000012449722436       0.0000000000146859      -0.2935808352880736
      -0.0000012767246508       0.0000000000150552      -0.3009742376997892
      -0.0000013088768916       0.0000000000154291      -0.3084595823555762
      -0.0000013414289662       0.0000000000158076      -0.3160368692733316
      -0.0000013743808747       0.0000000000161906      -0.3237060984712339
      -0.0000014077326170       0.0000000000165781      -0.3314672699675874
      -0.0000014414841933       0.0000000000169703      -0.3393203837809822
      -0.0000014756356037       0.0000000000173670      -0.3472654399301848
      -0.0000015101868482       0.0000000000177682      -0.3553024384342295
      -0.0000015451379269       0.0000000000181741      -0.3634313793123475
      -0.0000015804888400       0.0000000000185844      -0.3716522625839786
      -0.0000016162395874       0.0000000000189994      -0.3799650882688084
      -0.0000016523901693       0.0000000000194189      -0.3883698563867063
      -0.0000016889405858       0.0000000000198430      -0.3968665669578356
      -0.0000017258908370       0.0000000000202716      -0.4054552200024643
      -0.0000017632409229       0.0000000000207048      -0.4141358155411161
      -0.0000018009908436       0.0000000000211426      -0.4229083535946768
      -0.0000018391405992       0.0000000000215849      -0.4317728341840594
      -0.0000018776901899       0.0000000000220318      -0.4407292573304757
      -0.0000019166396157       0.0000000000224833      -0.4497776230553752
      -0.0000019559888766       0.0000000000229393      -0.4589179313804102
      -0.0000019957379729       0.0000000000233999      -0.4681501823274389
      -0.0000020358869045       0.0000000000238650      -0.4774743759185437
      -0.0000020764356717       0.0000000000243347      -0.4868905121760479
      -0.0000021173842744       0.0000000000248090      -0.4963985911225210
      -0.0000021587327128       0.0000000000252878      -0.5059986127806277
      -0.0000022004809869       0.0000000000257712      -0.5156905771734016
      -0.0000022426290970       0.0000000000262592      -0.5254744843240330
      -0.0000022851770430       0.0000000000267517      -0.5353503342559341
      -0.0000023281248251       0.0000000000272488      -0.5453181269926979
      -0.0000023714724434       0.0000000000277505      -0.5553778625582050
      -0.0000024152198980       0.0000000000282567      -0.5655295409765229
      -0.0000024593671890       0.0000000000287675      -0.5757731622719382
      -0.0000025039143165       0.0000000000292828      -0.5861087264689238
      -0.0000025488612806       0.0000000000298027      -0.5965362335922938
      -0.0000025942080814       0.0000000000303272      -0.6070556836669386
      -0.0000026399547190       0.0000000000308562      -0.6176670767180381
      -0.0000026861011935       0.0000000000313898      -0.6283704127710191
      -0.0000027326475051       0.0000000000319280      -0.6391656918514571
      -0.0000027795936539       0.0000000000324707      -0.6500529139851514
      -0.0000028269396399       0.0000000000330180      -0.6610320791982373
      -0.0000028746854633       0.0000000000335698      -0.6721031875169398
      -0.0000029228311241       0.0000000000341263      -0.6832662389677145
      -0.0000029713766226       0.0000000000346872      -0.6945212335773278
      -0.0000030203219588       0.0000000000352528      -0.7058681713726843
      -0.0000030696671329       0.0000000000358229      -0.7173070523809121
      -0.0000031194121449       0.0000000000363976      -0.7288378766294394
      -0.0000031695569950       0.0000000000369768      -0.7404606441458608
      -0.0000032201016833       0.0000000000375606      -0.7521753549578972
      -0.0000032710462099       0.0000000000381490      -0.7639820090936426
      -0.0000033223905750       0.0000000000387419      -0.7758806065813701
      -0.0000033741347786       0.0000000000393394      -0.7878711474494966
      -0.0000034262788209       0.0000000000399414      -0.7999536317267926
      -0.0000034788227020       0.0000000000405480      -0.8121280594420665
      -0.0000035317664221       0.0000000000411592      -0.8243944306245381
      -0.0000035851099812       0.0000000000417750      -0.8367527453034681
      -0.0000036388533795       0.0000000000423953      -0.8492030035085181
      -0.0000036929966172       0.0000000000430201      -0.8617452052694047
      -0.0000037475396943       0.0000000000436496      -0.8743793506161960
      -0.0000038024826110       0.0000000000442836      -0.8871054395790979
      -0.0000038578253674       0.0000000000449221      -0.8999234721885744
      -0.0000039135679636       0.0000000000455652      -0.9128334484752623
      -0.0000039697103998       0.0000000000462129      -0.9258353684700740
      -0.0000040262526761       0.0000000000468652      -0.9389292322041569
      -0.0000040831947927       0.0000000000475220      -0.9521150397087963
      -0.0000041405367497       0.0000000000481834      -0.9653927910155718
      -0.0000041982785472       0.0000000000488493      -0.9787624861561959
      -0.0000042564201854       0.0000000000495198      -0.9922241251627191
      -0.0000043149616643       0.0000000000501949      -1.0057777080673398
      -0.0000043739029842       0.0000000000508745      -1.0194232349024979
      -0.0000044332441452       0.0000000000515587      -1.0331607057008079
      -0.0000044929834924       0.0000000000516176      -1.0343423866046941
      -0.0000044981221888       0.0000000000516209      -1.0342734295700320
      -0.0000044978222858       0.0000000000516241      -1.0342044795763026
      -0.0000044975224199       0.0000000000516288      -1.0341010582333545
      -0.0000044970726460       0.0000000000516353      -1.0339459336850048
      -0.0000044963980170       0.0000000000516442      -1.0337132674203637
      -0.0000044953861604       0.0000000000516558      -1.0333643169115234
      -0.0000044938685886       0.0000000000516698      -1.0328410014497604
      -0.0000044915927151       0.0000000000516851      -1.0320562759176326
      -0.0000044881799903       0.0000000000516990      -1.0308797449255873
      -0.0000044830633395       0.0000000000517071      -1.0291162037102735
      -0.0000044753938396       0.0000000000517046      -1.0264737190151672
      -0.0000044639019068       0.0000000000516882      -1.0225163572298419
      -0.0000044466917132       0.0000000000516604      -1.0165946423226615
      -0.0000044209387507       0.0000000000516321      -1.0077443139912876
      -0.0000043824495485       0.0000000000516158      -0.9945413733120551
      -0.0000043250322648       0.0000000000516107      -0.9810641279722876
      -0.0000042664221379       0.0000000000516094      -0.9676788252024470
      -0.0000042082118544       0.0000000000516090      -0.9543854645987468
      -0.0000041504014128       0.0000000000516090      -0.9411840461236113
      -0.0000040929908132       0.0000000000516089      -0.9280745697942703
      -0.0000040359800558       0.0000000000516089      -0.9150570355896845
      -0.0000039793691408       0.0000000000516089      -0.9021314434672980
      -0.0000039231580679       0.0000000000516089      -0.8892977933869071
      -0.0000038673468369       0.0000000000516089      -0.8765560853157848
      -0.0000038119354478       0.0000000000516089      -0.8639063192245771
      -0.0000037569239004       0.0000000000516089      -0.8513484950841311
      -0.0000037023121944       0.0000000000516089      -0.8388826128646429
      -0.0000036481003299       0.0000000000516089      -0.8265086725361120
      -0.0000035942883067       0.0000000000516089      -0.8142266740687676
      -0.0000035408761247       0.0000000000516089      -0.8020366174332489
      -0.0000034878637837       0.0000000000516089      -0.7899385026004145
      -0.0000034352512835       0.0000000000516089      -0.7779323295412821
      -0.0000033830386242       0.0000000000516089      -0.7660180982271311
      -0.0000033312258055       0.0000000000516089      -0.7541958086294793
      -0.0000032798128274       0.0000000000516089      -0.7424654607200336
      -0.0000032287996896       0.0000000000516089      -0.7308270544706885
      -0.0000031781863922       0.0000000000516089      -0.7192805898536285
      -0.0000031279729349       0.0000000000516089      -0.7078260668412524
      -0.0000030781593176       0.0000000000516089      -0.6964634854061043
      -0.0000030287455403       0.0000000000516089      -0.6851928455210292
      -0.0000029797316027       0.0000000000516089      -0.6740141471590209
      -0.0000029311175049       0.0000000000516089      -0.6629273902933298
      -0.0000028829032466       0.0000000000516089      -0.6519325748974557
      -0.0000028350888278       0.0000000000516089      -0.6410297009451179
      -0.0000027876742483       0.0000000000516089      -0.6302187684101678
      -0.0000027406595081       0.0000000000516089      -0.6194997772667860
      -0.0000026940446069       0.0000000000516089      -0.6088727274892728
      -0.0000026478295448       0.0000000000516089      -0.5983376190522370
      -0.0000026020143216       0.0000000000516089      -0.5878944519304690
      -0.0000025565989371       0.0000000000516089      -0.5775432260989439
      -0.0000025115833913       0.0000000000516089      -0.5672839415329419
      -0.0000024669676841       0.0000000000516089      -0.5571165982079024
      -0.0000024227518154       0.0000000000516089      -0.5470411960994963
      -0.0000023789357850       0.0000000000516089      -0.5370577351835866
      -0.0000023355195928       0.0000000000516089      -0.5271662154363100
      -0.0000022925032388       0.0000000000516089      -0.5173666368339966
      -0.0000022498867228       0.0000000000516089      -0.5076589993532129
      -0.0000022076700448       0.0000000000516089      -0.4980433029706907
      -0.0000021658532046       0.0000000000516089      -0.4885195476634439
      -0.0000021244362022       0.0000000000516089      -0.4790877334087130
      -0.0000020834190374       0.0000000000516089      -0.4697478601838903
      -0.0000020428017101       0.0000000000516089      -0.4604999279666371
      -0.0000020025842203       0.0000000000516089      -0.4513439367348293
      -0.0000019627665678       0.0000000000516089      -0.4422798864665523
      -0.0000019233487526       0.0000000000516089      -0.4333077771400944
      -0.0000018843307745       0.0000000000516089      -0.4244276087340619
      -0.0000018457126335       0.0000000000516089      -0.4156393812271637
      -0.0000018074943294       0.0000000000516089      -0.4069430945983036
      -0.0000017696758623       0.0000000000516089      -0.3983387488268008
      -0.0000017322572319       0.0000000000516089      -0.3898263438919918
      -0.0000016952384383       0.0000000000516089      -0.3814058797735014
      -0.0000016586194812       0.0000000000516089      -0.3730773564512136
      -0.0000016224003607       0.0000000000516089      -0.3648407739051825
      -0.0000015865810766       0.0000000000516089      -0.3566961321156695
      -0.0000015511616289       0.0000000000516089      -0.3486434310632958
      -0.0000015161420174       0.0000000000516089      -0.3406826707286690
      -0.0000014815222421       0.0000000000516089      -0.3328138510928137
      -0.0000014473023029       0.0000000000516089      -0.3250369721368458
      -0.0000014134821998       0.0000000000516089      -0.3173520338422220
      -0.0000013800619325       0.0000000000516089      -0.3097590361904849
      -0.0000013470415011       0.0000000000516089      -0.3022579791635381
      -0.0000013144209056       0.0000000000516089      -0.2948488627433867
      -0.0000012822001457       0.0000000000516089      -0.2875316869123384
      -0.0000012503792214       0.0000000000516089      -0.2803064516528029
      -0.0000012189581326       0.0000000000516089      -0.2731731569475851
      -0.0000011879368794       0.0000000000516089      -0.2661318027795856
      -0.0000011573154615       0.0000000000516089      -0.2591823891319273
      -0.0000011270938790       0.0000000000516089      -0.2523249159880357
      -0.0000010972721317       0.0000000000516089      -0.2455593833314558
      -0.0000010678502196       0.0000000000516089      -0.2388857911460186
      -0.0000010388281426       0.0000000000516089      -0.2323041394157563
      -0.0000010102059006       0.0000000000516089      -0.2258144281249183
      -0.0000009819834937       0.0000000000516089      -0.2194166572579816
      -0.0000009541609216       0.0000000000516089      -0.2131108267996304
      -0.0000009267381843       0.0000000000516089      -0.2068969367347771
      -0.0000008997152818       0.0000000000516089      -0.2007749870485743
      -0.0000008730922141       0.0000000000516089      -0.1947449777263158
      -0.0000008468689810       0.0000000000516089      -0.1888069087536605
      -0.0000008210455824       0.0000000000516089      -0.1829607801163210
      -0.0000007956220184       0.0000000000516089      -0.1772065918003173
      -0.0000007705982888       0.0000000000516089      -0.1715443437919361
      -0.0000007459743936       0.0000000000516089      -0.1659740360775937
      -0.0000007217503328       0.0000000000516089      -0.1604956686439075
      -0.0000006979261063       0.0000000000516089      -0.1551092414774900
      -0.0000006745017139       0.0000000000516089      -0.1498147545640636
      -0.0000006514771558       0.0000000000516088      -0.1446122078825771
      -0.0000006288524318       0.0000000000516082      -0.1395016013758507
      -0.0000006066275423       0.0000000000516051      -0.1344829347992348
      -0.0000005848024887       0.0000000000515891      -0.1295562069789723
      -0.0000005633772781       0.0000000000515109      -0.1247214123287669
      -0.0000005423519422       0.0000000000511475      -0.1199785256889675
      -0.0000005217265990       0.0000000000496335      -0.1153274493594822
      -0.0000005015014936       0.0000000000447793      -0.1107679352546087
      -0.0000004816765319       0.0000000000349164      -0.1062997956342168
      -0.0000004622508790       0.0000000000230000      -0.1019233610284770
      -0.0000004432241914       0.0000000000138531      -0.0976391746447531
      -0.0000004245971261       0.0000000000086901      -0.0934473724757142
      -0.0000004063701376       0.0000000000061818      -0.0893478062456717
      -0.0000003885432217       0.0000000000049941      -0.0853403273663021
      -0.0000003711162663       0.0000000000043917      -0.0814248556728304
      -0.0000003540892058       0.0000000000040314      -0.0776013514144099
      -0.0000003374619997       0.0000000000037769      -0.0738698000552274
      -0.0000003212346398       0.0000000000035688      -0.0702301923995995
      -0.0000003054071046       0.0000000000033963      -0.0666825325361497
      -0.0000002899794111       0.0000000000032271      -0.0632268140791513
      -0.0000002749515483       0.0000000000030625      -0.0598630373387086
      -0.0000002603235169       0.0000000000029025      -0.0565912022607569
      -0.0000002460953168       0.0000000000027471      -0.0534113088418618
      -0.0000002322669478       0.0000000000025962      -0.0503233570748361
      -0.0000002188384100       0.0000000000024499      -0.0473273469523441
      -0.0000002058097034       0.0000000000023081      -0.0444232784670584
      -0.0000001931808278       0.0000000000021709      -0.0416111516118946
      -0.0000001809517834       0.0000000000020383      -0.0388909663801992
      -0.0000001691225699       0.0000000000019103      -0.0362627227654415
      -0.0000001576931875       0.0000000000017868      -0.0337264207613392
      -0.0000001466636361       0.0000000000016678      -0.0312820603618224
      -0.0000001360339156       0.0000000000015534      -0.0289296415610525
      -0.0000001258040261       0.0000000000014436      -0.0266691643534006
      -0.0000001159739675       0.0000000000013384      -0.0245006287334563
      -0.0000001065437397       0.0000000000012377      -0.0224240346960263
      -0.0000000975133429       0.0000000000011416      -0.0204393822361220
      -0.0000000888827768       0.0000000000010500      -0.0185466713490553
      -0.0000000806520416       0.0000000000009630      -0.0167459020302481
      -0.0000000728211372       0.0000000000008806      -0.0150370742754111
      -0.0000000653900636       0.0000000000008027      -0.0134201880804383
      -0.0000000583588208       0.0000000000007294      -0.0118952434414571
      -0.0000000517274087       0.0000000000006607      -0.0104622403548291
      -0.0000000454958274       0.0000000000005965      -0.0091211788171444
      -0.0000000396640767       0.0000000000005369      -0.0078720588251792
      -0.0000000342321568       0.0000000000004818      -0.0067148803759147
      -0.0000000292000676       0.0000000000004313      -0.0056496434666925
      -0.0000000245678090       0.0000000000003854      -0.0046763480948335
      -0.0000000203353811       0.0000000000003440      -0.0037949942580714
      -0.0000000165027839       0.0000000000003072      -0.0030055819542592
      -0.0000000130700173       0.0000000000002750      -0.0023081111815354
      -0.0000000100370814       0.0000000000002473      -0.0017025819382466
      -0.0000000074039761       0.0000000000002242      -0.0011889942229414
      -0.0000000051707014       0.0000000000002057      -0.0007673480343483
      -0.0000000033372574       0.0000000000001917      -0.0004376433715168
      -0.0000000019036440       0.0000000000001823      -0.0001998802336084
      -0.0000000008698612       0.0000000000001774      -0.0000540586201073
      -0.0000000002359090       0.0000000000001771      -0.0000001785306214
      -0.0000000000017874       0.0000000000001814      -0.0000382399650286
      -0.0000000001674964       0.0000000000001902      -0.0001682429234333
      -0.0000000007330360       0.0000000000002036      -0.0003901874061166
      -0.0000000016984063       0.0000000000002215      -0.0007040734136582
      -0.0000000030636072       0.0000000000002441      -0.0011099009467710
      -0.0000000048286386       0.0000000000002711      -0.0016076700064554
      -0.0000000069935007       0.0000000000003028      -0.0021973805938808
      -0.0000000095581935       0.0000000000003390      -0.0028790327104692
      -0.0000000125227169       0.0000000000003798      -0.0036526263578125
      -0.0000000158870709       0.0000000000004251      -0.0045181615378017
      -0.0000000196512555       0.0000000000004750      -0.0054756382525697
      -0.0000000238152708       0.0000000000005295      -0.0065250565042516
      -0.0000000283791168       0.0000000000005885      -0.0076664162955083
      -0.0000000333427935       0.0000000000006521      -0.0088997176289701
      -0.0000000387063008       0.0000000000007202      -0.0102249605076383
      -0.0000000444696389       0.0000000000007929      -0.0116421449347098
      -0.0000000506328077       0.0000000000008702      -0.0131512709135143
      -0.0000000571958072       0.0000000000009520      -0.0147523384477000
      -0.0000000641586374       0.0000000000010384      -0.0164453475410822
      -0.0000000715212985       0.0000000000011294      -0.0182302981977137
      -0.0000000792837903       0.0000000000012249      -0.0201071904218714
      -0.0000000874461129       0.0000000000013250      -0.0220760242180686
      -0.0000000960082663       0.0000000000014297      -0.0241367995909415
      -0.0000001049702505       0.0000000000015389      -0.0262895165454828
      -0.0000001143320657       0.0000000000016527      -0.0285341750868630
      -0.0000001240937117       0.0000000000017710      -0.0308707752204259
      -0.0000001342551886       0.0000000000018939      -0.0332993169517410
      -0.0000001448164965       0.0000000000020214      -0.0358198002866266
      -0.0000001557776353       0.0000000000021534      -0.0384322252311265
      -0.0000001671386051       0.0000000000022900      -0.0411365917915108
      -0.0000001788994059       0.0000000000024312      -0.0439328999742525
      -0.0000001910600377       0.0000000000025769      -0.0468211497859623
      -0.0000002036205006       0.0000000000027272      -0.0498013412336407
      -0.0000002165807946       0.0000000000028820      -0.0528734743244043
      -0.0000002299409198       0.0000000000030414      -0.0560375490655451
      -0.0000002437008761       0.0000000000032054      -0.0592935654646936
      -0.0000002578606636       0.0000000000033740      -0.0626415235296624
      -0.0000002724202823       0.0000000000035471      -0.0660814232683898
      -0.0000002873797323       0.0000000000037247      -0.0696132646891349
      -0.0000003027390136       0.0000000000039069      -0.0732370478004020
      -0.0000003184981262       0.0000000000040937      -0.0769527726107510
      -0.0000003346570702       0.0000000000042851      -0.0807604391291812
      -0.0000003512158456       0.0000000000044810      -0.0846600473647395
      -0.0000003681744525       0.0000000000046815      -0.0886515973267906
      -0.0000003855328908       0.0000000000048865      -0.0927350890248518
      -0.0000004032911607       0.0000000000050961      -0.0969105224687291
      -0.0000004214492622       0.0000000000053103      -0.1011778976683905
      -0.0000004400071952       0.0000000000055290      -0.1055372146340717
      -0.0000004589649600       0.0000000000057523      -0.1099884733761830
      -0.0000004783225564       0.0000000000059802      -0.1145316739053407
      -0.0000004980799847       0.0000000000062126      -0.1191668162325348
      -0.0000005182372447       0.0000000000064496      -0.1238939003687118
      -0.0000005387943365       0.0000000000066911      -0.1287129263252656
      -0.0000005597512603       0.0000000000069372      -0.1336238941137221
      -0.0000005811080160       0.0000000000071879      -0.1386268037457773
      -0.0000006028646038       0.0000000000074431      -0.1437216552334776
      -0.0000006250210235       0.0000000000077029      -0.1489084485889595
      -0.0000006475772754       0.0000000000079673      -0.1541871838247060
      -0.0000006705333595       0.0000000000082362      -0.1595578609532743
      -0.0000006938892757       0.0000000000085097      -0.1650204799874849
      -0.0000007176450243       0.0000000000087878      -0.1705750409404896
      -0.0000007418006051       0.0000000000090704      -0.1762215438255713
      -0.0000007663560184       0.0000000000093576      -0.1819599886562053
      -0.0000007913112641       0.0000000000096493      -0.1877903754461563
      -0.0000008166663423       0.0000000000099456      -0.1937127042093302
      -0.0000008424212530       0.0000000000102465      -0.1997269749599299
      -0.0000008685759964       0.0000000000105519      -0.2058331877123680
      -0.0000008951305725       0.0000000000108619      -0.2120313424812125
      -0.0000009220849814       0.0000000000111765      -0.2183214392812959
      -0.0000009494392230       0.0000000000114956      -0.2247034781276991
      -0.0000009771932976       0.0000000000118193      -0.2311774590356341
      -0.0000010053472050       0.0000000000121475      -0.2377433820207084
      -0.0000010339009456       0.0000000000124803      -0.2444012470985097
      -0.0000010628545191       0.0000000000128177      -0.2511510542850681
      -0.0000010922079259       0.0000000000131596      -0.2579928035964494
      -0.0000011219611659       0.0000000000135061      -0.2649264950490648
      -0.0000011521142392       0.0000000000138572      -0.2719521286594753
      -0.0000011826671458       0.0000000000142128      -0.2790697044445608
      -0.0000012136198859       0.0000000000145730      -0.2862792224212631
      -0.0000012449724595       0.0000000000149378      -0.2935806826069121
      -0.0000012767248667       0.0000000000153071      -0.3009740850189250
      -0.0000013088771075       0.0000000000156810      -0.3084594296750379
      -0.0000013414291821       0.0000000000160594      -0.3160367165931038
      -0.0000013743810906       0.0000000000164424      -0.3237059457913055
      -0.0000014077328329       0.0000000000168300      -0.3314671172879731
      -0.0000014414844092       0.0000000000172221      -0.3393202311016991
      -0.0000014756358196       0.0000000000176188      -0.3472652872512130
      -0.0000015101870641       0.0000000000180201      -0.3553022857555813
      -0.0000015451381428       0.0000000000184259      -0.3634312266340304
      -0.0000015804890559       0.0000000000188363      -0.3716521099060058
      -0.0000016162398033       0.0000000000192512      -0.3799649355911616
      -0.0000016523903853       0.0000000000196708      -0.3883697037094194
      -0.0000016889408018       0.0000000000200948      -0.3968664142808339
      -0.0000017258910529       0.0000000000205235      -0.4054550673257846
      -0.0000017632411388       0.0000000000209567      -0.4141356628648265
      -0.0000018009910595       0.0000000000213944      -0.4229082009187049
      -0.0000018391408152       0.0000000000218368      -0.4317726815084438
      -0.0000018776904058       0.0000000000222837      -0.4407291046552183
      -0.0000019166398316       0.0000000000227351      -0.4497774703804401
      -0.0000019559890926       0.0000000000231911      -0.4589177787058161
      -0.0000019957381888       0.0000000000236517      -0.4681500296532091
      -0.0000020358871205       0.0000000000241169      -0.4774742232446692
      -0.0000020764358876       0.0000000000245866      -0.4868903595025412
      -0.0000021173844903       0.0000000000250608      -0.4963984384493256
      -0.0000021587329287       0.0000000000255397      -0.5059984601078291
      -0.0000022004812029       0.0000000000260231      -0.5156904245009608
      -0.0000022426293129       0.0000000000265110      -0.5254743316519440
      -0.0000022851772590       0.0000000000270036      -0.5353501815842197
      -0.0000023281250411       0.0000000000275007      -0.5453179743213160
      -0.0000023714726594       0.0000000000280023      -0.5553777098871956
      -0.0000024152201140       0.0000000000285085      -0.5655293883058699
      -0.0000024593674050       0.0000000000290193      -0.5757730096016773
      -0.0000025039145324       0.0000000000295347      -0.5861085737990613
      -0.0000025488614965       0.0000000000300546      -0.5965360809228254
      -0.0000025942082973       0.0000000000305790      -0.6070555309978254
      -0.0000026399549349       0.0000000000311081      -0.6176669240493334
      -0.0000026861014095       0.0000000000316417      -0.6283702601026420
      -0.0000027326477211       0.0000000000321798      -0.6391655391834750
      -0.0000027795938698       0.0000000000327226      -0.6500527613175712
      -0.0000028269398558       0.0000000000332698      -0.6610319265310144
      -0.0000028746856792       0.0000000000338217      -0.6721030348501095
      -0.0000029228313401       0.0000000000343781      -0.6832660863012676
      -0.0000029713768386       0.0000000000349391      -0.6945210809112795
      -0.0000030203221748       0.0000000000355046      -0.7058680187070189
      -0.0000030696673489       0.0000000000360747      -0.7173068997156875
      -0.0000031194123609       0.0000000000366494      -0.7288377239646163
      -0.0000031695572110       0.0000000000372286      -0.7404604914814175
      -0.0000032201018993       0.0000000000378124      -0.7521752022938785
      -0.0000032710464259       0.0000000000384008      -0.7639818564300322
      -0.0000033223907909       0.0000000000389937      -0.7758804539181625
      -0.0000033741349946       0.0000000000395912      -0.7878709947867043
      -0.0000034262790369       0.0000000000401933      -0.7999534790643794
      -0.0000034788229180       0.0000000000407999      -0.8121279067800696
      -0.0000035317666381       0.0000000000414111      -0.8243942779629668
      -0.0000035851101972       0.0000000000420268      -0.8367525926423092
      -0.0000036388535955       0.0000000000426471      -0.8492028508477860
      -0.0000036929968332       0.0000000000432720      -0.8617450526090707
      -0.0000037475399103       0.0000000000439014      -0.8743791979563145
      -0.0000038024828269       0.0000000000445354      -0.8871052869196413
      -0.0000038578255833       0.0000000000451740      -0.8999233195295648
      -0.0000039135681796       0.0000000000458171      -0.9128332958166504
      -0.0000039697106158       0.0000000000464648      -0.9258352158119527
      -0.0000040262528921       0.0000000000471170      -0.9389290795464239
      -0.0000040831950087       0.0000000000477738      -0.9521148870514796
      -0.0000041405369657       0.0000000000484352      -0.9653926383586954
      -0.0000041982787632       0.0000000000491012      -0.9787623334998041
      -0.0000042564204013       0.0000000000497717      -0.9922239725067605
      -0.0000043149618803       0.0000000000504467      -1.0057775554118060
      -0.0000043739032002       0.0000000000511264      -1.0194230822473882
      -0.0000044332443612       0.0000000000518106      -1.0331605530461874
      -0.0000044929837084       0.0000000000518694      -1.0343422339501120
      -0.0000044981224048       0.0000000000518727      -1.0342732769154301
      -0.0000044978225018       0.0000000000518760      -1.0342043269216934
      -0.0000044975226359       0.0000000000518806      -1.0341009055787682
      -0.0000044970728619       0.0000000000518872      -1.0339457810304364
      -0.0000044963982330       0.0000000000518961      -1.0337131147657932
      -0.0000044953863764       0.0000000000519076      -1.0333641642569169
      -0.0000044938688046       0.0000000000519217      -1.0328408487951264
      -0.0000044915929310       0.0000000000519370      -1.0320561232629935
      -0.0000044881802063       0.0000000000519508      -1.0308795922708898
      -0.0000044830635555       0.0000000000519590      -1.0291160510555315
      -0.0000044753940556       0.0000000000519565      -1.0264735663603031
      -0.0000044639021228       0.0000000000519401      -1.0225162045748604
      -0.0000044466919292       0.0000000000519122      -1.0165944896674510
      -0.0000044209389667       0.0000000000518840      -1.0077441613357894
      -0.0000043824497645       0.0000000000518676      -0.9945412206560820
      -0.0000043250324808       0.0000000000518626      -0.9810639753158696
      -0.0000042664223539       0.0000000000518612      -0.9676786725455484
      -0.0000042082120704       0.0000000000518609      -0.9543853119413820
      -0.0000041504016288       0.0000000000518608      -0.9411838934657746
      -0.0000040929910292       0.0000000000518608      -0.9280744171359783
      -0.0000040359802718       0.0000000000518608      -0.9150568829309444
      -0.0000039793693568       0.0000000000518608      -0.9021312908081189
      -0.0000039231582839       0.0000000000518608      -0.8892976407272376
      -0.0000038673470529       0.0000000000518608      -0.8765559326556311
      -0.0000038119356638       0.0000000000518608      -0.8639061665640023
      -0.0000037569241163       0.0000000000518608      -0.8513483424231322
      -0.0000037023124104       0.0000000000518608      -0.8388824602031525
      -0.0000036481005459       0.0000000000518608      -0.8265085198741754
      -0.0000035942885227       0.0000000000518608      -0.8142265214064160
      -0.0000035408763407       0.0000000000518608      -0.8020364647704514
      -0.0000034878639996       0.0000000000518608      -0.7899383499371816
      -0.0000034352514995       0.0000000000518608      -0.7779321768775673
      -0.0000033830388402       0.0000000000518608      -0.7660179455630169
      -0.0000033312260215       0.0000000000518608      -0.7541956559649292
      -0.0000032798130433       0.0000000000518608      -0.7424653080550412
      -0.0000032287999056       0.0000000000518608      -0.7308269018052687
      -0.0000031781866081       0.0000000000518608      -0.7192804371878199
      -0.0000031279731508       0.0000000000518608      -0.7078259141749899
      -0.0000030781595336       0.0000000000518608      -0.6964633327394424
      -0.0000030287457562       0.0000000000518608      -0.6851926928539148
      -0.0000029797318187       0.0000000000518608      -0.6740139944915112
      -0.0000029311177208       0.0000000000518608      -0.6629272376254011
      -0.0000028829034626       0.0000000000518608      -0.6519324222291174
      -0.0000028350890438       0.0000000000518608      -0.6410295482763655
      -0.0000027876744643       0.0000000000518608      -0.6302186157409984
      -0.0000027406597240       0.0000000000518608      -0.6194996245972131
      -0.0000026940448229       0.0000000000518608      -0.6088725748193422
      -0.0000026478297608       0.0000000000518608      -0.5983374663819009
      -0.0000026020145375       0.0000000000518608      -0.5878942992596883
      -0.0000025565991531       0.0000000000518608      -0.5775430734278065
      -0.0000025115836073       0.0000000000518608      -0.5672837888614259
      -0.0000024669679001       0.0000000000518608      -0.5571164455359866
      -0.0000024227520313       0.0000000000518608      -0.5470410434271517
      -0.0000023789360009       0.0000000000518608      -0.5370575825108773
      -0.0000023355198087       0.0000000000518608      -0.5271660627632232
      -0.0000022925034547       0.0000000000518608      -0.5173664841605446
      -0.0000022498869388       0.0000000000518608      -0.5076588466793438
      -0.0000022076702607       0.0000000000518608      -0.4980431502964507
      -0.0000021658534206       0.0000000000518608      -0.4885193949888310
      -0.0000021244364181       0.0000000000518608      -0.4790875807337142
      -0.0000020834192533       0.0000000000518608      -0.4697477075085376
      -0.0000020428019260       0.0000000000518608      -0.4604997752909161
      -0.0000020025844362       0.0000000000518608      -0.4513437840587142
      -0.0000019627667837       0.0000000000518608      -0.4422797337900697
      -0.0000019233489685       0.0000000000518608      -0.4333076244632940
      -0.0000018843309904       0.0000000000518608      -0.4244274560568884
      -0.0000018457128494       0.0000000000518608      -0.4156392285496019
      -0.0000018074945454       0.0000000000518608      -0.4069429419204448
      -0.0000017696760782       0.0000000000518608      -0.3983385961485552
      -0.0000017322574479       0.0000000000518608      -0.3898261912133562
      -0.0000016952386542       0.0000000000518608      -0.3814057270945480
      -0.0000016586196972       0.0000000000518608      -0.3730772037718879
      -0.0000016224005766       0.0000000000518608      -0.3648406212255528
      -0.0000015865812925       0.0000000000518608      -0.3566959794357153
      -0.0000015511618448       0.0000000000518608      -0.3486432783829538
      -0.0000015161422333       0.0000000000518608      -0.3406825180480162
      -0.0000014815224580       0.0000000000518608      -0.3328136984118125
      -0.0000014473025188       0.0000000000518608      -0.3250368194555271
      -0.0000014134824157       0.0000000000518608      -0.3173518811605225
      -0.0000013800621484       0.0000000000518608      -0.3097588835085261
      -0.0000013470417171       0.0000000000518608      -0.3022578264812453
      -0.0000013144211215       0.0000000000518608      -0.2948487100607572
      -0.0000012822003616       0.0000000000518608      -0.2875315342293375
      -0.0000012503794373       0.0000000000518608      -0.2803062989695475
      -0.0000012189583486       0.0000000000518608      -0.2731730042639876
      -0.0000011879370953       0.0000000000518608      -0.2661316500956706
      -0.0000011573156774       0.0000000000518608      -0.2591822364477374
      -0.0000011270940949       0.0000000000518608      -0.2523247633035030
      -0.0000010972723476       0.0000000000518608      -0.2455592306466146
      -0.0000010678504355       0.0000000000518608      -0.2388856384608946
      -0.0000010388283585       0.0000000000518608      -0.2323039867303086
      -0.0000010102061165       0.0000000000518608      -0.2258142754391944
      -0.0000009819837096       0.0000000000518608      -0.2194165045719359
      -0.0000009541611375       0.0000000000518608      -0.2131106741132746
      -0.0000009267384002       0.0000000000518608      -0.2068967840481441
      -0.0000008997154978       0.0000000000518608      -0.2007748343616486
      -0.0000008730924300       0.0000000000518608      -0.1947448250391171
      -0.0000008468691969       0.0000000000518608      -0.1888067560661478
      -0.0000008210457983       0.0000000000518608      -0.1829606274285338
      -0.0000007956222343       0.0000000000518608      -0.1772064391122588
      -0.0000007705985047       0.0000000000518608      -0.1715441911036123
      -0.0000007459746095       0.0000000000518608      -0.1659738833889606
      -0.0000007217505487       0.0000000000518608      -0.1604955159550066
      -0.0000006979263222       0.0000000000518608      -0.1551090887883389
      -0.0000006745019298       0.0000000000518608      -0.1498146018746042
      -0.0000006514773717       0.0000000000518607      -0.1446120551928797
      -0.0000006288526477       0.0000000000518601      -0.1395014486858556
      -0.0000006066277582       0.0000000000518569      -0.1344827821090122
      -0.0000005848027046       0.0000000000518409      -0.1295560542884864
      -0.0000005633774940       0.0000000000517627      -0.1247212596382318
      -0.0000005423521581       0.0000000000513993      -0.1199783729988748
      -0.0000005217268149       0.0000000000498854      -0.1153272966720338
      -0.0000005015017094       0.0000000000450312      -0.1107677825735835
      -0.0000004816767477       0.0000000000351684      -0.1062996429594730
      -0.0000004622510949       0.0000000000232520      -0.1019232083529083
      -0.0000004432244073       0.0000000000141051      -0.0976390219634294
      -0.0000004245973420       0.0000000000089420      -0.0934472197894399
      -0.0000004063703535       0.0000000000064337      -0.0893476535565561
      -0.0000003885434376       0.0000000000052460      -0.0853401746757240
      -0.0000003711164822       0.0000000000046435      -0.0814247029815267
      -0.0000003540894217       0.0000000000042833      -0.0776011987226593
      -0.0000003374622156       0.0000000000040288      -0.0738696473631525
      -0.0000003212348557       0.0000000000038207      -0.0702300397072358
      -0.0000003054073204       0.0000000000036481      -0.0666823798435636
      -0.0000002899796269       0.0000000000034789      -0.0632266613863623
      -0.0000002749517642       0.0000000000033144      -0.0598628846456681
      -0.0000002603237328       0.0000000000031544      -0.0565910495675064
      -0.0000002460955327       0.0000000000029989      -0.0534111561483850
      -0.0000002322671637       0.0000000000028480      -0.0503232043811494
      -0.0000002188386259       0.0000000000027017      -0.0473271942584338
      -0.0000002058099193       0.0000000000025600      -0.0444231257729229
      -0.0000001931810437       0.0000000000024228      -0.0416109989175549
      -0.0000001809519992       0.0000000000022902      -0.0388908136856457
      -0.0000001691227858       0.0000000000021621      -0.0362625700707035
      -0.0000001576934034       0.0000000000020386      -0.0337262680663813
      -0.0000001466638519       0.0000000000019197      -0.0312819076666944
      -0.0000001360341315       0.0000000000018053      -0.0289294888657211
      -0.0000001258042419       0.0000000000016955      -0.0266690116578840
      -0.0000001159741833       0.0000000000015902      -0.0245004760377331
      -0.0000001065439556       0.0000000000014896      -0.0224238820000934
      -0.0000000975135587       0.0000000000013934      -0.0204392295400242
      -0.0000000888829927       0.0000000000013019      -0.0185465186527493
      -0.0000000806522575       0.0000000000012149      -0.0167457493337956
      -0.0000000728213531       0.0000000000011324      -0.0150369215787337
      -0.0000000653902795       0.0000000000010546      -0.0134200353835713
      -0.0000000583590367       0.0000000000009813      -0.0118950907444320
      -0.0000000517276246       0.0000000000009125      -0.0104620876576375
      -0.0000000454960432       0.0000000000008483      -0.0091210261197618
      -0.0000000396642926       0.0000000000007887      -0.0078719061276381
      -0.0000000342323727       0.0000000000007337      -0.0067147276782204
      -0.0000000292002834       0.0000000000006832      -0.0056494907687749
      -0.0000000245680249       0.0000000000006373      -0.0046761953967540
      -0.0000000203355970       0.0000000000005959      -0.0037948415598097
      -0.0000000165029998       0.0000000000005591      -0.0030054292558470
      -0.0000000130702332       0.0000000000005269      -0.0023079584829921
      -0.0000000100372973       0.0000000000004992      -0.0017024292395444
      -0.0000000074041920       0.0000000000004761      -0.0011888415240666
      -0.0000000051709173       0.0000000000004575      -0.0007671953353149
      -0.0000000033374733       0.0000000000004435      -0.0004374906723266
      -0.0000000019038598       0.0000000000004341      -0.0001997275342818
      -0.0000000008700770       0.0000000000004292      -0.0000539059206041
      -0.0000000002361248       0.0000000000004290      -0.0000000258309601
      -0.0000000000018946       0.0000000000004291       0.0000003141686281
