       0.0000000000000000       0.0000000000000000       0.0000000000000000       0.0000000000000000       0.0000000000000000       0.0000000000000000       0.0000000000000000       0.0000000000000000       0.0000000000000000       0.0000000000000000       0.0000000000000000       0.0000000000000000
       0.0000000000000000       0.0000000000000000       0.0000000000000000       0.0000000000000000       0.0000000000000000       0.0000000000000000       0.0000000000000000       0.0000000000000000       0.0000000000000000       0.0000000000000000       0.0000000000000000       0.0000000000000000
       0.0000000000000000       0.0000000000000000       0.0000000000000000       0.0000000000000000       0.0000000000000000       0.0000000000000000       0.0000000000000000       0.0000000000000000       0.0000000000000000       0.0000000000000000       0.0000000000000000       0.0000000000000000
       0.0000000000000000       0.0000000000000000       0.0000000000000000       0.0000000000000000       0.0000000000000000       0.0000000000000000       0.0000000000000000       0.0000000000000000       0.0000000000000000       0.0000000000000000       0.0000000000000000       0.0000000000000000
       0.0000000000000000       0.0000000000000000       0.0000000000000000       0.0000000000000000       0.0000000000000000       0.0000000000000000       0.0000000000000000       0.0000000000000000       0.0000000000000000       0.0000000000000000       0.0000000000000000       0.0000000000000000
       0.0000000000000000       0.0000000000000000       0.0000000000000000       0.0000000000000000       0.0000000000000000       0.0000000000000000       0.0000000000000000       0.0000000000000000       0.0000000000000000       0.0000000000000000       0.0000000000000000       0.0000000000000000
       0.0000000000000000       0.0000000000000000       0.0000000000000000       0.0000000000000000       0.0000000000000000       0.0000000000000000       0.0000000000000000       0.0000000000000000       0.0000000000000000       0.0000000000000000       0.0000000000000000       0.0000000000000000
       0.0000000000000000       0.0000000000000000       0.0000000000000000       0.0000000000000000       0.0000000000000000       0.0000000000000000       0.0000000000000000       0.0000000000000000       0.0000000000000000       0.0000000000000000       0.0000000000000000       0.0000000000000000
       0.0000000000000000       0.0000000000000000       0.0000000000000000       0.0000000000000000       0.0000000000000000       0.0000000000000000       0.0000000000000000       0.0000000000000000       0.0000000000000000       0.0000000000000000       0.0000000000000000       0.0000000000000000
       0.0000000000000000       0.0000000000000000       0.0000000000000000       0.0000000000000000       0.0000000000000000       0.0000000000000000       0.0000000000000000       0.0000000000000000       0.0000000000000000       0.0000000000000000       0.0000000000000000       0.0000000000000000
       0.0000000000000000       0.0000000000000000       0.0000000000000000       0.0000000000000000       0.0000000000000000       0.0000000000000000       0.0000000000000000       0.0000000000000000       0.0000000000000000       0.0000000000000000       0.0000000000000000       0.0000000000000000
       0.0000000000000000       0.0000000000000000       0.0000000000000000       0.0000000000000000       0.0000000000000000       0.0000000000000000       0.0000000000000000       0.0000000000000000       0.0000000000000000       0.0000000000000000       0.0000000000000000       0.0000000000000000
       0.0000000000000000       0.0000000000000000       0.0000000000000000       0.0000000000000000       0.0000000000000000       0.0000000000000000       0.0000000000000000       0.0000000000000000       0.0000000000000000       0.0000000000000000       0.0000000000000000       0.0000000000000000
       0.0000000000000000       0.0000000000000000       0.0000000000000000       0.0000000000000000       0.0000000000000000       0.0000000000000000       0.0000000000000000       0.0000000000000000       0.0000000000000000       0.0000000000000000       0.0000000000000000       0.0000000000000000
       0.0000000000000000       0.0000000000000000       0.0000000000000000       0.0000000000000000       0.0000000000000000       0.0000000000000000       0.0000000000000000       0.0000000000000000       0.0000000000000000       0.0000000000000000       0.0000000000000000       0.0000000000000000
       0.0000000000000000       0.0000000000000000       0.0000000000000000       0.0000000000000000       0.0000000000000000       0.0000000000000000       0.0000000000000000       0.0000000000000000       0.0000000000000000       0.0000000000000000       0.0000000000000000       0.0000000000000000
       0.0000000000000000       0.0000000000000000       0.0000000000000000       0.0000000000000000       0.0000000000000000       0.0000000000000000       0.0000000000000000       0.0000000000000000       0.0000000000000000       0.0000000000000000       0.0000000000000000       0.0000000000000000
       0.0000000000000000       0.0000000000000000       0.0000000000000000       0.0000000000000000       0.0000000000000000       0.0000000000000000       0.0000000000000000       0.0000000000000000       0.0000000000000000       0.0000000000000000       0.0000000000000000       0.0000000000000000
       0.0000000000000000       0.0000000000000000       0.0000000000000000       0.0000000000000000       0.0000000000000000       0.0000000000000000       0.0000000000000000       0.0000000000000000       0.0000000000000000       0.0000000000000000       0.0000000000000000       0.0000000000000000
       0.0000000000000000       0.0000000000000000       0.0000000000000000       0.0000000000000000       0.0000000000000000       0.0000000000000000       0.0000000000000000       0.0000000000000000       0.0000000000000000       0.0000000000000000       0.0000000000000000       0.0000000000000000
       0.0000000000000000       0.0000000000000000       0.0000000000000000       0.0000000000000000       0.0000000000000000       0.0000000000000000       0.0000000000000000       0.0000000000000000       0.0000000000000000       0.0000000000000000       0.0000000000000000       0.0000000000000000
       0.0000000000000000       0.0000000000000000       0.0000000000000000       0.0000000000000000       0.0000000000000000       0.0000000000000000       0.0000000000000000       0.0000000000000000       0.0000000000000000       0.0000000000000000       0.0000000000000000       0.0000000000000000
       0.0000000000000000       0.0000000000000000       0.0000000000000000       0.0000000000000000       0.0000000000000000       0.0000000000000000       0.0000000000000000       0.0000000000000000       0.0000000000000000       0.0000000000000000       0.0000000000000000       0.0000000000000000
       0.0000000000000000       0.0000000000000000       0.0000000000000000       0.0000000000000000       0.0000000000000000       0.0000000000000000       0.0000000000000000       0.0000000000000000       0.0000000000000000       0.0000000000000000       0.0000000000000000       0.0000000000000000
       0.0000000000000000       0.0000000000000000       0.0000000000000000       0.0000000000000000       0.0000000000000000       0.0000000000000000       0.0000000000000000       0.0000000000000000       0.0000000000000000       0.0000000000000000       0.0000000000000000       0.0000000000000000
       0.0000000000000000       0.0000000000000000       0.0000000000000000       0.0000000000000000       0.0000000000000000       0.0000000000000000       0.0000000000000000       0.0000000000000000       0.0000000000000000       0.0000000000000000       0.0000000000000000       0.0000000000000000
       0.0000000000000000       0.0000000000000000       0.0000000000000000       0.0000000000000000       0.0000000000000000       0.0000000000000000       0.0000000000000000       0.0000000000000000       0.0000000000000000       0.0000000000000000       0.0000000000000000       0.0000000000000000
       0.0000000000000000       0.0000000000000000       0.0000000000000000       0.0000000000000000       0.0000000000000000       0.0000000000000000       0.0000000000000000       0.0000000000000000       0.0000000000000000       0.0000000000000000       0.0000000000000000       0.0000000000000000
       0.0000000000000000       0.0000000000000000       0.0000000000000000       0.0000000000000000       0.0000000000000000       0.0000000000000000       0.0000000000000000       0.0000000000000000       0.0000000000000000       0.0000000000000000       0.0000000000000000       0.0000000000000000
       0.0000000000000000       0.0000000000000000       0.0000000000000000       0.0000000000000000       0.0000000000000000       0.0000000000000000       0.0000000000000000       0.0000000000000000       0.0000000000000000       0.0000000000000000       0.0000000000000000       0.0000000000000000
       0.0000000000000000       0.0000000000000000       0.0000000000000000       0.0000000000000000       0.0000000000000000       0.0000000000000000       0.0000000000000000       0.0000000000000000       0.0000000000000000       0.0000000000000000       0.0000000000000000       0.0000000000000000
       0.0000000000000000       0.0000000000000000       0.0000000000000000       0.0000000000000000       0.0000000000000000       0.0000000000000000       0.0000000000000000       0.0000000000000000       0.0000000000000000       0.0000000000000000       0.0000000000000000       0.0000000000000000
       0.0000000000000000       0.0000000000000000       0.0000000000000000       0.0000000000000000       0.0000000000000000       0.0000000000000000       0.0000000000000000       0.0000000000000000       0.0000000000000000       0.0000000000000000       0.0000000000000000       0.0000000000000000
       0.0000000000000000       0.0000000000000000       0.0000000000000000       0.0000000000000000       0.0000000000000000       0.0000000000000000       0.0000000000000000       0.0000000000000000       0.0000000000000000       0.0000000000000000       0.0000000000000000       0.0000000000000000
       0.0000000000000000       0.0000000000000000       0.0000000000000000       0.0000000000000000       0.0000000000000000       0.0000000000000000       0.0000000000000000       0.0000000000000000       0.0000000000000000       0.0000000000000000       0.0000000000000000       0.0000000000000000
       0.0000000000000000       0.0000000000000000       0.0000000000000000       0.0000000000000000       0.0000000000000000       0.0000000000000000       0.0000000000000000       0.0000000000000000       0.0000000000000000       0.0000000000000000       0.0000000000000000       0.0000000000000000
       0.0000000000000000       0.0000000000000000       0.0000000000000000       0.0000000000000000       0.0000000000000000       0.0000000000000000       0.0000000000000000       0.0000000000000000       0.0000000000000000       0.0000000000000000       0.0000000000000000       0.0000000000000000
       0.0000000000000000       0.0000000000000000       0.0000000000000000       0.0000000000000000       0.0000000000000000       0.0000000000000000       0.0000000000000000       0.0000000000000000       0.0000000000000000       0.0000000000000000       0.0000000000000000       0.0000000000000000
       0.0000000000000000       0.0000000000000000       0.0000000000000000       0.0000000000000000       0.0000000000000000       0.0000000000000000       0.0000000000000000       0.0000000000000000       0.0000000000000000       0.0000000000000000       0.0000000000000000       0.0000000000000000
       0.0000000000000000       0.0000000000000000       0.0000000000000000       0.0000000000000000       0.0000000000000000       0.0000000000000000       0.0000000000000000       0.0000000000000000       0.0000000000000000       0.0000000000000000       0.0000000000000000       0.0000000000000000
       0.0000000000000000       0.0000000000000000       0.0000000000000000       0.0000000000000000       0.0000000000000000       0.0000000000000000       0.0000000000000000       0.0000000000000000       0.0000000000000000       0.0000000000000000       0.0000000000000000       0.0000000000000000
       0.0000000000000000       0.0000000000000000       0.0000000000000000       0.0000000000000000       0.0000000000000000       0.0000000000000000       0.0000000000000000       0.0000000000000000       0.0000000000000000       0.0000000000000000       0.0000000000000000       0.0000000000000000
       0.0000000000000002       0.0000000000000000       0.0000000000000000       0.0000000000000000       0.0000000000000000       0.0000000000000000       0.0000000000000002       0.0000000000000000       0.0000000000000000       0.0000000000000000       0.0000000000000000       0.0000000000000000
       0.0000000000000018       0.0000000000000000       0.0000000000000000       0.0000000000000000       0.0000000000000000       0.0000000000000000       0.0000000000000018       0.0000000000000000       0.0000000000000000       0.0000000000000000       0.0000000000000000       0.0000000000000000
       0.0000000000000182       0.0000000000000000       0.0000000000000000       0.0000000000000000       0.0000000000000000       0.0000000000000000       0.0000000000000182       0.0000000000000000       0.0000000000000000       0.0000000000000000       0.0000000000000000       0.0000000000000000
       0.0000000000001739       0.0000000000000000       0.0000000000000000       0.0000000000000000       0.0000000000000000       0.0000000000000000       0.0000000000001739       0.0000000000000000       0.0000000000000000       0.0000000000000000       0.0000000000000000       0.0000000000000000
       0.0000000000015550       0.0000000000000000       0.0000000000000000       0.0000000000000000       0.0000000000000000       0.0000000000000000       0.0000000000015556       0.0000000000000000       0.0000000000000000       0.0000000000000000       0.0000000000000000       0.0000000000000000
       0.0000000000130775       0.0000000000000000       0.0000000000000000       0.0000000000000000       0.0000000000000000       0.0000000000000000       0.0000000000130820       0.0000000000000000       0.0000000000000000       0.0000000000000000       0.0000000000000000       0.0000000000000000
       0.0000000001037773       0.0000000000000000       0.0000000000000000       0.0000000000000000       0.0000000000000000       0.0000000000000000       0.0000000001038119       0.0000000000000000       0.0000000000000000       0.0000000000000000       0.0000000000000000       0.0000000000000000
       0.0000000007818914       0.0000000000000000       0.0000000000000000       0.0000000000000000       0.0000000000000000       0.0000000000000000       0.0000000007821383       0.0000000000000000       0.0000000000000000       0.0000000000000000       0.0000000000000000       0.0000000000000000
       0.0000000055724366       0.0000000000000000       0.0000000000000000       0.0000000000000000       0.0000000000000000       0.0000000000000000       0.0000000055741004       0.0000000000000000       0.0000000000000000       0.0000000000000000       0.0000000000000000       0.0000000000000000
       0.0000000377854839       0.0000000000000000       0.0000000000000000       0.0000000000000000       0.0000000000000000       0.0000000000000000       0.0000000377961038       0.0000000000000000       0.0000000000000000       0.0000000000000000       0.0000000000000000       0.0000000000000000
       0.0000002444646006       0.0000000000000000       0.0000000000000000       0.0000000000000000       0.0000000000000000       0.0000000000000000       0.0000002445289463       0.0000000000000000       0.0000000000000000       0.0000000000000000       0.0000000000000000       0.0000000000000000
       0.0000015125721043       0.0000000000000000       0.0000000000000000       0.0000000000000000       0.0000000000000000       0.0000000000000000       0.0000015129427158       0.0000000000000000       0.0000000000000000       0.0000000000000000       0.0000000000000000       0.0000000000000000
       0.0000089687049294       0.0000000000000000       0.0000000000000000       0.0000000000000000       0.0000000000000000       0.0000000000000000       0.0000089707361162       0.0000000000000000       0.0000000000000000       0.0000000000000000       0.0000000000000000       0.0000000000000000
       0.0000510592375449       0.0000000000000000       0.0000000000000000       0.0000000000000000       0.0000000000000000       0.0000000000000000       0.0000510698349782       0.0000000000000000       0.0000000000000000       0.0000000000000000       0.0000000000000000       0.0000000000000000
       0.0002795100067728       0.0000000000000000       0.0000000000000000       0.0000000000000000       0.0000000000000000       0.0000000000000000       0.0002795626071043       0.0000000000000000       0.0000000000000000       0.0000000000000000       0.0000000000000000       0.0000000000000000
       0.0014714247434536       0.0000000000000000       0.0000000000000000       0.0000000000000000       0.0000000000000000       0.0000000000000000       0.0014716721535596       0.0000000000000000       0.0000000000000000       0.0000000000000000       0.0000000000000000       0.0000000000000000
       0.0073991039878024       0.0000000000000000       0.0000000000000000       0.0000000000000000       0.0000000000000000       0.0000000000000000       0.0074001701097879       0.0000000000000000       0.0000000000000000       0.0000000000000000       0.0000000000000000       0.0000000000000000
       0.0345449774254743       0.0000000000000000       0.0000000000000000       0.0000000000000000       0.0000000000000000       0.0000000000000000       0.0345491239702588       0.0000000000000000       0.0000000000000000       0.0000000000000000       0.0000000000000000       0.0000000000000000
       0.1358175905004671       0.0000000000000000       0.0000000000000000       0.0000000000000000       0.0000000000000000       0.0000000000000000       0.1358294035800450       0.0000000000000000       0.0000000000000000       0.0000000000000000       0.0000000000000000       0.0000000000000000
       0.3926848642722782      -0.0000000000000001       0.0000000000000000       0.0000000000000000       0.0000000000000000       0.0000000000000000       0.3927056665625122      -0.0000000000000001       0.0000000000000000       0.0000000000000000       0.0000000000000000       0.0000000000000000
       0.8238701150496668      -0.0000000000000005       0.0000000000000000       0.0000000000000000       0.0000000000000000       0.0000000000000000       0.8238941133022550      -0.0000000000000005       0.0000000000000000       0.0000000000000000       0.0000000000000000       0.0000000000000000
       1.3735390316075793      -0.0000000000000023       0.0000000000000000       0.0000000000000000       0.0000000000000000       0.0000000000000000       1.3735594421629349      -0.0000000000000023       0.0000000000000000       0.0000000000000000       0.0000000000000000       0.0000000000000000
       1.9827285198493736      -0.0000000000000097       0.0000000000000000       0.0000000000000000       0.0000000000000000       0.0000000000000000       1.9827412748235573      -0.0000000000000097       0.0000000000000000       0.0000000000000000       0.0000000000000000       0.0000000000000000
       2.6189603174102754      -0.0000000000000479       0.0000000000000000       0.0000000000000000       0.0000000000000000       0.0000000000000000       2.6189631176056065      -0.0000000000000479       0.0000000000000000       0.0000000000000000       0.0000000000000000       0.0000000000000000
       3.2656759388616807      -0.0000000000001958       0.0000000000000000       0.0000000000000000       0.0000000000000000       0.0000000000000000       3.2656675931197610      -0.0000000000001958       0.0000000000000000       0.0000000000000000       0.0000000000000000       0.0000000000000000
       3.9169793088882177      -0.0000000000007557       0.0000000000000000       0.0000000000000000       0.0000000000000000       0.0000000000000000       3.9169589089080397      -0.0000000000007556       0.0000000000000000       0.0000000000000000       0.0000000000000000       0.0000000000000000
       4.5692331974438369      -0.0000000000021722       0.0000000000000000       0.0000000000000000       0.0000000000000000       0.0000000000000000       4.5692003488050537      -0.0000000000021720       0.0000000000000000       0.0000000000000000       0.0000000000000000       0.0000000000000000
       5.2239155508318476      -0.0000000000073110       0.0000000000000000       0.0000000000000000       0.0000000000000000       0.0000000000000000       5.2238690348582768      -0.0000000000073101       0.0000000000000000       0.0000000000000000       0.0000000000000000       0.0000000000000000
       5.8785355025138610      -0.0000000000255565       0.0000000000000000       0.0000000000000000       0.0000000000000000       0.0000000000000000       5.8784746367473968      -0.0000000000255531       0.0000000000000000       0.0000000000000000       0.0000000000000000       0.0000000000000000
       6.5332224287771314      -0.0000000000890016       0.0000000000000000       0.0000000000000000       0.0000000000000000       0.0000000000000000       6.5331464137076534      -0.0000000000889888       0.0000000000000000       0.0000000000000000       0.0000000000000000       0.0000000000000000
       7.1879687703986672      -0.0000000003052182       0.0000000000000000       0.0000000000000000       0.0000000000000000       0.0000000000000000       7.1878767759595119      -0.0000000003051710       0.0000000000000000       0.0000000000000000       0.0000000000000000       0.0000000000000000
       7.8427750181365461      -0.0000000010278326       0.0000000000000000       0.0000000000000000       0.0000000000000000       0.0000000000000000       7.8426661883233155      -0.0000000010276633       0.0000000000000000       0.0000000000000000       0.0000000000000000       0.0000000000000000
       8.4976583067612754      -0.0000000044373721       0.0000000000000000       0.0000000000000000       0.0000000000000000       0.0000000000000000       8.4975314951230487      -0.0000000044365844       0.0000000000000000       0.0000000000000000       0.0000000000000000       0.0000000000000000
       9.1525913072885423      -0.0000000153875037       0.0000000000000000       0.0000000000000000       0.0000000000000000       0.0000000000000000       9.1524457398696910      -0.0000000153846059       0.0000000000000000       0.0000000000000000       0.0000000000000000       0.0000000000000000
       9.8075802069856124      -0.0000000499369185       0.0000000000000000       0.0000000000000000       0.0000000000000000       0.0000000000000000       9.8074149874646253      -0.0000000499269588       0.0000000000000000       0.0000000000000000       0.0000000000000000       0.0000000000000000
      10.4626128805035723      -0.0000001301627708       0.0000000000000000       0.0000000000000000       0.0000000000000000       0.0000000000000000      10.4624272848522626      -0.0000001301356980       0.0000000000000000       0.0000000000000000       0.0000000000000000       0.0000000000000000
      11.1177167981986464      -0.0000003759492826       0.0000000000000000       0.0000000000000000       0.0000000000000000       0.0000000000000000      11.1175096225272672      -0.0000003758667386       0.0000000000000000       0.0000000000000000       0.0000000000000000       0.0000000000000000
      11.7728827112010652      -0.0000011167639891       0.0000000000000000       0.0000000000000000       0.0000000000000000       0.0000000000000000      11.7726528554330692      -0.0000011165047653       0.0000000000000000       0.0000000000000000       0.0000000000000000       0.0000000000000000
      12.4281090568416897      -0.0000033144815288       0.0000000000000000       0.0000000000000000       0.0000000000000000       0.0000000000000000      12.4278554028797554      -0.0000033136690262       0.0000000000000000       0.0000000000000000       0.0000000000000000       0.0000000000000000
      13.0834065044395551      -0.0000101618806187       0.0000000000000000       0.0000000000000000       0.0000000000000000       0.0000000000000000      13.0831276775505643      -0.0000101592577501       0.0000000000000000       0.0000000000000000       0.0000000000000000       0.0000000000000000
      13.7387574725810424      -0.0000298898460226       0.0000000000000000       0.0000000000000000       0.0000000000000000       0.0000000000000000      13.7384523850326765      -0.0000298817269314       0.0000000000000000       0.0000000000000000       0.0000000000000000       0.0000000000000000
      14.3941657963093625      -0.0000858968662944       0.0000000000000000       0.0000000000000000       0.0000000000000000       0.0000000000000000      14.3938332373844204      -0.0000858723197107       0.0000000000000000       0.0000000000000000       0.0000000000000000       0.0000000000000000
      15.0496327101572263      -0.0002426116854772       0.0000000000000000       0.0000000000000000       0.0000000000000000       0.0000000000000000      15.0492713843928065      -0.0002425387911854       0.0000000000000000       0.0000000000000000       0.0000000000000000       0.0000000000000000
      15.7051578889164798      -0.0006747920223935       0.0000000000000000       0.0000000000000000       0.0000000000000000       0.0000000000000000      15.7047664250858574      -0.0006745790549118       0.0000000000000000       0.0000000000000000       0.0000000000000000       0.0000000000000000
      16.3607389647597472      -0.0018485422587056       0.0000000000000000       0.0000000000000000       0.0000000000000000       0.0000000000000000      16.3603159091192829      -0.0018479304274448       0.0000000000000000       0.0000000000000000       0.0000000000000000       0.0000000000000000
      17.0163689925624304      -0.0049798802158619       0.0000000000000000       0.0000000000000000       0.0000000000000000       0.0000000000000000      17.0159127928912213      -0.0049781576210361       0.0000000000000000       0.0000000000000000       0.0000000000000000       0.0000000000000000
      17.6720299010508803      -0.0131293914906019       0.0000000000000000       0.0000000000000000       0.0000000000000000       0.0000000000000000      17.6715388802095319      -0.0131246835211511       0.0000000000000000       0.0000000000000000       0.0000000000000000       0.0000000000000000
      18.3276783634214411      -0.0334830455068496       0.0000000000000000       0.0000000000000000       0.0000000000000000       0.0000000000000000      18.3271506703609965      -0.0334708292738680       0.0000000000000000       0.0000000000000000       0.0000000000000000       0.0000000000000000
      18.9832243315134122      -0.0803904517984109       0.0000000000000000       0.0000000000000000       0.0000000000000000       0.0000000000000000      18.9826578848117720      -0.0803616999666998       0.0000000000000000       0.0000000000000000       0.0000000000000000       0.0000000000000000
      19.6385167790374631      -0.1763493554137049      -0.0000000000000001       0.0000000000000000       0.0000000000000000      -0.0000000000000001      19.6379092919858316      -0.1762909774359132      -0.0000000000000001       0.0000000000000000       0.0000000000000000      -0.0000000000000001
      20.2933887144803755      -0.3419892752941197      -0.0000000000000003       0.0000000000000000       0.0000000000000000      -0.0000000000000003      20.2927378851263889      -0.3418905950699660      -0.0000000000000003       0.0000000000000000       0.0000000000000000      -0.0000000000000003
      20.9477476706024675      -0.5821234804503866      -0.0000000000000008       0.0000000000000000       0.0000000000000000      -0.0000000000000008      20.9470514115356465      -0.5819828502116072      -0.0000000000000008       0.0000000000000000       0.0000000000000000      -0.0000000000000008
      21.6016299509108762      -0.8825940264374224      -0.0000000000000021       0.0000000000000000       0.0000000000000000      -0.0000000000000019      21.6008864059639478      -0.8824166890598486      -0.0000000000000021       0.0000000000000000       0.0000000000000000      -0.0000000000000019
      22.2551463384188111      -1.2245230756886867      -0.0000000000000051       0.0000000000000000       0.0000000000000000      -0.0000000000000048      22.2543536937022886      -1.2243161647142426      -0.0000000000000051       0.0000000000000000       0.0000000000000000      -0.0000000000000048
      22.9084208482598548      -1.5923006959532822      -0.0000000000000137       0.0000000000000000       0.0000000000000000      -0.0000000000000128      22.9075771385974143      -1.5920702504658835      -0.0000000000000136       0.0000000000000000       0.0000000000000000      -0.0000000000000128
      23.5615650654710223      -1.9736027748691285      -0.0000000000000342       0.0000000000000000       0.0000000000000000      -0.0000000000000319      23.5606680651472189      -1.9733519471503220      -0.0000000000000341       0.0000000000000000       0.0000000000000000      -0.0000000000000321
      24.2146534827465238      -2.3625780356692747      -0.0000000000000831       0.0000000000000000       0.0000000000000000      -0.0000000000000776      24.2137007169581082      -2.3623085253653779      -0.0000000000000829       0.0000000000000000       0.0000000000000000      -0.0000000000000779
      24.8677335199280911      -2.7557579937967507      -0.0000000000001986       0.0000000000000000       0.0000000000000000      -0.0000000000001851      24.8667223046035737      -2.7554704356935145      -0.0000000000001981       0.0000000000000000       0.0000000000000000      -0.0000000000001860
      25.5208341311034168      -3.1511994011621769      -0.0000000000004685       0.0000000000000000       0.0000000000000000      -0.0000000000004363      25.5197615967886584      -3.1508937272271469      -0.0000000000004673       0.0000000000000000       0.0000000000000000      -0.0000000000004384
      26.1739529226939425      -3.5472406142101387      -0.0000000000009304       0.0000000000000000       0.0000000000000000      -0.0000000000008660      26.1728175451999476      -3.5469165646495266      -0.0000000000009279       0.0000000000000000       0.0000000000000000      -0.0000000000008702
      26.8271395273562376      -3.9446389869681138      -0.0000000000019924       0.0000000000000000       0.0000000000000000      -0.0000000000018529      26.8259365741455014      -3.9442957034541899      -0.0000000000019869       0.0000000000000000       0.0000000000000000      -0.0000000000018623
      27.4803737841290605      -4.3424694244156576      -0.0000000000044120       0.0000000000000000       0.0000000000000000      -0.0000000000040993      27.4790998914130000      -4.3421058554753138      -0.0000000000043992       0.0000000000000000       0.0000000000000000      -0.0000000000041212
      28.1336638280112084      -4.7404506947288656      -0.0000000000098767       0.0000000000000000       0.0000000000000000      -0.0000000000091679      28.1323153532986545      -4.7400656455816419      -0.0000000000098467       0.0000000000000000       0.0000000000000000      -0.0000000000092192
      28.7870111055306488      -5.1384977917770165      -0.0000000000221125       0.0000000000000000       0.0000000000000000      -0.0000000000205061      28.7855841792971923      -5.1380899516654104      -0.0000000000220421       0.0000000000000000       0.0000000000000000      -0.0000000000206261
      29.4404158428291325      -5.5365847813570603      -0.0000000000492787       0.0000000000000000       0.0000000000000000      -0.0000000000456553      29.4389063414779599      -5.5361527311367427      -0.0000000000491148       0.0000000000000000       0.0000000000000000      -0.0000000000459349
      30.0938778726961935      -5.9347034175163209      -0.0000000001090976       0.0000000000000000       0.0000000000000000      -0.0000000001009788      30.0922813930628976      -5.9342456239426502      -0.0000000001087182       0.0000000000000000       0.0000000000000000      -0.0000000001016261
      30.7473968600032919      -6.3328506728556686      -0.0000000002397544       0.0000000000000000       0.0000000000000000      -0.0000000002216981      30.7457086885234148      -6.3323654772763787      -0.0000000002388833       0.0000000000000000       0.0000000000000000      -0.0000000002231854
      31.4009680423362205      -6.7310221965989978      -0.0000000005228793       0.0000000000000000       0.0000000000000000      -0.0000000004830301      31.3991833133546656      -6.7305079042654441      -0.0000000005208954       0.0000000000000000       0.0000000000000000      -0.0000000004864207
      32.0545905183015947      -7.1292168088765209      -0.0000000011316574       0.0000000000000000       0.0000000000000000      -0.0000000010443839      32.0527040508152936      -7.1286714953352988      -0.0000000011271743       0.0000000000000000       0.0000000000000000      -0.0000000010520575
      32.7082568909425078      -7.5274505549821900      -0.0000000024302354       0.0000000000000000       0.0000000000000000      -0.0000000022408672      32.7062855793002214      -7.5268776620619402      -0.0000000024203938       0.0000000000000000       0.0000000000000000      -0.0000000022577271
      33.3619156304334012      -7.9257382275607871      -0.0000000051794663       0.0000000000000000       0.0000000000000000      -0.0000000047720638      33.3599163120517517      -7.9251504429107094      -0.0000000051582777       0.0000000000000000       0.0000000000000000      -0.0000000048083522
      34.0156598764242943      -8.3240946704082894      -0.0000000128174278       0.0000000000000000       0.0000000000000000      -0.0000000117977253      34.0136405747877859      -8.3234994593175156      -0.0000000127646959       0.0000000000000000       0.0000000000000000      -0.0000000118879258
      34.6694507994785113      -8.7224821311149334      -0.0000000287262142       0.0000000000000000       0.0000000000000000      -0.0000000264202482      34.6674116369832603      -8.7218804968341246      -0.0000000286077695       0.0000000000000000       0.0000000000000000      -0.0000000266226169
      35.3232933226177366      -9.1209011078365911      -0.0000000616297819       0.0000000000000000       0.0000000000000000      -0.0000000566409002      35.3212344127147091      -9.1202935005347712      -0.0000000613754236       0.0000000000000000       0.0000000000000000      -0.0000000570750227
      35.9771899991516193      -9.5193521399167373      -0.0000001292153598       0.0000000000000000       0.0000000000000000      -0.0000001186692719      35.9751113696287348      -9.5187387514765422      -0.0000001286818253       0.0000000000000000       0.0000000000000000      -0.0000001195789636
      36.6311425622548583      -9.9178359845900825      -0.0000002671034633       0.0000000000000000       0.0000000000000000      -0.0000002451250145      36.6290441732898842      -9.9172169267329853      -0.0000002660002894       0.0000000000000000       0.0000000000000000      -0.0000002470040341
      37.2851520593872863     -10.3163532952321919      -0.0000005465612002       0.0000000000000000       0.0000000000000000      -0.0000005012212769      37.2830338479557781     -10.3157286638881835      -0.0000005443032824       0.0000000000000000       0.0000000000000000      -0.0000005050629469
      37.9392189003869689     -10.7149044140089487      -0.0000011092590188       0.0000000000000000       0.0000000000000000      -0.0000010164946468      37.9370808214627715     -10.7142742948587486      -0.0000011046753390       0.0000000000000000       0.0000000000000000      -0.0000010242843233
      38.5933287332100079     -11.1134808934060310      -0.0000020571513584       0.0000000000000000       0.0000000000000000      -0.0000018840184048      38.5911707776806026     -11.1128453436712054      -0.0000020486489485       0.0000000000000000       0.0000000000000000      -0.0000018984537413
      39.2475188396609909     -11.5121037225865877      -0.0000041023513901       0.0000000000000000       0.0000000000000000      -0.0000037544095229      39.2453410084115930     -11.5114628291014380      -0.0000040853913130       0.0000000000000000       0.0000000000000000      -0.0000037831691035
      39.9017608985171250     -11.9107582177177278      -0.0000081499225927       0.0000000000000000       0.0000000000000000      -0.0000074532558519      39.8995631941920053     -11.9101120283113460      -0.0000081162190478       0.0000000000000000       0.0000000000000000      -0.0000075103346632
      40.5560580387582732     -12.3094452369839082      -0.0000161115383035       0.0000000000000000       0.0000000000000000      -0.0000147234920342      40.5538404440629137     -12.3087938078226493      -0.0000160448883962       0.0000000000000000       0.0000000000000000      -0.0000148362166244
      41.2104115232889967     -12.7081652232237960      -0.0000316783263115       0.0000000000000000       0.0000000000000000      -0.0000289278805186      41.2081740028902885     -12.7075086252707976      -0.0000315472319192       0.0000000000000000       0.0000000000000000      -0.0000291492884763
      41.8648218317444432     -13.1069184332796151      -0.0000619353307958       0.0000000000000000       0.0000000000000000      -0.0000565163160262      41.8625643433581018     -13.1062567531870489      -0.0000616789182018       0.0000000000000000       0.0000000000000000      -0.0000569487341106
      42.5192890583895036     -13.5057050890148318      -0.0001204024421193       0.0000000000000000       0.0000000000000000      -0.0001097875921751      42.5170115631257062     -13.5050384246888484      -0.0001199037560400       0.0000000000000000       0.0000000000000000      -0.0001106272670352
      43.1738130420432000     -13.9045254725542655      -0.0002327261479229       0.0000000000000000       0.0000000000000000      -0.0002120552696887      43.1715155079432691     -13.9038539282358471      -0.0002317618263361       0.0000000000000000       0.0000000000000000      -0.0002136763020488
      43.8283933484977908     -14.3033800295487641      -0.0004472595814315       0.0000000000000000       0.0000000000000000      -0.0004072451474498      43.8260757471562812     -14.3027037157606234      -0.0004454057013304       0.0000000000000000       0.0000000000000000      -0.0004103562090124
      44.4830291145413952     -14.7022695390617351      -0.0008545702734488       0.0000000000000000       0.0000000000000000      -0.0007775862829715      44.4806914146084509     -14.7015885796053052      -0.0008510277120343       0.0000000000000000       0.0000000000000000      -0.0007835207135235
      45.1377186998399154     -15.1011954410923934      -0.0016230347541974       0.0000000000000000       0.0000000000000000      -0.0014758963498461      45.1353608617618605     -15.1005099852937725      -0.0016163089814223       0.0000000000000000       0.0000000000000000      -0.0014871430749432
      45.7924590225213990     -15.5001604338061849      -0.0030628228215572       0.0000000000000000       0.0000000000000000      -0.0027836780625443      45.7900809987665482     -15.4994706708136452      -0.0030501467516034       0.0000000000000000       0.0000000000000000      -0.0028048372536336
      46.4472443771869052     -15.8991695450101407      -0.0057382517095716       0.0000000000000000       0.0000000000000000      -0.0052134116522450      46.4448461186278649     -15.8984757177543017      -0.0057145738868280       0.0000000000000000       0.0000000000000000      -0.0052528700493429
      47.1020643850737741     -16.2982319866704515      -0.0106574140803360       0.0000000000000000       0.0000000000000000      -0.0096822304031209      47.0996458538078571     -16.2975344036753995      -0.0106137082052679       0.0000000000000000       0.0000000000000000      -0.0097549683049621
      47.7569006602493289     -16.6973641095010130      -0.0195573546762307       0.0000000000000000       0.0000000000000000      -0.0177766615126207      47.7544618487549357     -16.6966631521381572      -0.0194780946122599       0.0000000000000000       0.0000000000000000      -0.0179084828621187
      48.4117221636581263     -17.0965939781036838      -0.0353355431505852       0.0000000000000000       0.0000000000000000      -0.0321628273395553      48.4092631223779293     -17.0958900926314463      -0.0351953579396133       0.0000000000000000       0.0000000000000000      -0.0323961104208767
      49.0664793371542700     -17.4959666210139524      -0.0624289448613424       0.0000000000000000       0.0000000000000000      -0.0569782198767815      49.0640002072171271     -17.4952602802571739      -0.0621900744826819       0.0000000000000000       0.0000000000000000      -0.0573767192106210
      49.7211009680514522     -17.8955474701340052      -0.1068650201031845       0.0000000000000000       0.0000000000000000      -0.0979708530117540      49.7186020067883092     -17.8948390827600150      -0.1064788779786809       0.0000000000000000       0.0000000000000000      -0.0986182445489623
      50.3754991846758813     -18.2954185922005870      -0.1754118229281603       0.0000000000000000       0.0000000000000000      -0.1618349257491121      50.3729807563791923     -18.2947083594755213      -0.1748285601626094       0.0000000000000000       0.0000000000000000      -0.1628200451857169
      51.0295873985639901     -18.6956633544159700      -0.2736597991591233       0.0000000000000000       0.0000000000000000      -0.2544634587117032      51.0270499085179097     -18.6949511218931761      -0.2728444232404927       0.0000000000000000       0.0000000000000000      -0.2558529813827486
      51.6833061975483190     -19.0963432911358915      -0.4039430956514904       0.0000000000000000       0.0000000000000000      -0.3788219456623538      51.6807499939067796     -19.0956284869604396      -0.4028883006134142       0.0000000000000000       0.0000000000000000      -0.3806361262016938
      52.3366421163155024     -19.4974799287885681      -0.5645812843935412       0.0000000000000000       0.0000000000000000      -0.5339052885943324      52.3340674131478920     -19.4967616524079865      -0.5633076406801419       0.0000000000000000       0.0000000000000000      -0.5361144369120466
      52.9896278530312088     -19.8990520519210570      -0.7508971967743340       0.0000000000000000       0.0000000000000000      -0.7154779080475896      52.9870347084306985     -19.8983292803713177      -0.7494422273538035       0.0000000000000000       0.0000000000000000      -0.7180196232445606
      53.6423267146809195     -20.3010074151185407      -0.9570524645690186       0.0000000000000000       0.0000000000000000      -0.9178345872255683      53.6397150472451401     -20.3002792218217571      -0.9554575716209392       0.0000000000000000       0.0000000000000000      -0.9206368158013898
      54.2948104530300100     -20.7032821312351487      -1.1778616127249066       0.0000000000000000       0.0000000000000000      -1.1357508335970312      54.2921801135202600     -20.7025477825046273      -1.1761652869220813       0.0000000000000000       0.0000000000000000      -1.1387446610823384
      54.9471522011640090     -21.1058064722260426      -1.4082661220909678       0.0000000000000000       0.0000000000000000      -1.3639115296552744      54.9445030329924577     -21.1050654703020442      -1.4064955242007924       0.0000000000000000       0.0000000000000000      -1.3670478476374912
      55.5994105472257587     -21.5085223492561433      -1.6451763870089164       0.0000000000000000       0.0000000000000000      -1.5990660359233302      55.5967424165530559     -21.5077744196455853      -1.6433516476740977       0.0000000000000000       0.0000000000000000      -1.6023079228951733
      56.2516293558022156     -21.9113839409580606      -1.8863942714745858       0.0000000000000000       0.0000000000000000      -1.8388754167563996      56.2489421580778739     -21.9106289645754018      -1.8845295487866442       0.0000000000000000       0.0000000000000000      -1.8421965612409834
      56.9038402032667037     -22.3143567535008422      -2.1304199298513464       0.0000000000000000       0.0000000000000000      -2.0817302708357284      56.9011338556290909     -22.3135947127876371      -2.1285248209617702       0.0000000000000000       0.0000000000000000      -2.0851125860011668
      57.5560649914466396     -22.7174158311201708      -2.3762583565035955       0.0000000000000000       0.0000000000000000      -2.3265561240959425      57.5533394266656444     -22.7166467788414330      -2.3743391920392529       0.0000000000000000       0.0000000000000000      -2.3299874597595558
      58.2083184626452876     -23.1205436505314346      -2.6232616048674586       0.0000000000000000       0.0000000000000000      -2.5726498482308946      58.2055736068347684     -23.1197676683417512      -2.6213224737287795       0.0000000000000000       0.0000000000000000      -2.5761221786560395
      58.8605911883606012     -23.5236998281055314      -2.8706377833119561       0.0000000000000000       0.0000000000000000      -2.8191492002374923      58.8578270127778893     -23.5229169770599249      -2.8686799693065406       0.0000000000000000       0.0000000000000000      -2.8226599012511380
      59.5129316667991759     -23.9269256218264168      -3.1188087176892911       0.0000000000000000       0.0000000000000000      -3.0665117335811543      59.5101481192557529     -23.9261360695193765      -3.1168349314866530       0.0000000000000000       0.0000000000000000      -3.0700552007927775
      60.1653161696252425     -24.3302025622519302      -3.3674070149705995       0.0000000000000000       0.0000000000000000      -3.3143373316548437      60.1625132347331331     -24.3294064233087148      -3.3654186865321729       0.0000000000000000       0.0000000000000000      -3.3179104589144663
      60.8177516715204405     -24.7335219860417759      -3.6162394714135124       0.0000000000000000       0.0000000000000000      -3.5624144585380217      60.8149293093633432     -24.7327193322697347      -3.6142373340504785       0.0000000000000000       0.0000000000000000      -3.5660155484837013
      61.4702406224893494     -25.1368796534790278      -3.8652048331043836       0.0000000000000000       0.0000000000000000      -3.8106317331054536      61.4673988077173803     -25.1360705459544853      -3.8631892456052412       0.0000000000000000       0.0000000000000000      -3.8142598512618489
      62.1227843241602500     -25.5402735039374171      -4.1142501357140207       0.0000000000000000       0.0000000000000000      -4.0589306384768911      62.1199230451162023     -25.5394580002035916      -4.1122212605352315       0.0000000000000000       0.0000000000000000      -4.0625852594731793
      62.7753834814812208     -25.9437025168573427      -4.3633477210173357       0.0000000000000000       0.0000000000000000      -4.3072804829084879      62.7725027310521071     -25.9428806668774641      -4.3613056209644956       0.0000000000000000       0.0000000000000000      -4.3109613054382034
      63.4280384657127456     -26.3471661778423218      -4.6124831578704475       0.0000000000000000       0.0000000000000000      -4.5556651809808537      63.4251382364628924     -26.3463380222153454      -4.6104278466961270       0.0000000000000000       0.0000000000000000      -4.5593720294560232
      64.0807494640154971     -26.7506642269726278      -4.8616489150595257       0.0000000000000000       0.0000000000000000      -4.8040763016858659      64.0778297502410652     -26.7498297989337637      -4.8595803838935598       0.0000000000000000       0.0000000000000000      -4.8078090704146339
      64.7335165670173751     -27.1541965389043476      -5.1108410546509084       0.0000000000000000       0.0000000000000000      -5.0525094191315425      64.7305773660027910     -27.1533558670491715      -5.1087592853700494       0.0000000000000000       0.0000000000000000      -5.0562680403324993
      65.3863398171866805     -27.5577630572991730      -5.3600575126455032       0.0000000000000000       0.0000000000000000      -5.3009622050211647      65.3833811281657802     -27.5569161672272323      -5.3579624839795965       0.0000000000000000       0.0000000000000000      -5.3047466315327050
      65.4422951820003931     -27.5923537342155036      -5.3814185172048434       0.0000000000000000       0.0000000000000000      -5.3222574914025236      65.4393348224594433     -27.5915063126705782      -5.3793223507560581       0.0000000000000000       0.0000000000000000      -5.3260441275555381
