       0.0000000000093995       0.0000000000000000       0.0064219005574400
       0.0000000663893956       0.0000000000000000       0.0233929762565409
       0.0000001327740836       0.0000000000000000       0.0409377043575819
       0.0000002323511010       0.0000000000000000       0.0672547899331710
       0.0000003817165943       0.0000000000000000       0.1067304035006601
       0.0000006057647602       0.0000000000000000       0.1659437905615635
       0.0000009418368426       0.0000000000000000       0.2547637962501606
       0.0000014459446195       0.0000000000000000       0.3879936245559107
       0.0000022021054501       0.0000000000000000       0.5878379727521326
       0.0000033363448446       0.0000000000000000       0.8876036079414469
       0.0000050376997710       0.0000000000000000       1.3372500646906074
       0.0000075897227888       0.0000000000000000       2.0117152585721669
       0.0000114177362305       0.0000000000000000       3.0234029435440291
       0.0000171597089562       0.0000000000000000       4.5409117309540212
       0.0000257725613279       0.0000000000000000       6.8171237405588387
       0.0000386907299145       0.0000000000000000       9.1561981541456792
       0.0000519656748794       0.0000000000000000      11.4952062645202027
       0.0000652403078234       0.0000000000000000      13.8341481881047184
       0.0000785146291133       0.0000000000000000      16.1730238937535589
       0.0000917886387639       0.0000000000000000      18.5118333498664533
       0.0001050623367906       0.0000000000000000      20.8505765243649357
       0.0001183357232086       0.0000000000000000      23.1892533846541014
       0.0001316087980336       0.0000000000000000      25.5278638976003762
       0.0001448815612812       0.0000000000000000      27.8664080295249121
       0.0001581540129668       0.0000000000000000      30.2048857461974585
       0.0001714261531063       0.0000000000000000      32.5432970128259313
       0.0001846979817154       0.0000000000000000      34.8816417940415278
       0.0001979694988099       0.0000000000000000      37.2199200538858435
       0.0002112407044058       0.0000000000000000      39.5581317557964454
       0.0002245115985190       0.0000000000000000      41.8962768625939148
       0.0002377821811657       0.0000000000000000      44.2343553364664928
       0.0002510524523620       0.0000000000000000      46.5723671389572544
       0.0002643224121242       0.0000000000000000      48.9103122309471559
       0.0002775920604687       0.0000000000000000      51.2481905726406382
       0.0002908613974119       0.0000000000000000      53.5860021235488446
       0.0003041304229704       0.0000000000000000      55.9237468424735980
       0.0003173991371609       0.0000000000000000      58.2614246874895798
       0.0003306675400000       0.0000000000000000      60.5990356159280239
       0.0003439356315046       0.0000000000000000      62.9365795843569273
       0.0003572034116917       0.0000000000000000      65.2740565485637774
       0.0003704708805784       0.0000000000000000      67.6114664635355922
       0.0003837380381819       0.0000000000000000      69.9488092834389619
       0.0003970048845194       0.0000000000000000      72.2860849616001104
       0.0004102714196084       0.0000000000000000      74.6232934504825351
       0.0004235376434665       0.0000000000000000      76.9604347016661308
       0.0004368035561112       0.0000000000000000      79.2975086658247506
       0.0004500691575605       0.0000000000000000      81.6345152927015647
       0.0004633344478322       0.0000000000000000      83.9714545310863372
       0.0004765994269444       0.0000000000000000      86.3083263287905282
       0.0004898640949153       0.0000000000000000      88.6451306326197113
       0.0005031284517634       0.0000000000000000      90.9818673883494284
       0.0005163924975070       0.0000000000000000      93.3185365406965701
       0.0005296562321649       0.0000000000000000      95.6551380332898304
       0.0005429196557559       0.0000000000000000      97.9916718086429341
       0.0005561827682990       0.0000000000000000     100.3281378081217383
       0.0005694455698133       0.0000000000000000     102.6645359719153561
       0.0005827080603182       0.0000000000000000     105.0008662389992367
       0.0005959702398332       0.0000000000000000     107.3371285471068006
       0.0006092321083779       0.0000000000000000     109.6733228326925911
       0.0006224936659722       0.0000000000000000     112.0094490308930091
       0.0006357549126363       0.0000000000000000     114.3455070754927050
       0.0006490158483903       0.0000000000000000     116.6814968988868344
       0.0006622764732549       0.0000000000000000     119.0174184320354271
       0.0006755367872506       0.0000000000000000     121.3532716044270643
       0.0006887967903984       0.0000000000000000     123.6890563440337871
       0.0007020564827194       0.0000000000000000     126.0247725772654235
       0.0007153158642351       0.0000000000000000     128.3604202289253067
       0.0007285749349670       0.0000000000000000     130.6959992221598839
       0.0007418336949371       0.0000000000000000     133.0315094784102428
       0.0007550921441674       0.0000000000000000     135.3669509173608105
       0.0007683502826804       0.0000000000000000     137.7023234568830219
       0.0007816081104988       0.0000000000000000     140.0376270129818579
       0.0007948656276455       0.0000000000000000     142.3728614997367856
       0.0008081228341438       0.0000000000000000     144.7080268292412768
       0.0008213797300173       0.0000000000000000     147.0431229115401663
       0.0008346363152898       0.0000000000000000     149.3781496545666130
       0.0008478925899856       0.0000000000000000     151.7131069640679755
       0.0008611485541292       0.0000000000000000     154.0479947435452175
       0.0008744042077455       0.0000000000000000     156.3828128941693478
       0.0008876595508598       0.0000000000000000     158.7175613147102240
       0.0009009145834977       0.0000000000000000     161.0522399014595010
       0.0009141693056853       0.0000000000000000     163.3868485481423249
       0.0009274237174489       0.0000000000000000     165.7213871458338303
       0.0009406778188155       0.0000000000000000     168.0558555828682188
       0.0009539316098122       0.0000000000000000     170.3902537447485770
       0.0009671850904670       0.0000000000000000     172.7245815140432228
       0.0009804382608078       0.0000000000000000     175.0588387702893272
       0.0009936911208635       0.0000000000000000     177.3930253898827800
       0.0010069436706632       0.0000000000000000     179.7271412459709552
       0.0010201959102366       0.0000000000000000     182.0611862083336803
       0.0010334478396139       0.0000000000000000     184.3951601432630980
       0.0010466994588260       0.0000000000000000     186.7290629134386677
       0.0010599507679042       0.0000000000000000     189.0628943777950610
       0.0010732017668806       0.0000000000000000     191.3966543913807641
       0.0010864524557877       0.0000000000000000     193.7303428052208290
       0.0010997028346589       0.0000000000000000     196.0639594661569447
       0.0011129529035280       0.0000000000000000     198.3975042166988203
       0.0011262026624299       0.0000000000000000     200.7309768948507838
       0.0011394521113999       0.0000000000000000     203.0643773339429572
       0.0011527012504742       0.0000000000000000     205.3977053624514895
       0.0011659500796897       0.0000000000000000     207.7309608038007980
       0.0011791985990844       0.0000000000000000     210.0641434761766106
       0.0011924468086969       0.0000000000000000     212.3972531923042766
       0.0012056947085668       0.0000000000000000     214.7302897592379054
       0.0012189422987347       0.0000000000000000     217.0632529781267124
       0.0012321895792422       0.0000000000000000     219.3961426439722686
       0.0012454365501319       0.0000000000000000     221.7289585453796974
       0.0012586832114473       0.0000000000000000     224.0617004642850532
       0.0012719295632334       0.0000000000000000     226.3943681756784656
       0.0012851756055362       0.0000000000000000     228.7269614473050581
       0.0012984213384029       0.0000000000000000     231.0594800393591868
       0.0013116667618819       0.0000000000000000     233.3919237041567953
       0.0013249110040411       0.0000000000000000     235.7246415172466811
       0.0013381556081825       0.0000000000000000     238.0573608857400245
       0.0013514000584058       0.0000000000000000     240.3900181700749954
       0.0013646441983387       0.0000000000000000     242.7226133387825939
       0.0013778880278822       0.0000000000000000     245.0551463783745874
       0.0013911315469558       0.0000000000000000     247.3876172911086826
       0.0014043747555712       0.0000000000000000     249.7200260792754989
       0.0014176176537402       0.0000000000000000     252.0523727451388254
       0.0014308602414745       0.0000000000000000     254.3846572909612291
       0.0014441025187859       0.0000000000000000     256.7168797190052487
       0.0014573444856862       0.0000000000000000     259.0490400315356396
       0.0014705861421871       0.0000000000000000     261.3811382308130078
       0.0014838274883003       0.0000000000000000     263.7131743191006876
       0.0014970685240375       0.0000000000000000     266.0451482986618998
       0.0015103092494106       0.0000000000000000     268.3770601717559998
       0.0015235496644312       0.0000000000000000     270.7089099406486525
       0.0015367897691111       0.0000000000000000     273.0406976075997250
       0.0015500295634620       0.0000000000000000     275.3724231748706757
       0.0015632690474957       0.0000000000000000     277.7040866447244980
       0.0015765082212238       0.0000000000000000     280.0356880194225937
       0.0015897470846582       0.0000000000000000     282.3672273012253982
       0.0016029856378106       0.0000000000000000     284.6987044923942562
       0.0016162238806927       0.0000000000000000     287.0301195951921613
       0.0016294618133162       0.0000000000000000     289.3614726118794920
       0.0016426994356928       0.0000000000000000     291.6927635447138414
       0.0016559367478344       0.0000000000000000     294.0239923959604198
       0.0016691737497525       0.0000000000000000     296.3551591678773889
       0.0016824104414591       0.0000000000000000     298.6862638627238766
       0.0016956468229657       0.0000000000000000     301.0173064827626490
       0.0017088828942842       0.0000000000000000     303.3482870302541983
       0.0017221186554261       0.0000000000000000     305.6792055074564587
       0.0017353541064034       0.0000000000000000     308.0100619166293541
       0.0017485892472277       0.0000000000000000     310.3408562600341156
       0.0017618240779106       0.0000000000000000     312.6715885399312924
       0.0017750585984641       0.0000000000000000     315.0022587585761471
       0.0017882928088997       0.0000000000000000     317.3328669182323551
       0.0018015267092292       0.0000000000000000     319.6634130211564866
       0.0018147602994643       0.0000000000000000     321.9938970696081810
       0.0018279935796168       0.0000000000000000     324.3243190658468507
       0.0018412265496984       0.0000000000000000     326.6546790121307708
       0.0018544592097207       0.0000000000000000     328.9849769107188990
       0.0018676915596956       0.0000000000000000     331.3152127638693969
       0.0018809235996346       0.0000000000000000     333.6453865738415061
       0.0018941553295497       0.0000000000000000     335.9754983428900914
       0.0019073867494523       0.0000000000000000     338.3055480732774072
       0.0019206178593544       0.0000000000000000     340.6355357672580340
       0.0019338486592676       0.0000000000000000     342.9654614270939987
       0.0019470791492036       0.0000000000000000     345.2953250550377788
       0.0019603093291741       0.0000000000000000     347.6251266533523676
       0.0019735391991909       0.0000000000000000     349.9548662242896171
       0.0019867664332941       0.0000000000000000     350.1545392537245789
