       0.0000000000071666       0.0000000000000000       0.0000005188022540
       0.0000001327554055       0.0000000000000000       0.0096109970848210
       0.0000002323231217       0.0000000000000000       0.0168192292645109
       0.0000003816746417       0.0000000000000000       0.0276315984705152
       0.0000006057020081       0.0000000000000000       0.0438501847749786
       0.0000009417432749       0.0000000000000000       0.0681781200262462
       0.0000014458055723       0.0000000000000000       0.1046701339277528
       0.0000022018998697       0.0000000000000000       0.1594084084996016
       0.0000033360431729       0.0000000000000000       0.2415163949976670
       0.0000050372623001       0.0000000000000000       0.3646796721590344
       0.0000075891003954       0.0000000000000000       0.5494275095030323
       0.0000114168787179       0.0000000000000000       0.8265558388813042
       0.0000171585938622       0.0000000000000000       1.2422631201133456
       0.0000257712737949       0.0000000000000000       1.8658573060793562
       0.0000386905348499       0.0000000000000000       2.8013234094412320
       0.0000519675622219       0.0000000000000000       3.7627451651065518
       0.0000652449268949       0.0000000000000000       4.7242617289156339
       0.0000785226033738       0.0000000000000000       5.6858730493352603
       0.0000918005916684       0.0000000000000000       6.6475790724723991
       0.0001050788916947       0.0000000000000000       7.6093797513756130
       0.0001183575033823       0.0000000000000000       8.5712750441480896
       0.0001316364266995       0.0000000000000000       9.5332649099149478
       0.0001449156616397       0.0000000000000000      10.4953493062090946
       0.0001581952082042       0.0000000000000000      11.4575281882413886
       0.0001714750663915       0.0000000000000000      12.4198015091749223
       0.0001847552361943       0.0000000000000000      13.3821692205383869
       0.0001980357176023       0.0000000000000000      14.3446312725288649
       0.0002113165106033       0.0000000000000000      15.3071876140253060
       0.0002245976151856       0.0000000000000000      16.2698381924671835
       0.0002378790313378       0.0000000000000000      17.2325829537631705
       0.0002511607590486       0.0000000000000000      18.1954218421832934
       0.0002644427983064       0.0000000000000000      19.1583548002671762
       0.0002777251490995       0.0000000000000000      20.1213817687905419
       0.0002910078114152       0.0000000000000000      21.0845026867230061
       0.0003042907852404       0.0000000000000000      22.0477174911461731
       0.0003175740705618       0.0000000000000000      23.0110261172087505
       0.0003308576673652       0.0000000000000000      23.9744284980284874
       0.0003441415756362       0.0000000000000000      24.9379245646477194
       0.0003574257953598       0.0000000000000000      25.9015142459181789
       0.0003707103265205       0.0000000000000000      26.8651974684422683
       0.0003839951691022       0.0000000000000000      27.8289741564891848
       0.0003972803230882       0.0000000000000000      28.7928442318721238
       0.0004105657884612       0.0000000000000000      29.7568076138954645
       0.0004238515652032       0.0000000000000000      30.7208642192332277
       0.0004371376532954       0.0000000000000000      31.6850139618139508
       0.0004504240527185       0.0000000000000000      32.6492567527369815
       0.0004637107634523       0.0000000000000000      33.6135925001384734
       0.0004769977854757       0.0000000000000000      34.5780211090691338
       0.0004902851187671       0.0000000000000000      35.5425424813705675
       0.0005035727633036       0.0000000000000003      36.5071565155431941
       0.0005168607190616       0.0000000000000021      37.4718631064880654
       0.0005301489860165       0.0000000000000145      38.4366621449351555
       0.0005434375641425       0.0000000000000939      39.4015535143423108
       0.0005567264534129       0.0000000000005809      40.3665370734322480
       0.0005700156538002       0.0000000000034442      41.3316125578611491
       0.0005833051652766       0.0000000000196052      42.2967790448762813
       0.0005965949878191       0.0000000001073002      43.2620321504786034
       0.0006098851214309       0.0000000005647036      44.2273499551581324
       0.0006231755662267       0.0000000028406592      45.1926266125268725
       0.0006364663226887       0.0000000132471733      46.1574003262026196
       0.0006497573916249       0.0000000520126544      47.1201906073995218
       0.0006630487721719       0.0000001503146227      48.0787199650687427
       0.0006763404618949       0.0000003152358661      49.0324653815247373
       0.0006896324606807       0.0000005253242004      49.9829888036084355
       0.0007029247698031       0.0000007582633244      50.9319374220627452
       0.0007162173898348       0.0000010013694541      51.8802176226895568
       0.0007295103207935       0.0000012486180559      52.8282914443099614
       0.0007428035625182       0.0000014976436748      53.7763234535133208
       0.0007560971147945       0.0000017474126888      54.7244139680976787
       0.0007693909777037       0.0000019977085087      55.6725248294422173
       0.0007826851509014       0.0000022480098207      56.6207220817688892
       0.0007959796344600       0.0000024983333348      57.5690030688162437
       0.0008092744283495       0.0000027486781155      58.5173677080609096
       0.0008225695324739       0.0000029990441549      59.4658157388785469
       0.0008358649467527       0.0000032494313682      60.4143464693218704
       0.0008491606711190       0.0000034998360213      61.3629603204041914
       0.0008624567054789       0.0000037502603549      62.3116568599753435
       0.0008757530497391       0.0000040007052407      63.2604359958220570
       0.0008890497038078       0.0000042511731629      64.2092969122897728
       0.0009023466675795       0.0000045016628375      65.1582394011869184
       0.0009156439409457       0.0000047521737017      66.1072631468204861
       0.0009289415237873       0.0000050027055886      67.0563674855695808
       0.0009422394159870       0.0000052532560854      68.0055523969236475
       0.0009555376174120       0.0000055038264055      68.9548171409455790
       0.0009688361279274       0.0000057544168704      69.9041605906142962
       0.0009821349474004       0.0000060050272194      70.8535804751742404
       0.0009954340756779       0.0000062556563783      71.8030715269626256
       0.0010087335124922       0.0000065063014822      72.7526209068889642
       0.0010220332573921       0.0000067569553670      73.7021972994091357
       0.0010353333098858       0.0000070076011620      74.6517281942241482
       0.0010486336697119       0.0000072582036375      75.6010699900356400
       0.0010619343369149       0.0000075087055916      76.5499991939885547
       0.0010752353118166       0.0000077590442124      77.4983120437143498
       0.0010885365945904       0.0000080091862708      78.4459619517892861
       0.0011018381848940       0.0000082591432599      79.3930895263575138
       0.0011151400820228       0.0000085089576068      80.3398812588509372
       0.0011284422852735       0.0000087586779971      81.2864905545157228
       0.0011417447941015       0.0000090083441253      82.2330376794820097
       0.0011550476079777       0.0000092579851227      83.1795791750165563
       0.0011683507264170       0.0000095076192651      84.1261479279535962
       0.0011816541488705       0.0000097572575363      85.0727617816234414
       0.0011949578747158       0.0000100069058750      86.0194363219092679
       0.0012082619031943       0.0000102565721939      86.9661615236885410
       0.0012215662335182       0.0000105062542192      87.9129457538452215
       0.0012348708647736       0.0000107559536620      88.8597900058898063
       0.0012481757959055       0.0000110056708970      89.8066933369586309
       0.0012614810257358       0.0000112554060195      90.7536540297675742
       0.0012747865528567       0.0000115051594348      91.7006699835382051
       0.0012880923755365       0.0000117549328443      92.6477387166675470
       0.0013013984470615       0.0000120047331111      93.5948536297170790
       0.0013147049063494       0.0000122545753149      94.5420184841961202
       0.0013280151898772       0.0000125044513331      95.4898866190023625
       0.0013413232593197       0.0000127543884837      96.4379706240764847
       0.0013546308921806       0.0000130043743726      97.3861441095381650
       0.0013679388174603       0.0000132543956276      98.3344074796256820
       0.0013812470498266       0.0000135044497550      99.2827605839023306
       0.0013945555974139       0.0000137545357580     100.2312038302206929
       0.0014078644614420       0.0000140046536822     101.1797376705816163
       0.0014211736396694       0.0000142548043644     102.1283623093014370
       0.0014344831297711       0.0000145049889119     103.0770777725666818
       0.0014477929306554       0.0000147552086273     104.0258841456343362
       0.0014611030422560       0.0000150054675316     104.9747805110711880
       0.0014744134649928       0.0000152557654986     105.9237672710431610
       0.0014877241992118       0.0000155061088791     106.8728440975394278
       0.0015010352451076       0.0000157565051924     107.8220106365109103
       0.0015143466027376       0.0000160069633818     108.7712664747599263
       0.0015276582721941       0.0000162574953919     109.7206110583376386
       0.0015409702535576       0.0000165081211454     110.6700434546743139
       0.0015542825468678       0.0000167588782817     111.6195618931858462
       0.0015675951520903       0.0000170098384008     112.5691629934198943
       0.0015809080691743       0.0000172611339829     113.5188404895537815
       0.0015942212980291       0.0000175130044950     114.4685830577870433
       0.0016075348385889       0.0000177658759951     115.4183705484229563
       0.0016208486907892       0.0000180204944683     116.3681677011347233
       0.0016341628545628       0.0000182781342574     117.3179146492856688
       0.0016474773298875       0.0000185408831563     118.2675127866606601
       0.0016607921167878       0.0000188119267718     119.2168121105411984
       0.0016741072155489       0.0000190956015446     120.1656088032259930
       0.0016874226265429       0.0000193968436088     121.1136714772733995
       0.0017007383501819       0.0000197198713611     122.0608028867766848
       0.0017140543866755       0.0000200666633776     123.0069105546616015
       0.0017273707359309       0.0000204362868818     123.9520378456408167
       0.0017406873976218       0.0000208255143264     124.8963354496317777
       0.0017540043713461       0.0000212301188082     125.8400010810842673
       0.0017673216568242       0.0000216459989928     126.7832162026339375
       0.0017806392538248       0.0000220696826443     127.7261608457089892
       0.0017939571622860       0.0000224987041149     128.6689481432840410
       0.0018072753821926       0.0000229313015539     129.6116592841437409
       0.0018205939135846       0.0000233662645497     130.5543503928373070
       0.0018339127564784       0.0000238027831382     131.4970592498017652
       0.0018472319109623       0.0000242403245909     132.4398115086127348
       0.0018605513770425       0.0000246785485059     133.3826355630098988
       0.0018738711548172       0.0000251173277258     134.3255176671740401
       0.0018871912443221       0.0000255564283049     135.2684720256806656
       0.0019005116455572       0.0000259957248759     136.2115060529592938
       0.0019138323584897       0.0000264351485042     137.1546238448500787
       0.0019271533831314       0.0000268746614576     138.0978276150311217
       0.0019404747194918       0.0000273142429271     139.0411185816724924
       0.0019537963675798       0.0000277538814857     139.9844974129578929
       0.0019671183274063       0.0000281935708460     140.9279644755620495
       0.0019804405989773       0.0000286333074607     141.8715199783438266
       0.0019937631822863       0.0000290730891795     142.8151640311770336
       0.0019949072026378       0.0000291107831046     142.8960454166398506
