       0.0000000000000000       0.0000000000000000       0.0000000000000000       0.0000000000000000       0.0000000000000000       0.0000000000000000       0.0000000000000000       0.0000000000000000       0.0000000000000000       0.0000000000000000       0.0000000000000000       0.0000000000000000
       0.0000000000000000       0.0000000000000000       0.0000000000000000       0.0000000000000000       0.0000000000000000       0.0000000000000000       0.0000000000000000       0.0000000000000000       0.0000000000000000       0.0000000000000000       0.0000000000000000       0.0000000000000000
       0.0000000000000000       0.0000000000000000       0.0000000000000000       0.0000000000000000       0.0000000000000000       0.0000000000000000       0.0000000000000000       0.0000000000000000       0.0000000000000000       0.0000000000000000       0.0000000000000000       0.0000000000000000
       0.0000000000000000       0.0000000000000000       0.0000000000000000       0.0000000000000000       0.0000000000000000       0.0000000000000000       0.0000000000000000       0.0000000000000000       0.0000000000000000       0.0000000000000000       0.0000000000000000       0.0000000000000000
       0.0000000000000000       0.0000000000000000       0.0000000000000000       0.0000000000000000       0.0000000000000000       0.0000000000000000       0.0000000000000000       0.0000000000000000       0.0000000000000000       0.0000000000000000       0.0000000000000000       0.0000000000000000
       0.0000000000000000       0.0000000000000000       0.0000000000000000       0.0000000000000000       0.0000000000000000       0.0000000000000000       0.0000000000000000       0.0000000000000000       0.0000000000000000       0.0000000000000000       0.0000000000000000       0.0000000000000000
       0.0000000000000000       0.0000000000000000       0.0000000000000000       0.0000000000000000       0.0000000000000000       0.0000000000000000       0.0000000000000000       0.0000000000000000       0.0000000000000000       0.0000000000000000       0.0000000000000000       0.0000000000000000
       0.0000000000000000       0.0000000000000000       0.0000000000000000       0.0000000000000000       0.0000000000000000       0.0000000000000000       0.0000000000000000       0.0000000000000000       0.0000000000000000       0.0000000000000000       0.0000000000000000       0.0000000000000000
       0.0000000000000000       0.0000000000000000       0.0000000000000000       0.0000000000000000       0.0000000000000000       0.0000000000000000       0.0000000000000000       0.0000000000000000       0.0000000000000000       0.0000000000000000       0.0000000000000000       0.0000000000000000
       0.0000000000000000       0.0000000000000000       0.0000000000000000       0.0000000000000000       0.0000000000000000       0.0000000000000000       0.0000000000000000       0.0000000000000000       0.0000000000000000       0.0000000000000000       0.0000000000000000       0.0000000000000000
       0.0000000000000000       0.0000000000000000       0.0000000000000000       0.0000000000000000       0.0000000000000000       0.0000000000000000       0.0000000000000000       0.0000000000000000       0.0000000000000000       0.0000000000000000       0.0000000000000000       0.0000000000000000
       0.0000000000000000       0.0000000000000000       0.0000000000000000       0.0000000000000000       0.0000000000000000       0.0000000000000000       0.0000000000000000       0.0000000000000000       0.0000000000000000       0.0000000000000000       0.0000000000000000       0.0000000000000000
       0.0000000000000000       0.0000000000000000       0.0000000000000000       0.0000000000000000       0.0000000000000000       0.0000000000000000       0.0000000000000000       0.0000000000000000       0.0000000000000000       0.0000000000000000       0.0000000000000000       0.0000000000000000
       0.0000000000000000       0.0000000000000000       0.0000000000000000       0.0000000000000000       0.0000000000000000       0.0000000000000000       0.0000000000000000       0.0000000000000000       0.0000000000000000       0.0000000000000000       0.0000000000000000       0.0000000000000000
       0.0000000000000000       0.0000000000000000       0.0000000000000000       0.0000000000000000       0.0000000000000000       0.0000000000000000       0.0000000000000000       0.0000000000000000       0.0000000000000000       0.0000000000000000       0.0000000000000000       0.0000000000000000
       0.0000000000000000       0.0000000000000000       0.0000000000000000       0.0000000000000000       0.0000000000000000       0.0000000000000000       0.0000000000000000       0.0000000000000000       0.0000000000000000       0.0000000000000000       0.0000000000000000       0.0000000000000000
       0.0000000000000000       0.0000000000000000       0.0000000000000000       0.0000000000000000       0.0000000000000000       0.0000000000000000       0.0000000000000000       0.0000000000000000       0.0000000000000000       0.0000000000000000       0.0000000000000000       0.0000000000000000
       0.0000000000000000       0.0000000000000000       0.0000000000000000       0.0000000000000000       0.0000000000000000       0.0000000000000000       0.0000000000000000       0.0000000000000000       0.0000000000000000       0.0000000000000000       0.0000000000000000       0.0000000000000000
       0.0000000000000000       0.0000000000000000       0.0000000000000000       0.0000000000000000       0.0000000000000000       0.0000000000000000       0.0000000000000000       0.0000000000000000       0.0000000000000000       0.0000000000000000       0.0000000000000000       0.0000000000000000
       0.0000000000000000       0.0000000000000000       0.0000000000000000       0.0000000000000000       0.0000000000000000       0.0000000000000000       0.0000000000000000       0.0000000000000000       0.0000000000000000       0.0000000000000000       0.0000000000000000       0.0000000000000000
       0.0000000000000000       0.0000000000000000       0.0000000000000000       0.0000000000000000       0.0000000000000000       0.0000000000000000       0.0000000000000000       0.0000000000000000       0.0000000000000000       0.0000000000000000       0.0000000000000000       0.0000000000000000
       0.0000000000000000       0.0000000000000000       0.0000000000000000       0.0000000000000000       0.0000000000000000       0.0000000000000000       0.0000000000000000       0.0000000000000000       0.0000000000000000       0.0000000000000000       0.0000000000000000       0.0000000000000000
       0.0000000000000000       0.0000000000000000       0.0000000000000000       0.0000000000000000       0.0000000000000000       0.0000000000000000       0.0000000000000000       0.0000000000000000       0.0000000000000000       0.0000000000000000       0.0000000000000000       0.0000000000000000
       0.0000000000000000       0.0000000000000000       0.0000000000000000       0.0000000000000000       0.0000000000000000       0.0000000000000000       0.0000000000000000       0.0000000000000000       0.0000000000000000       0.0000000000000000       0.0000000000000000       0.0000000000000000
       0.0000000000000000       0.0000000000000000       0.0000000000000000       0.0000000000000000       0.0000000000000000       0.0000000000000000       0.0000000000000000       0.0000000000000000       0.0000000000000000       0.0000000000000000       0.0000000000000000       0.0000000000000000
       0.0000000000000000       0.0000000000000000       0.0000000000000000       0.0000000000000000       0.0000000000000000       0.0000000000000000       0.0000000000000000       0.0000000000000000       0.0000000000000000       0.0000000000000000       0.0000000000000000       0.0000000000000000
       0.0000000000000000       0.0000000000000000       0.0000000000000000       0.0000000000000000       0.0000000000000000       0.0000000000000000       0.0000000000000000       0.0000000000000000       0.0000000000000000       0.0000000000000000       0.0000000000000000       0.0000000000000000
       0.0000000000000000       0.0000000000000000       0.0000000000000000       0.0000000000000000       0.0000000000000000       0.0000000000000000       0.0000000000000000       0.0000000000000000       0.0000000000000000       0.0000000000000000       0.0000000000000000       0.0000000000000000
       0.0000000000000000       0.0000000000000000       0.0000000000000000       0.0000000000000000       0.0000000000000000       0.0000000000000000       0.0000000000000000       0.0000000000000000       0.0000000000000000       0.0000000000000000       0.0000000000000000       0.0000000000000000
       0.0000000000000000       0.0000000000000000       0.0000000000000000       0.0000000000000000       0.0000000000000000       0.0000000000000000       0.0000000000000000       0.0000000000000000       0.0000000000000000       0.0000000000000000       0.0000000000000000       0.0000000000000000
       0.0000000000000000       0.0000000000000000       0.0000000000000000       0.0000000000000000       0.0000000000000000       0.0000000000000000       0.0000000000000000       0.0000000000000000       0.0000000000000000       0.0000000000000000       0.0000000000000000       0.0000000000000000
       0.0000000000000000       0.0000000000000000       0.0000000000000000       0.0000000000000000       0.0000000000000000       0.0000000000000000       0.0000000000000000       0.0000000000000000       0.0000000000000000       0.0000000000000000       0.0000000000000000       0.0000000000000000
       0.0000000000000000       0.0000000000000000       0.0000000000000000       0.0000000000000000       0.0000000000000000       0.0000000000000000       0.0000000000000000       0.0000000000000000       0.0000000000000000       0.0000000000000000       0.0000000000000000       0.0000000000000000
       0.0000000000000000       0.0000000000000000       0.0000000000000000       0.0000000000000000       0.0000000000000000       0.0000000000000000       0.0000000000000000       0.0000000000000000       0.0000000000000000       0.0000000000000000       0.0000000000000000       0.0000000000000000
       0.0000000000000000       0.0000000000000000       0.0000000000000000       0.0000000000000000       0.0000000000000000       0.0000000000000000       0.0000000000000000       0.0000000000000000       0.0000000000000000       0.0000000000000000       0.0000000000000000       0.0000000000000000
       0.0000000000000000       0.0000000000000000       0.0000000000000000       0.0000000000000000       0.0000000000000000       0.0000000000000000       0.0000000000000000       0.0000000000000000       0.0000000000000000       0.0000000000000000       0.0000000000000000       0.0000000000000000
       0.0000000000000000       0.0000000000000000       0.0000000000000000       0.0000000000000000       0.0000000000000000       0.0000000000000000       0.0000000000000000       0.0000000000000000       0.0000000000000000       0.0000000000000000       0.0000000000000000       0.0000000000000000
       0.0000000000000000       0.0000000000000000       0.0000000000000000       0.0000000000000000       0.0000000000000000       0.0000000000000000       0.0000000000000000       0.0000000000000000       0.0000000000000000       0.0000000000000000       0.0000000000000000       0.0000000000000000
       0.0000000000000000       0.0000000000000000       0.0000000000000000       0.0000000000000000       0.0000000000000000       0.0000000000000000       0.0000000000000000       0.0000000000000000       0.0000000000000000       0.0000000000000000       0.0000000000000000       0.0000000000000000
       0.0000000000000000       0.0000000000000000       0.0000000000000000       0.0000000000000000       0.0000000000000000       0.0000000000000000       0.0000000000000000       0.0000000000000000       0.0000000000000000       0.0000000000000000       0.0000000000000000       0.0000000000000000
       0.0000000000000000       0.0000000000000000       0.0000000000000000       0.0000000000000000       0.0000000000000000       0.0000000000000000       0.0000000000000000       0.0000000000000000       0.0000000000000000       0.0000000000000000       0.0000000000000000       0.0000000000000000
       0.0000000000000000       0.0000000000000000       0.0000000000000000       0.0000000000000000       0.0000000000000000       0.0000000000000000       0.0000000000000000       0.0000000000000000       0.0000000000000000       0.0000000000000000       0.0000000000000000       0.0000000000000000
       0.0000000000000002       0.0000000000000000       0.0000000000000000       0.0000000000000000       0.0000000000000000       0.0000000000000000       0.0000000000000002       0.0000000000000000       0.0000000000000000       0.0000000000000000       0.0000000000000000       0.0000000000000000
       0.0000000000000018       0.0000000000000000       0.0000000000000000       0.0000000000000000       0.0000000000000000       0.0000000000000000       0.0000000000000018       0.0000000000000000       0.0000000000000000       0.0000000000000000       0.0000000000000000       0.0000000000000000
       0.0000000000000182       0.0000000000000000       0.0000000000000000       0.0000000000000000       0.0000000000000000       0.0000000000000000       0.0000000000000182       0.0000000000000000       0.0000000000000000       0.0000000000000000       0.0000000000000000       0.0000000000000000
       0.0000000000001738       0.0000000000000000       0.0000000000000000       0.0000000000000000       0.0000000000000000       0.0000000000000000       0.0000000000001739       0.0000000000000000       0.0000000000000000       0.0000000000000000       0.0000000000000000       0.0000000000000000
       0.0000000000015542       0.0000000000000000       0.0000000000000000       0.0000000000000000       0.0000000000000000       0.0000000000000000       0.0000000000015550       0.0000000000000000       0.0000000000000000       0.0000000000000000       0.0000000000000000       0.0000000000000000
       0.0000000000130705       0.0000000000000000       0.0000000000000000       0.0000000000000000       0.0000000000000000       0.0000000000000000       0.0000000000130769       0.0000000000000000       0.0000000000000000       0.0000000000000000       0.0000000000000000       0.0000000000000000
       0.0000000001037201       0.0000000000000000       0.0000000000000000       0.0000000000000000       0.0000000000000000       0.0000000000000000       0.0000000001037694       0.0000000000000000       0.0000000000000000       0.0000000000000000       0.0000000000000000       0.0000000000000000
       0.0000000007814441       0.0000000000000000       0.0000000000000000       0.0000000000000000       0.0000000000000000       0.0000000000000000       0.0000000007818071       0.0000000000000000       0.0000000000000000       0.0000000000000000       0.0000000000000000       0.0000000000000000
       0.0000000055691340       0.0000000000000000       0.0000000000000000       0.0000000000000000       0.0000000000000000       0.0000000000000000       0.0000000055716605       0.0000000000000000       0.0000000000000000       0.0000000000000000       0.0000000000000000       0.0000000000000000
       0.0000000377622998       0.0000000000000000       0.0000000000000000       0.0000000000000000       0.0000000000000000       0.0000000000000000       0.0000000377790144       0.0000000000000000       0.0000000000000000       0.0000000000000000       0.0000000000000000       0.0000000000000000
       0.0000002443094047       0.0000000000000000       0.0000000000000000       0.0000000000000000       0.0000000000000000       0.0000000000000000       0.0000002444148147       0.0000000000000000       0.0000000000000000       0.0000000000000000       0.0000000000000000       0.0000000000000000
       0.0000015115791396       0.0000000000000000       0.0000000000000000       0.0000000000000000       0.0000000000000000       0.0000000000000000       0.0000015122142293       0.0000000000000000       0.0000000000000000       0.0000000000000000       0.0000000000000000       0.0000000000000000
       0.0000089626199186       0.0000000000000000       0.0000000000000000       0.0000000000000000       0.0000000000000000       0.0000000000000000       0.0000089662828081       0.0000000000000000       0.0000000000000000       0.0000000000000000       0.0000000000000000       0.0000000000000000
       0.0000510234558166       0.0000000000000000       0.0000000000000000       0.0000000000000000       0.0000000000000000       0.0000000000000000       0.0000510437142117       0.0000000000000000       0.0000000000000000       0.0000000000000000       0.0000000000000000       0.0000000000000000
       0.0002793078722507       0.0000000000000000       0.0000000000000000       0.0000000000000000       0.0000000000000000       0.0000000000000000       0.0002794154329728       0.0000000000000000       0.0000000000000000       0.0000000000000000       0.0000000000000000       0.0000000000000000
       0.0014703295023004       0.0000000000000000       0.0000000000000000       0.0000000000000000       0.0000000000000000       0.0000000000000000       0.0014708768976267       0.0000000000000000       0.0000000000000000       0.0000000000000000       0.0000000000000000       0.0000000000000000
       0.0073934756671606       0.0000000000000000       0.0000000000000000       0.0000000000000000       0.0000000000000000       0.0000000000000000       0.0073960973921164       0.0000000000000000       0.0000000000000000       0.0000000000000000       0.0000000000000000       0.0000000000000000
       0.0345193253069757       0.0000000000000000       0.0000000000000000       0.0000000000000000       0.0000000000000000       0.0000000000000000       0.0345306251766630       0.0000000000000000       0.0000000000000000       0.0000000000000000       0.0000000000000000       0.0000000000000000
       0.1357291571982144       0.0000000000000000       0.0000000000000000       0.0000000000000000       0.0000000000000000       0.0000000000000000       0.1357658742850115       0.0000000000000000       0.0000000000000000       0.0000000000000000       0.0000000000000000       0.0000000000000000
       0.3924900389529936      -0.0000000000000001       0.0000000000000000       0.0000000000000000       0.0000000000000000       0.0000000000000000       0.3925660880560798      -0.0000000000000001       0.0000000000000000       0.0000000000000000       0.0000000000000000       0.0000000000000000
       0.8235750118992922      -0.0000000000000005       0.0000000000000000       0.0000000000000000       0.0000000000000000       0.0000000000000000       0.8236831919517773      -0.0000000000000005       0.0000000000000000       0.0000000000000000       0.0000000000000000       0.0000000000000000
       1.3731760527484678      -0.0000000000000023       0.0000000000000000       0.0000000000000000       0.0000000000000000       0.0000000000000000       1.3733008151115924      -0.0000000000000023       0.0000000000000000       0.0000000000000000       0.0000000000000000       0.0000000000000000
       1.9823214856422429      -0.0000000000000097       0.0000000000000000       0.0000000000000000       0.0000000000000000       0.0000000000000000       1.9824522760331371      -0.0000000000000097       0.0000000000000000       0.0000000000000000       0.0000000000000000       0.0000000000000000
       2.6185221470707005      -0.0000000000000479       0.0000000000000000       0.0000000000000000       0.0000000000000000       0.0000000000000000       2.6186530705084583      -0.0000000000000479       0.0000000000000000       0.0000000000000000       0.0000000000000000       0.0000000000000000
       3.2652112489176082      -0.0000000000001957       0.0000000000000000       0.0000000000000000       0.0000000000000000       0.0000000000000000       3.2653398480102114      -0.0000000000001957       0.0000000000000000       0.0000000000000000       0.0000000000000000       0.0000000000000000
       3.9164900010339840      -0.0000000000007552       0.0000000000000000       0.0000000000000000       0.0000000000000000       0.0000000000000000       3.9166149404420603      -0.0000000000007552       0.0000000000000000       0.0000000000000000       0.0000000000000000       0.0000000000000000
       4.5687195284766258      -0.0000000000021709       0.0000000000000000       0.0000000000000000       0.0000000000000000       0.0000000000000000       4.5688404279604438      -0.0000000000021708       0.0000000000000000       0.0000000000000000       0.0000000000000000       0.0000000000000000
       5.2233779506281408      -0.0000000000073064       0.0000000000000000       0.0000000000000000       0.0000000000000000       0.0000000000000000       5.2234937351886872      -0.0000000000073063       0.0000000000000000       0.0000000000000000       0.0000000000000000       0.0000000000000000
       5.8779732235065225      -0.0000000000255400       0.0000000000000000       0.0000000000000000       0.0000000000000000       0.0000000000000000       5.8780835984354800      -0.0000000000255395       0.0000000000000000       0.0000000000000000       0.0000000000000000       0.0000000000000000
       6.5326348139854744      -0.0000000000889432       0.0000000000000000       0.0000000000000000       0.0000000000000000       0.0000000000000000       6.5327394096232281      -0.0000000000889411       0.0000000000000000       0.0000000000000000       0.0000000000000000       0.0000000000000000
       7.1873550131563135      -0.0000000003050147       0.0000000000000000       0.0000000000000000       0.0000000000000000       0.0000000000000000       7.1874534454197434      -0.0000000003050059       0.0000000000000000       0.0000000000000000       0.0000000000000000       0.0000000000000000
       7.8421343213256582      -0.0000000010271373       0.0000000000000000       0.0000000000000000       0.0000000000000000       0.0000000000000000       7.8422261962870428      -0.0000000010271023       0.0000000000000000       0.0000000000000000       0.0000000000000000       0.0000000000000000
       8.4969896290865705      -0.0000000044343193       0.0000000000000000       0.0000000000000000       0.0000000000000000       0.0000000000000000       8.4970744281370614      -0.0000000044341415       0.0000000000000000       0.0000000000000000       0.0000000000000000       0.0000000000000000
       9.1518939515857749      -0.0000000153767815       0.0000000000000000       0.0000000000000000       0.0000000000000000       0.0000000000000000       9.1519713324396577      -0.0000000153760871       0.0000000000000000       0.0000000000000000       0.0000000000000000       0.0000000000000000
       9.8068533922886747      -0.0000000499017100       0.0000000000000000       0.0000000000000000       0.0000000000000000       0.0000000000000000       9.8069229640967386      -0.0000000498991993       0.0000000000000000       0.0000000000000000       0.0000000000000000       0.0000000000000000
      10.4618559910937829      -0.0000001300702548       0.0000000000000000       0.0000000000000000       0.0000000000000000       0.0000000000000000      10.4619174422528243      -0.0000001300632018       0.0000000000000000       0.0000000000000000       0.0000000000000000       0.0000000000000000
      11.1169288262329715      -0.0000003756794294       0.0000000000000000       0.0000000000000000       0.0000000000000000       0.0000000000000000      11.1169816441651275      -0.0000003756570900       0.0000000000000000       0.0000000000000000       0.0000000000000000       0.0000000000000000
      11.7720627676712066      -0.0000011159548683       0.0000000000000000       0.0000000000000000       0.0000000000000000       0.0000000000000000      11.7721064930703054      -0.0000011158822368       0.0000000000000000       0.0000000000000000       0.0000000000000000       0.0000000000000000
      12.4272562638072674      -0.0000033120602703       0.0000000000000000       0.0000000000000000       0.0000000000000000       0.0000000000000000      12.4272904369768824      -0.0000033118256518       0.0000000000000000       0.0000000000000000       0.0000000000000000       0.0000000000000000
      13.0825198184639824      -0.0000101544068435       0.0000000000000000       0.0000000000000000       0.0000000000000000       0.0000000000000000      13.0825438828674780      -0.0000101536300449       0.0000000000000000       0.0000000000000000       0.0000000000000000       0.0000000000000000
      13.7378361027460709      -0.0000298677407598       0.0000000000000000       0.0000000000000000       0.0000000000000000       0.0000000000000000      13.7378496262514886      -0.0000298652819299       0.0000000000000000       0.0000000000000000       0.0000000000000000       0.0000000000000000
      14.3932088837215790      -0.0000858330716760       0.0000000000000000       0.0000000000000000       0.0000000000000000       0.0000000000000000      14.3932113928771770      -0.0000858254900046       0.0000000000000000       0.0000000000000000       0.0000000000000000       0.0000000000000000
      15.0486393476776392      -0.0002424309989505       0.0000000000000000       0.0000000000000000       0.0000000000000000       0.0000000000000000      15.0486303451031631      -0.0002424080924482       0.0000000000000000       0.0000000000000000       0.0000000000000000       0.0000000000000000
      15.7041270911981492      -0.0006742888303186       0.0000000000000000       0.0000000000000000       0.0000000000000000       0.0000000000000000      15.7041060618743522      -0.0006742208988902       0.0000000000000000       0.0000000000000000       0.0000000000000000       0.0000000000000000
      16.3596695966901500      -0.0018471643640720       0.0000000000000000       0.0000000000000000       0.0000000000000000       0.0000000000000000      16.3596360096853921      -0.0018469667040162       0.0000000000000000       0.0000000000000000       0.0000000000000000       0.0000000000000000
      17.0152596943463514      -0.0049761800192127       0.0000000000000000       0.0000000000000000       0.0000000000000000       0.0000000000000000      17.0152130018309045      -0.0049756176061654       0.0000000000000000       0.0000000000000000       0.0000000000000000       0.0000000000000000
      17.6708789795019179      -0.0131197295860898       0.0000000000000000       0.0000000000000000       0.0000000000000000       0.0000000000000000      17.6708186130410851      -0.0131181794791607       0.0000000000000000       0.0000000000000000       0.0000000000000000       0.0000000000000000
      18.3264835531824950      -0.0334590130667109       0.0000000000000000       0.0000000000000000       0.0000000000000000       0.0000000000000000      18.3264089172149092      -0.0334549656432907       0.0000000000000000       0.0000000000000000       0.0000000000000000       0.0000000000000000
      18.9819827119005602      -0.0803359891436983       0.0000000000000000       0.0000000000000000       0.0000000000000000       0.0000000000000000      18.9818931777451780      -0.0803264255025149       0.0000000000000000       0.0000000000000000       0.0000000000000000       0.0000000000000000
      19.6372256208459568      -0.1762426907144190      -0.0000000000000001       0.0000000000000000       0.0000000000000000      -0.0000000000000001      19.6371205301334228      -0.1762232388855109      -0.0000000000000001       0.0000000000000000       0.0000000000000000      -0.0000000000000001
      20.2920468701419452      -0.3418161506628922      -0.0000000000000003       0.0000000000000000       0.0000000000000000      -0.0000000000000003      20.2919255553058946      -0.3417832621766063      -0.0000000000000003       0.0000000000000000       0.0000000000000000      -0.0000000000000003
      20.9463557914097045      -0.5818888251896444      -0.0000000000000008       0.0000000000000000       0.0000000000000000      -0.0000000000000008      20.9462175965719126      -0.5818419652632205      -0.0000000000000008       0.0000000000000000       0.0000000000000000      -0.0000000000000008
      21.6001890225415067      -0.8823146427827948      -0.0000000000000021       0.0000000000000000       0.0000000000000000      -0.0000000000000019      21.6000332961977151      -0.8822555457053385      -0.0000000000000021       0.0000000000000000       0.0000000000000000      -0.0000000000000019
      22.2536569386739487      -1.2242174100706560      -0.0000000000000051       0.0000000000000000       0.0000000000000000      -0.0000000000000048      22.2534830123775507      -1.2241484235493569      -0.0000000000000051       0.0000000000000000       0.0000000000000000      -0.0000000000000048
      22.9068832668686220      -1.5919840914878796      -0.0000000000000136       0.0000000000000000       0.0000000000000000      -0.0000000000000127      22.9066904459281311      -1.5919072143353492      -0.0000000000000136       0.0000000000000000       0.0000000000000000      -0.0000000000000127
      23.5599792657131779      -1.9732842602231015      -0.0000000000000340       0.0000000000000000       0.0000000000000000      -0.0000000000000319      23.5597668284258219      -1.9732005659327010      -0.0000000000000340       0.0000000000000000       0.0000000000000000      -0.0000000000000319
      24.2130195494316141      -2.3622643439089375      -0.0000000000000827       0.0000000000000000       0.0000000000000000      -0.0000000000000774      24.2127867539283130      -2.3621744543335210      -0.0000000000000827       0.0000000000000000       0.0000000000000000      -0.0000000000000775
      24.8660515407987717      -2.7554542137748164      -0.0000000000001976       0.0000000000000000       0.0000000000000000      -0.0000000000001847      24.8657976280930200      -2.7553584204693293      -0.0000000000001975       0.0000000000000000       0.0000000000000000      -0.0000000000001850
      25.5191040840106140      -3.1509095584746021      -0.0000000000004662       0.0000000000000000       0.0000000000000000      -0.0000000000004354      25.5188282746510282      -3.1508079375007010      -0.0000000000004659       0.0000000000000000       0.0000000000000000      -0.0000000000004360
      26.1721747526967263      -3.5469664282354834      -0.0000000000009258       0.0000000000000000       0.0000000000000000      -0.0000000000008641      26.1718766448989975      -3.5468589508888173      -0.0000000000009252       0.0000000000000000       0.0000000000000000      -0.0000000000008652
      26.8253131479800153      -3.9443851673696053      -0.0000000000019821       0.0000000000000000       0.0000000000000000      -0.0000000000018486      26.8249915042418223      -3.9442717132359908      -0.0000000000019808       0.0000000000000000       0.0000000000000000      -0.0000000000018513
      27.4784992987045946      -4.3422398314508976      -0.0000000000043885       0.0000000000000000       0.0000000000000000      -0.0000000000040897      27.4781532764869034      -4.3421202116841613      -0.0000000000043854       0.0000000000000000       0.0000000000000000      -0.0000000000040959
      28.1317415489841274      -4.7402492242463543      -0.0000000000098222       0.0000000000000000       0.0000000000000000      -0.0000000000091458      28.1313702622962012      -4.7401232164633349      -0.0000000000098146       0.0000000000000000       0.0000000000000000      -0.0000000000091604
      28.7850417213054470      -5.1383288217878240      -0.0000000000219861       0.0000000000000000       0.0000000000000000      -0.0000000000204552      28.7846442587969626      -5.1381961845295381      -0.0000000000219680       0.0000000000000000       0.0000000000000000      -0.0000000000204897
      29.4384003738539626      -5.5364532632183474      -0.0000000000489870       0.0000000000000000       0.0000000000000000      -0.0000000000455389      29.4379757963485993      -5.5363137418301385      -0.0000000000489440       0.0000000000000000       0.0000000000000000      -0.0000000000456197
      30.0918176890790434      -5.9346149384991129      -0.0000000001084287       0.0000000000000000       0.0000000000000000      -0.0000000001007146      30.0913650274834374      -5.9344682669873698      -0.0000000001083274       0.0000000000000000       0.0000000000000000      -0.0000000001009023
      30.7452937297242492      -6.3328115487242611      -0.0000000002382310       0.0000000000000000       0.0000000000000000      -0.0000000002211023      30.7448119836594138      -6.3326574500980071      -0.0000000002379953       0.0000000000000000       0.0000000000000000      -0.0000000002215347
      31.3988285245076462      -6.7310423817169021      -0.0000000005194379       0.0000000000000000       0.0000000000000000      -0.0000000004816984      31.3983166610461879      -6.7308805679570138      -0.0000000005188948       0.0000000000000000       0.0000000000000000      -0.0000000004826856
      32.0524220878776305      -7.1293071972740485      -0.0000000011239299       0.0000000000000000       0.0000000000000000      -0.0000000010414227      32.0518790404320200      -7.1291373689726738      -0.0000000011226903       0.0000000000000000       0.0000000000000000      -0.0000000010436569
      32.7060744315674867      -7.5276058949522460      -0.0000000024134970       0.0000000000000000       0.0000000000000000      -0.0000000022344995      32.7054990985362650      -7.5274277407912242      -0.0000000024106940       0.0000000000000000       0.0000000000000000      -0.0000000022395122
      33.3597855680121498      -7.9259384163568969      -0.0000000051440565       0.0000000000000000       0.0000000000000000      -0.0000000047586558      33.3591768108033548      -7.9257516122426903      -0.0000000051377758       0.0000000000000000       0.0000000000000000      -0.0000000047698078
      34.0135722453641876      -8.3243162154965855      -0.0000000127315499       0.0000000000000000       0.0000000000000000      -0.0000000117653404      34.0129285408018802      -8.3241203045368835      -0.0000000127150130       0.0000000000000000       0.0000000000000000      -0.0000000117944606
      34.6674076442383878      -8.7227221696556843      -0.0000000285376411       0.0000000000000000       0.0000000000000000      -0.0000000263493257      34.6667279675493205      -8.7225168511684661      -0.0000000284987226       0.0000000000000000       0.0000000000000000      -0.0000000264174406
      35.3212978244543621      -9.1211589006738638      -0.0000000612339418       0.0000000000000000       0.0000000000000000      -0.0000000564923618      35.3205809929063292      -9.1209438347568117      -0.0000000611465793       0.0000000000000000       0.0000000000000000      -0.0000000566444505
      35.9752452061495447      -9.5196277365043187      -0.0000001284044956       0.0000000000000000       0.0000000000000000      -0.0000001183656315      35.9744899467576715      -9.5194025550918049      -0.0000001282131109       0.0000000000000000       0.0000000000000000      -0.0000001186971950
      36.6292507504313321      -9.9181293311284549      -0.0000002654680321       0.0000000000000000       0.0000000000000000      -0.0000002445137941      36.6284557250207143      -9.9178936431393918      -0.0000002650550096       0.0000000000000000       0.0000000000000000      -0.0000002452261258
      37.2833148406823298     -10.3166639902484025      -0.0000005433002011       0.0000000000000000       0.0000000000000000      -0.0000005000046991      37.2824786537829596     -10.3164173836352226      -0.0000005424184943       0.0000000000000000       0.0000000000000000      -0.0000005015190611
      37.9374376518111589     -10.7152318396806319      -0.0000011028181873       0.0000000000000000       0.0000000000000000      -0.0000010140956153      37.9365588541824508     -10.7149738811882838      -0.0000011009526623       0.0000000000000000       0.0000000000000000      -0.0000010172874862
      38.5916044622827812     -11.1138245398370845      -0.0000020454721563       0.0000000000000000       0.0000000000000000      -0.0000018796728794      38.5906819224698552     -11.1135548910808861      -0.0000020418981157       0.0000000000000000       0.0000000000000000      -0.0000018857707883
      39.2458535754587956     -11.5124626635178249      -0.0000040797201585       0.0000000000000000       0.0000000000000000      -0.0000037459977552      39.2448851221547130     -11.5121806926414223      -0.0000040723074760       0.0000000000000000       0.0000000000000000      -0.0000037586044526
      39.9001561381403889     -11.9111318308694898      -0.0000081063217302       0.0000000000000000       0.0000000000000000      -0.0000074370621585      39.8991402720791442     -11.9108370856954160      -0.0000080910039781       0.0000000000000000       0.0000000000000000      -0.0000074630335658
      40.5545153763464938     -12.3098328031955511      -0.0000160281044885       0.0000000000000000       0.0000000000000000      -0.0000146925180597      40.5534504436802763     -12.3095248110378783      -0.0000159966156934       0.0000000000000000       0.0000000000000000      -0.0000147457534955
      41.2089325436263678     -12.7085658810523210      -0.0000315198334405       0.0000000000000000       0.0000000000000000      -0.0000288690488886      41.2078167810793090     -12.7082441560227704      -0.0000314554787977       0.0000000000000000       0.0000000000000000      -0.0000289775484130
      41.8634080674170903     -13.1073311720116408      -0.0000616365520767       0.0000000000000000       0.0000000000000000      -0.0000564053829304      41.8622396214982757     -13.1069952139540895      -0.0000615058266671       0.0000000000000000       0.0000000000000000      -0.0000566251997404
      42.5179420056681181     -13.5061287044526317      -0.0001198436760541       0.0000000000000000       0.0000000000000000      -0.0001095799925319      42.5167189383802722     -13.5057779972461987      -0.0001195797619074       0.0000000000000000       0.0000000000000000      -0.0001100226420992
      43.1725341858134541     -13.9049585117140388      -0.0002316898294604       0.0000000000000000       0.0000000000000000      -0.0002116698430476      43.1712544723418361     -13.9045925256977156      -0.0002311603153288       0.0000000000000000       0.0000000000000000      -0.0002125557914061
      43.8271841557426924     -14.3038207537175150      -0.0004453544132196       0.0000000000000000       0.0000000000000000      -0.0004065355943316      43.8258456809034485     -14.3034389503112962      -0.0004442986114381       0.0000000000000000       0.0000000000000000      -0.0004082978834376
      44.4818910058579675     -14.7027159031115353      -0.0008511007805416       0.0000000000000000       0.0000000000000000      -0.0007762919071130      44.4804915610441398     -14.7023177399486258      -0.0008490090503978       0.0000000000000000       0.0000000000000000      -0.0007797752087816
      45.1366530137120918     -15.1016450979535772      -0.0016167818699335       0.0000000000000000       0.0000000000000000      -0.0014735587585100      45.1351902913951122     -15.1012300336221568      -0.0016126658800112       0.0000000000000000       0.0000000000000000      -0.0014803975761994
      45.7914669657388629     -15.5006107942788791      -0.0030516858690619       0.0000000000000000       0.0000000000000000      -0.0027795038587610      45.7899385548814379     -15.5001782889043138      -0.0030436482980629       0.0000000000000000       0.0000000000000000      -0.0027928300250344
      46.4463269858087102     -15.8996178160145316      -0.0057186922189737       0.0000000000000000       0.0000000000000000      -0.0052060553533301      46.4447303699745859     -15.8991673313215820      -0.0057031412929994       0.0000000000000000       0.0000000000000000      -0.0052317897906920
      47.1012225359687875     -16.2986751014770839      -0.0106236665385407       0.0000000000000000       0.0000000000000000      -0.0096694775156806      47.0995550926665700     -16.2982061105045375      -0.0105939433496201       0.0000000000000000       0.0000000000000000      -0.0097185943661018
      47.7561350923881776     -16.6977985885590776      -0.0195005911909817       0.0000000000000000       0.0000000000000000      -0.0177550677420244      47.7543940966572649     -16.6973105924127729      -0.0194447722609778       0.0000000000000000       0.0000000000000000      -0.0178472486983888
      48.4110335179840092     -17.0970157848555218      -0.0352431691418875       0.0000000000000000       0.0000000000000000      -0.0321273673118456      48.4092161563808716     -17.0965083180051103      -0.0351409870919195       0.0000000000000000       0.0000000000000000      -0.0322962396720194
      49.0658681985736607     -17.4963710303385511      -0.0622855606788682       0.0000000000000000       0.0000000000000000      -0.0569225178436377      49.0639715944566674     -17.4958436331242417      -0.0621054350775277       0.0000000000000000       0.0000000000000000      -0.0572210414360865
      49.7205679431213241     -17.8959290065522580      -0.1066565131457794       0.0000000000000000       0.0000000000000000      -0.0978886381844162      49.7185891815377516     -17.8953811441338431      -0.1063554305075525       0.0000000000000000       0.0000000000000000      -0.0983903379507023
      50.3750449810837395     -18.2957711512717367      -0.1751330128741129       0.0000000000000000       0.0000000000000000      -0.1617230905688332      50.3729811051850618     -18.2952020784388587      -0.1746630178553503       0.0000000000000000       0.0000000000000000      -0.1625125465429711
      51.0292128441824389     -18.6959805092526672      -0.2733219568984276       0.0000000000000000       0.0000000000000000      -0.2543254752811950      51.0270608017970204     -18.6953891214186427      -0.2726433045070495       0.0000000000000000       0.0000000000000000      -0.2554765639710824
      51.6830121627073211     -19.0966186517703278      -0.4035751521353385       0.0000000000000000       0.0000000000000000      -0.3786689605291710      51.6807687140499326     -19.0960034025126575      -0.4026687110433182       0.0000000000000000       0.0000000000000000      -0.3802221198129000
      52.3364293615011675     -19.4977073302834860      -0.5642230162936634       0.0000000000000000       0.0000000000000000      -0.5337536394984913      52.3340909872645383     -19.4970662795612739      -0.5630931982577770       0.0000000000000000       0.0000000000000000      -0.5357080639351089
      52.9894968290192239     -19.8992255498207484      -0.7505894060820693       0.0000000000000000       0.0000000000000000      -0.7153448374834045      52.9870596775423266     -19.8985565176250070      -0.7492571265954091       0.0000000000000000       0.0000000000000000      -0.7176687807089168
      53.6422774161597289     -20.3011210402738769      -0.9568301035156987       0.0000000000000000       0.0000000000000000      -0.9177349436562457      53.6397372906952299     -20.3004217783267507      -0.9553224379666421       0.0000000000000000       0.0000000000000000      -0.9203835234856349
      54.2947874779366231     -20.7033460609400244      -1.1777082165874870       0.0000000000000000       0.0000000000000000      -1.1356793760619155      54.2921863976027765     -20.7026255529219334      -1.1760712357003307       0.0000000000000000       0.0000000000000000      -1.1385708163545023
      54.9471342830827538     -21.1058392825170458      -1.4081604852273624       0.0000000000000000       0.0000000000000000      -1.3638599509702778      54.9444972626365740     -21.1051045055010817      -1.4064298841344531       0.0000000000000000       0.0000000000000000      -1.3669290711370603
      55.5994000214297728     -21.5085418622063962      -1.6451039467365547       0.0000000000000000       0.0000000000000000      -1.5990286922259651      55.5967367436378268     -21.5077963417166913      -1.6433058202983910       0.0000000000000000       0.0000000000000000      -1.6022273455677418
      56.2516279349313137     -21.9113997248376435      -1.8863450309204597       0.0000000000000000       0.0000000000000000      -1.8388486509025541      56.2489424367387940     -21.9106454790618272      -1.8844977251516104       0.0000000000000000       0.0000000000000000      -1.8421423489745599
      56.9038449799326003     -22.3143715947682537      -2.1303865697132891       0.0000000000000000       0.0000000000000000      -2.0817111883244976      56.9011390865854949     -22.3136096660750276      -2.1285027102082288       0.0000000000000000       0.0000000000000000      -2.0850761750086875
      57.5560719152364442     -22.7174294180064358      -2.3762356161598279       0.0000000000000000       0.0000000000000000      -2.3265424228309461      57.5533463866278794     -22.7166602403487339      -2.3743237031343307       0.0000000000000000       0.0000000000000000      -2.3299628729944772
      58.2083247781650357     -23.1205551374614053      -2.6232458869884656       0.0000000000000000       0.0000000000000000      -2.5726398513669038      58.2055798615686939     -23.1197789052116143      -2.6213114819871359       0.0000000000000000       0.0000000000000000      -2.5761054034621051
      58.8605964213702535     -23.5237090658895802      -2.8706279269306041       0.0000000000000000       0.0000000000000000      -2.8191423534984734      58.8578321364687298     -23.5229258729173942      -2.8686727745201162       0.0000000000000000       0.0000000000000000      -2.8226496377249273
      59.5129349261040659     -23.9269325151303143      -3.1188022441296686       0.0000000000000000       0.0000000000000000      -3.0665068302941072      59.5101513126162445     -23.9261426139274853      -3.1168300085819918       0.0000000000000000       0.0000000000000000      -3.0700486644092417
      60.1653184763658899     -24.3302077215588177      -3.3674025956726150       0.0000000000000000       0.0000000000000000      -3.3143336952331670      60.1625154314898793     -24.3294112738628634      -3.3654151759875881       0.0000000000000000       0.0000000000000000      -3.3179061370838219
      60.8177536359198214     -24.7335260315664591      -3.6162363794387935       0.0000000000000000       0.0000000000000000      -3.5624117154987829      60.8149311298038526     -24.7327231233824172      -3.6142347657874794       0.0000000000000000       0.0000000000000000      -3.5660126132822958
      61.4702424021178544     -25.1368829357338477      -3.8652026423252992       0.0000000000000000       0.0000000000000000      -3.8106296637882711      61.4674004481162299     -25.1360736292098110      -3.8631873508609416       0.0000000000000000       0.0000000000000000      -3.8142578234944335
      62.1227858295888353     -25.5402761375911069      -4.1142485730546827       0.0000000000000000       0.0000000000000000      -4.0589290967572467      62.1199244544487144     -25.5394604893647958      -4.1122198680616506       0.0000000000000000       0.0000000000000000      -4.0625838383097799
      62.7753846134980549     -25.9437045332567671      -4.3633466000330134       0.0000000000000000       0.0000000000000000      -4.3072793548430948      62.7725038227466641     -25.9428825867892492      -4.3613046077674795       0.0000000000000000       0.0000000000000000      -4.3109602939104077
      63.4280392283504284     -26.3471676321836199      -4.6124823517123890       0.0000000000000000       0.0000000000000000      -4.5556643702033632      63.4251389980510325     -26.3463394150327730      -4.6104271189739370       0.0000000000000000       0.0000000000000000      -4.5593713024902849
      64.0807499386540655     -26.7506652192959002      -4.8616483385165026       0.0000000000000000       0.0000000000000000      -4.8040757262683345      64.0778302344037911     -26.7498307509492648      -4.8595798674868984       0.0000000000000000       0.0000000000000000      -4.8078085501128625
      64.7335168558804526     -27.1541971886954947      -5.1108406496324887       0.0000000000000000       0.0000000000000000      -5.0525090146003944      64.7305776561885864     -27.1533564887600747      -5.1087589230731361       0.0000000000000000       0.0000000000000000      -5.0562676755570433
      65.3863399990975154     -27.5577634729588397      -5.3600572361609187       0.0000000000000000       0.0000000000000000      -5.3009619243371162      65.3833813012015383     -27.5569165631767703      -5.3579622333821462       0.0000000000000000       0.0000000000000000      -5.3047463836865782
      66.0392193578095146     -27.9613640231429770      -5.6092970205936918       0.0000000000000000       0.0000000000000000      -5.5494332399089581      66.0362411687356570     -27.9605109255090234      -5.6071887236027242       0.0000000000000000       0.0000000000000000      -5.5532434636025600
      66.6921549187312763     -28.3649988201617660      -5.8585594273590189       0.0000000000000000       0.0000000000000001      -5.7979223106080058      66.6891572453810682     -28.3641395537589993      -5.8564378213832242       0.0000000000000000       0.0000000000000001      -5.8017582693466716
      67.3451466812356898     -28.7686678532071269      -6.1078441525448834       0.0000000000000000       0.0000000000000001      -6.0464287895408653      67.3421295257287653     -28.7678024335289706      -6.1057092240985549       0.0000000000000000       0.0000000000000001      -6.0502904605376404
      67.9981946428071353     -29.1723711219266448      -6.3571510315567901       0.0000000000000000       0.0000000000000002      -6.2949524870277109      67.9951580031594034     -29.1714995620363702      -6.3550027669149323       0.0000000000000000       0.0000000000000002      -6.2988398536296026
      68.6512988062884943     -29.5761086276924630      -6.6064799775346170       0.0000000000000000       0.0000000000000003      -6.5434933022076596      68.6482426795134160     -29.5752309397680762      -6.6043183625174482       0.0000000000000000       0.0000000000000003      -6.5474063514989336
      69.3044591757226840     -29.9798803701748220      -6.8558309460233096       0.0000000000000000       0.0000000000000005      -6.7920511834639106      69.3013835598438419     -29.9789965666994931      -6.8536559662826502       0.0000000000000000       0.0000000000000005      -6.7959899036954647
      69.9576757519655388     -30.3836863515183069      -7.1052039129965996       0.0000000000000000       0.0000000000000008      -7.0406261033127819      69.9545806460152590     -30.3827964455878323      -7.1030155541892395       0.0000000000000000       0.0000000000000008      -7.0445904825619428
      70.6109485437222730     -30.7875265699834202      -7.3545988712193529       0.0000000000000000       0.0000000000000014      -7.2892180526647028      70.6078339469858065     -30.7866305756277256      -7.3523971185616457       0.0000000000000000       0.0000000000000014      -7.2932080783270212
      71.2642775563688389     -31.1914010160517030      -7.6040158256883252       0.0000000000000000       0.0000000000000022      -7.5378270350620431      71.2611434673265194     -31.1904989489019400      -7.6018006628662942       0.0000000000000000       0.0000000000000022      -7.5418426936528524
      71.9176627979097276     -31.5953096788509882      -7.8534547878259495       0.0000000000000000       0.0000000000000035      -7.7864530605629287      71.9145092138775226     -31.5944015567413636      -7.8512261960406828       0.0000000000000000       0.0000000000000035      -7.7904943375102622
      72.5711042748527575     -31.9992525521259097      -8.1029157687507851       0.0000000000000000       0.0000000000000056      -8.0350961392053577      72.5679311924151875     -31.9983383948766082      -8.1006737267016078       0.0000000000000000       0.0000000000000056      -8.0391630188058265
      73.2246019941784709     -32.4032296347101010      -8.3523987769285011       0.0000000000000000       0.0000000000000089      -8.2837562788361740      73.2214094098717254     -32.4023094633692068      -8.3501432615724838       0.0000000000000000       0.0000000000000089      -8.2878487443944966
      73.8781559624354713     -32.8072409318469198      -8.6019038161751613       0.0000000000000000       0.0000000000000141      -8.5324334831591599      73.8749438732618273     -32.8063147677139852      -8.5996348038832977       0.0000000000000000       0.0000000000000141      -8.5365515173140469
      74.5317661868599828     -33.2112864555637017      -8.8514308845549312       0.0000000000000000       0.0000000000000223      -8.7811277505241616      74.5285345906350898     -33.2103543191879993      -8.8491483523177781       0.0000000000000000       0.0000000000000223      -8.7852713357695631
      75.1854326736215057     -33.6153662248395619      -9.1009799738037707       0.0000000000000000       0.0000000000000351      -9.0298390730900575      75.1821815687393382     -33.6144281352781036      -9.0986839000693465       0.0000000000000000       0.0000000000000353      -9.0340081924174136
      75.8391554307835634     -34.0194802634026061      -9.3505510709048529       0.0000000000000001       0.0000000000000553      -9.2785674383853110      75.8358848163197052     -34.0185362377083464      -9.3482414362854112       0.0000000000000001       0.0000000000000555      -9.2827620757812195
      76.4929344664684123     -34.4236285986460331      -9.6001441596151427       0.0000000000000001       0.0000000000000868      -9.5273128308417476      76.4896443423495782     -34.4226786515022738      -9.5978209474340375       0.0000000000000001       0.0000000000000871      -9.5315329715957198
      77.1467697903455729     -34.8278112542825369      -9.8497592251568911       0.0000000000000002       0.0000000000001359      -9.7760752362956183      77.1434601571512246     -34.8268553983119133      -9.8474224213602319       0.0000000000000002       0.0000000000001364      -9.7803208670049457
      77.8006614084561647     -35.2320282522626940     -10.0993962527797851       0.0000000000000003       0.0000000000002122     -10.0248546404258168      77.7973322670178504     -35.2310664983246866     -10.0970458455903991       0.0000000000000003       0.0000000000002129     -10.0291257490207073
      78.4546093240207512     -35.6362796072221784     -10.3490552307283874       0.0000000000000004       0.0000000000003305     -10.2736510317022223      78.4512606752737724     -35.6353119647348109     -10.3466912102128390       0.0000000000000004       0.0000000000003316     -10.2779476073963902
      79.1086135346701411     -36.0405653259277514     -10.5987361500706534       0.0000000000000007       0.0000000000005134     -10.5224644010795263      79.1052453791598111     -36.0395918031476583     -10.5963585075601543       0.0000000000000007       0.0000000000005151     -10.5267864344569411
      79.7626740329162374     -36.4448854069829835     -10.8484390049242805       0.0000000000000010       0.0000000000007956     -10.7712947421012721      79.7592863702033981     -36.4439060111505100     -10.8460477323868485       0.0000000000000010       0.0000000000007982     -10.7756422254026134
      80.4167908092178578     -36.8492398429981094     -11.0981637924951979       0.0000000000000016       0.0000000000012296     -11.0201420508799401      80.4133836372792814     -36.8482545804217025     -11.0957588819003021       0.0000000000000016       0.0000000000012337     -11.0245149784002106
      81.0709638546210130     -37.2536286243414949     -11.3479105120033541       0.0000000000000024       0.0000000000018959     -11.2690063249834189      81.0675371692718869     -37.2526375003282126     -11.3454919547753050       0.0000000000000024       0.0000000000019021     -11.2734046936459098
      81.7251931642082070     -37.6580517427063768     -11.5976791650073157       0.0000000000000037       0.0000000000029159     -11.5178875635961280      81.7217469582118667     -37.6570547613183280     -11.5952469514446292       0.0000000000000037       0.0000000000029254     -11.5223113738165388
      82.3794787515490867     -38.0625091981118970     -11.8474697572759045       0.0000000000000056       0.0000000000044738     -11.7667857690664945      82.3760130132940134     -38.0615063619678651     -11.8450238756943342       0.0000000000000057       0.0000000000044885     -11.7712350259663623
      83.0338206523908156     -38.4670010074125912     -12.0972822980394081       0.0000000000000086       0.0000000000068478     -12.0157009453219228      83.0303353632514387     -38.4659923168828684     -12.0948227335052518       0.0000000000000087       0.0000000000068702     -12.0201756612206623
      83.6882189433785726     -38.8715272133529837     -12.3471168046885520       0.0000000000000131       0.0000000000104567     -12.2646331005193954      83.6847140718649882     -38.8705126648606836     -12.3446435364304321       0.0000000000000132       0.0000000000104910     -12.2691333001745342
      84.3426737972592804     -39.2760879102765159     -12.5969733172337985       0.0000000000000198       0.0000000000159303     -12.5135822562662078      84.3391492852265685     -39.2750674927743972     -12.5944863123402548       0.0000000000000201       0.0000000000159825     -12.5181079887927496
      84.9971856716787784     -39.6806833414608136     -12.8468519421094438       0.0000000000000300       0.0000000000242128     -12.7625484743714814      84.9936413935548529     -39.6796570266196298     -12.8443511371701913       0.0000000000000304       0.0000000000242922     -12.7670998469723216
      85.6517571942357989     -40.0853148831151955     -13.0967532562182427       0.0000000000000454       0.0000000000367172     -13.0115321179903489      85.6481926850645578     -40.0842825606271731     -13.0942384390715603       0.0000000000000460       0.0000000000368375     -13.0161095130846132
      86.3063937578667151     -40.4899851411134648     -13.3466784104684919       0.0000000000000684       0.0000000000555524     -13.2605338409815623      86.3028077115607033     -40.4889465057260125     -13.3441490218934486       0.0000000000000693       0.0000000000557346     -13.2651382817954833
      86.9610934818400523     -40.8946936237752539     -13.5966277690503468       0.0000000000001030       0.0000000000838604     -13.5095536433822510      86.9574842498812615     -40.8936482509404158     -13.5940829941356576       0.0000000000001043       0.0000000000841357     -13.5141866288954766
      87.6158490512055437     -41.2994369175680376     -13.8466006142664266       0.0000000000001546       0.0000000001263113     -13.7585909508317155      87.6122157177848067     -41.2983844929591797     -13.8440397363317373       0.0000000000001565       0.0000000001267264     -13.7632538022811328
      88.2706603369320106     -41.7042141030211866     -14.0965964727991651       0.0000000000002316       0.0000000001898326     -14.0076456373650426      88.2670026272602115     -41.7031544745725995     -14.0940190181096092       0.0000000000002345       0.0000000001904571     -14.0123392264626361
      88.9255298883188061     -42.1090263222316992     -14.3466152398343940       0.0000000000003463       0.0000000002846777     -14.2567178339418970      88.9218476455352658     -42.1079594079838415     -14.3440209046364480       0.0000000000003506       0.0000000002856156     -14.2614427270340869
      89.5804579209219156     -42.5138742995009622     -14.5966567217712271       0.0000000000005167       0.0000000004259923     -14.5058074688367338      89.5767509699046514     -42.5128000279135421     -14.5940452954008251       0.0000000000005232       0.0000000004273977     -14.5105640795127400
      90.2354432970898728     -42.9187578895019399     -14.8467205963395656       0.0000000000007695       0.0000000006361014     -14.7549143112046988      90.2317115136816739     -42.9176762088506436     -14.8440919311544199       0.0000000000007790       0.0000000006382030     -14.7597029336011065
      90.8904848398806848     -43.3236765117904525     -15.0968066055771182       0.0000000000011434       0.0000000009478458     -15.0040381938578253      90.8867281941258511     -43.3225874134836744     -15.0941606048572705       0.0000000000011577       0.0000000009509820     -15.0088589919964246
      91.5455818495447744     -43.7286296691450360     -15.3469146421067428       0.0000000000016958       0.0000000014094371     -15.2531790808470404      91.5418003674731295     -43.7275331759982251     -15.3442512483909521       0.0000000000017170       0.0000000014141073     -15.2580321147721047
      92.2007337918730201     -44.1336171195419382     -15.5970446784848349       0.0000000000025100       0.0000000020915097     -15.5023369826157911      92.1969275017664955     -44.1325132532714122     -15.5943638627587831       0.0000000000025414       0.0000000020984502     -15.5072222644010012
      92.8559398881476596     -44.5386388148128844     -15.8471966885292268       0.0000000000037079       0.0000000030973454     -15.7515118840957573      92.8521088013456648     -44.5375275785603861     -15.8444984397906072       0.0000000000037544       0.0000000031076386     -15.7564294212836877
      93.5111989383221243     -44.9436948179119895     -16.0973706384168871       0.0000000000054669       0.0000000045776662     -16.0007037486316150      93.5073430496941427     -44.9425762016221952     -16.0946549510675183       0.0000000000055355       0.0000000045929008     -16.0056535596939717
      94.1665088714783280     -45.3487851777314788     -16.3475664893728130       0.0000000000080450       0.0000000067519983     -16.2499125338739887      94.1626281767595970     -45.3476591729351100     -16.3448333547041358       0.0000000000081460       0.0000000067745016     -16.2548946412720063
      94.8218662935002641     -45.7539098971451992     -16.5977842019531785       0.0000000000118163       0.0000000099394669     -16.4991382008341141      94.8179608032668142     -45.7527765044582821     -16.5950336063045185       0.0000000000119649       0.0000000099726407     -16.5041526211745371
      95.4772656874562387     -46.1590689224425077     -16.8480237256159562       0.0000000000173229       0.0000000146031009     -16.7483807013006363      95.4733354329594164     -46.1579281489041691     -16.8452556524202279       0.0000000000175410       0.0000000146519087     -16.7534274438329334
      96.1326981983519460     -46.5642621559894749     -17.0982849813340820       0.0000000000253484       0.0000000214134572     -16.9976399557969309      96.1287432326736564     -46.5631140084233550     -17.0954994120754300       0.0000000000256680       0.0000000214851268     -17.0027190293217423
      96.7881496729271191     -46.9694894520957575     -17.3485678406715600       0.0000000000370237       0.0000000313398195     -17.2469158292714866      96.7841700756238055     -46.9683339331483580     -17.3457647517024931       0.0000000000374911       0.0000000314448565     -17.2520272518819944
      97.4435975584557355     -47.3747505930484962     -17.5988720997223744       0.0000000000539780       0.0000000457806832     -17.4962081029848164      97.4395934485989699     -47.3735877014044249     -17.5960514543760986       0.0000000000546603       0.0000000459343283     -17.5013519114654130
      98.0990060610283336     -47.7800452703933374     -17.8491974456989411       0.0000000000785541       0.0000000667500988     -17.7455164374762191      98.0949776194246965     -47.7788750037029288     -17.8463591802817874       0.0000000000795483       0.0000000669744213     -17.7506926982118216
      98.1551590644126293     -47.8147840290612436     -17.8706533566554278       0.0000000000810004       0.0000000688383656     -17.7668848999615960      98.1511285961940132     -47.8136131292600410     -17.8678135756691461       0.0000000000820256       0.0000000690697293     -17.7720639488141927
