       0.0000000000093995       0.0000000000000000       0.0066960596322927
       0.0000000663893956       0.0000000000000000       0.0233929762565409
       0.0000001327740836       0.0000000000000000       0.0409377043575819
       0.0000002323511010       0.0000000000000000       0.0672547899331710
       0.0000003817165943       0.0000000000000000       0.1067304035006600
       0.0000006057647602       0.0000000000000000       0.1659437905615635
       0.0000009418368426       0.0000000000000000       0.2547637962501605
       0.0000014459446125       0.0000000000000000       0.3879936274801973
       0.0000022021054306       0.0000000000000000       0.5878379838315396
       0.0000033363447950       0.0000000000000000       0.8876036397404620
       0.0000050376996508       0.0000000000000000       1.3372501466901507
       0.0000075897225052       0.0000000000000000       2.0117154589809236
       0.0000114177355720       0.0000000000000000       3.0234034188513323
       0.0000171597074416       0.0000000000000000       4.5409128384863866
       0.0000257725578620       0.0000000000000000       6.8171262945068012
       0.0000386907234743       0.0000000000000000       9.1562033945080437
       0.0000519656660116       0.0000000000000000      11.4952152019208391
       0.0000652402965778       0.0000000000000000      13.8341618107641668
       0.0000785146154497       0.0000000000000000      16.1730432048332418
       0.0000917886226410       0.0000000000000000      18.5118593677484249
       0.0001050623181655       0.0000000000000000      20.8506102829426787
       0.0001183357020373       0.0000000000000000      23.1892959336378190
       0.0001316087742705       0.0000000000000000      25.5279163028331126
       0.0001448815348791       0.0000000000000000      27.8664713733052771
       0.0001581539838772       0.0000000000000000      30.2049611276093479
       0.0001714261212789       0.0000000000000000      32.5433855480760954
       0.0001846979470984       0.0000000000000000      34.8817446168075449
       0.0001979694613499       0.0000000000000000      37.2200383156722481
       0.0002112406640475       0.0000000000000000      39.5582666263014318
       0.0002245115552056       0.0000000000000000      41.8964295300849301
       0.0002377821348384       0.0000000000000000      44.2345270081673689
       0.0002510524029602       0.0000000000000000      46.5725590414436539
       0.0002643223595855       0.0000000000000000      48.9105256105556521
       0.0002775920047285       0.0000000000000000      51.2484266958862378
       0.0002908613384037       0.0000000000000000      53.5862622775566138
       0.0003041303606257       0.0000000000000000      55.9240323354200157
       0.0003173990714088       0.0000000000000000      58.2617368490585648
       0.0003306674707677       0.0000000000000000      60.5993757977770855
       0.0003439355587169       0.0000000000000000      62.9369491605995890
       0.0003572033352712       0.0000000000000000      65.2744569162637873
       0.0003704708004450       0.0000000000000000      67.6118990432148763
       0.0003837379542532       0.0000000000000000      69.9492755196023239
       0.0003970047967106       0.0000000000000000      72.2865863232726440
       0.0004102713278319       0.0000000000000000      74.6238314317665186
       0.0004235375476319       0.0000000000000000      76.9610108223086797
       0.0004368034561256       0.0000000000000000      79.2981244718075402
       0.0004500690533279       0.0000000000000000      81.6351723568453735
       0.0004633343392538       0.0000000000000000      83.9721544536742925
       0.0004765993139183       0.0000000000000000      86.3090707382099538
       0.0004898639773366       0.0000000000000000      88.6459211860236849
       0.0005031283295237       0.0000000000000000      90.9827057723385479
       0.0005163923704948       0.0000000000000000      93.3194244720208843
       0.0005296561002653       0.0000000000000000      95.6560772595744027
       0.0005429195188503       0.0000000000000000      97.9926641091330453
       0.0005561826262653       0.0000000000000000     100.3291849944535841
       0.0005694454225257       0.0000000000000000     102.6656398889090411
       0.0005827079076469       0.0000000000000001     105.0020287654797499
       0.0005959700816444       0.0000000000000001     107.3383515967463637
       0.0006092319445338       0.0000000000000004     109.6746083548792967
       0.0006224934963309       0.0000000000000009     112.0107990116286345
       0.0006357547370513       0.0000000000000023     114.3469235383088147
       0.0006490156667108       0.0000000000000052     116.6829819057767708
       0.0006622762853254       0.0000000000000113     119.0189740844032400
       0.0006755365929112       0.0000000000000239     121.3549000440308276
       0.0006887965894845       0.0000000000000487     123.6907597538985613
       0.0007020562750616       0.0000000000000957     126.0265531825612584
       0.0007153156496596       0.0000000000001811     128.3622802977603783
       0.0007285747132955       0.0000000000003304     130.6979410662880241
       0.0007418334659867       0.0000000000005808     133.0335354538588319
       0.0007550919077511       0.0000000000009826     135.3690634250557991
       0.0007683500386061       0.0000000000015979     137.7045249434436300
       0.0007816078585684       0.0000000000024940     140.0399199719356602
       0.0007948653676535       0.0000000000037316     142.3752484734242785
       0.0008081225658756       0.0000000000053492     144.7105104115368022
       0.0008213794532472       0.0000000000073511     147.0457057512120400
       0.0008346360297812       0.0000000000097015     149.3808344588267403
       0.0008478922954908       0.0000000000123309     151.7158965017964931
       0.0008611482503912       0.0000000000151478     154.0508918478306271
       0.0008744038944992       0.0000000000180542     156.3858204641424834
       0.0008876592278330       0.0000000000209567     158.7206823168290555
       0.0009009142504106       0.0000000000237750     161.0554773708853986
       0.0009141689622533       0.0000000000264458     163.3902055888727318
       0.0009274233633795       0.0000000000289208     165.7248669322090109
       0.0009406774538084       0.0000000000311676     168.0594613608060968
       0.0009539312335591       0.0000000000331667     170.3939888331863983
       0.0009671847026506       0.0000000000349106     172.7284493065990887
       0.0009804378611018       0.0000000000364012     175.0628427371189275
       0.0009936907089313       0.0000000000376486     177.3971690797362157
       0.0010069432461578       0.0000000000386691     179.7314282884351826
       0.0010201954728000       0.0000000000394840     182.0656203162521365
       0.0010334473888762       0.0000000000401178     184.3997451153437623
       0.0010466989944052       0.0000000000405972     186.7338026370337616
       0.0010599502894053       0.0000000000409489     189.0677928318643524
       0.0010732012738952       0.0000000000411986     191.4017156496312566
       0.0010864519478933       0.0000000000413700     193.7355710394051016
       0.0010997023114184       0.0000000000414833     196.0693589495355980
       0.0011129523644892       0.0000000000415554     198.4030793276391194
       0.0011262021071246       0.0000000000415994     200.7367321205657049
       0.0011394515393438       0.0000000000416252     203.0703172743507139
       0.0011527006611660       0.0000000000416397     205.4038347341740405
       0.0011659494726110       0.0000000000416475     207.7372844442933797
       0.0011791979736983       0.0000000000416515     210.0706663480005147
       0.0011924461644480       0.0000000000416534     212.4039803875640757
       0.0012056940448802       0.0000000000416543     214.7372265041999810
       0.0012189416150153       0.0000000000416547     217.0704046380129739
       0.0012321888748739       0.0000000000416549     219.4035147279765283
       0.0012454358244767       0.0000000000416550     221.7365567118933427
       0.0012586824638446       0.0000000000416550     224.0695305263620014
       0.0012719287929988       0.0000000000416550     226.4024361067430391
       0.0012851748119605       0.0000000000416550     228.7352733871295527
       0.0012984205207514       0.0000000000416550     231.0680423003156250
       0.0013116659193930       0.0000000000416550     233.4007427777552550
       0.0013249110079075       0.0000000000416550     235.7333747495311229
       0.0013381557863168       0.0000000000416550     238.0659381443182951
       0.0013514002546434       0.0000000000416550     240.3984328893463669
       0.0013646444129099       0.0000000000416550     242.7308589103589043
       0.0013778882611391       0.0000000000416550     245.0632161315752171
       0.0013911317993540       0.0000000000416550     247.3955044756454811
       0.0014043750275780       0.0000000000416550     249.7277238636117715
       0.0014176179458347       0.0000000000416550     252.0598742148632141
       0.0014308605541479       0.0000000000416550     254.3919554470868718
       0.0014441028525417       0.0000000000416550     256.7239674762203663
       0.0014573448410405       0.0000000000416550     259.0559102164083356
       0.0014705865196689       0.0000000000416550     261.3877835799413560
       0.0014838278884519       0.0000000000416550     263.7195874772154980
       0.0014970689474148       0.0000000000416550     266.0513218166684624
       0.0015103096965830       0.0000000000416550     268.3829865047243857
       0.0015235501359826       0.0000000000416550     270.7145814457417714
       0.0015367902656396       0.0000000000416550     273.0461065419438569
       0.0015500300855808       0.0000000000416550     275.3775616933618267
       0.0015632695958329       0.0000000000416550     277.7089467977669415
       0.0015765087964232       0.0000000000416550     280.0402617506067600
       0.0015897476873794       0.0000000000416550     282.3715064449278316
       0.0016029862687295       0.0000000000416550     284.7026807713149310
       0.0016162245405018       0.0000000000416550     287.0337846178019277
       0.0016294625027253       0.0000000000416550     289.3648178698031188
       0.0016427001554290       0.0000000000416550     291.6957804100297835
       0.0016559374986428       0.0000000000416550     294.0266721184073049
       0.0016691745323967       0.0000000000416550     296.3574928719834247
       0.0016824112567213       0.0000000000416550     298.6882425448436607
       0.0016956476716476       0.0000000000416550     301.0189210080122280
       0.0017088837772072       0.0000000000416550     303.3495281293547805
       0.0017221195734321       0.0000000000416550     305.6800637734845623
       0.0017353550603550       0.0000000000416550     308.0105278016388297
       0.0017485902380088       0.0000000000416550     310.3409200715937573
       0.0017618242350054       0.0000000000416550     312.6715885917985247
       0.0017750585989568       0.0000000000416550     315.0022587229105397
       0.0017882928089952       0.0000000000416550     317.3328668617268136
       0.0018015267092026       0.0000000000416550     319.6634129646928386
       0.0018147602994379       0.0000000000416550     321.9938970131620977
       0.0018279935795905       0.0000000000416550     324.3243190093896260
       0.0018412265496721       0.0000000000416550     326.6546789556610406
       0.0018544592096944       0.0000000000416550     328.9849768542353559
       0.0018676915596693       0.0000000000416550     331.3152127073735187
       0.0018809235996084       0.0000000000416550     333.6453865173320992
       0.0018941553295234       0.0000000000416550     335.9754982863696569
       0.0019073867494261       0.0000000000416550     338.3055480167448650
       0.0019206178593282       0.0000000000416550     340.6355357107154305
       0.0019338486592414       0.0000000000416550     342.9654613705373549
       0.0019470791491774       0.0000000000416550     345.2953249984707327
       0.0019603093291479       0.0000000000416550     347.6251265967697464
       0.0019735391991647       0.0000000000416550     349.9548661676962524
       0.0019867687592394       0.0000000000416550     352.2845437135047746
       0.0019999980093838       0.0000000000416550     354.6141592364509734
       0.0020132269496096       0.0000000000416550     356.9437127387957958
       0.0020264555799286       0.0000000000416550     359.2732042227926286
       0.0020396839003523       0.0000000000416550     361.6026336907006566
       0.0020529119108925       0.0000000000416550     363.9320011447748584
       0.0020661396115610       0.0000000000416550     366.2613065872698712
       0.0020793670023694       0.0000000000416550     368.5905500204463578
       0.0020925940833294       0.0000000000416550     370.9197314465564546
       0.0021058208544528       0.0000000000416550     373.2488508678583798
       0.0021190473157513       0.0000000000416550     375.5779082866055205
       0.0021322734672366       0.0000000000416550     377.9069037050579141
       0.0021454993089203       0.0000000000416550     380.2358371254688336
       0.0021587248408142       0.0000000000416550     382.5647085500901312
       0.0021719500629299       0.0000000000416550     384.8935179811821854
       0.0021851749752793       0.0000000000416550     387.2222654209979851
       0.0021983995778739       0.0000000000416550     389.5509508717927361
       0.0022116238707256       0.0000000000416550     391.8795743358219283
       0.0022248478538459       0.0000000000416550     394.2081358153388351
       0.0022380715272467       0.0000000000416550     396.5366353125977525
       0.0022512948909395       0.0000000000416550     398.8650728298567856
       0.0022645179449361       0.0000000000416550     401.1934483693676725
       0.0022777406892482       0.0000000000416550     403.5217619333803327
       0.0022909631238875       0.0000000000416550     405.8500135241582143
       0.0023041852488657       0.0000000000416550     408.1782031439470870
       0.0023174070641944       0.0000000000416550     410.5063307950028957
       0.0023306285698855       0.0000000000416550     412.8343964795805050
       0.0023438497659505       0.0000000000416550     415.1624001999331313
       0.0023570706524011       0.0000000000416550     417.4903419583151276
       0.0023702912292492       0.0000000000416550     419.8182217569780050
       0.0023835114965062       0.0000000000416550     422.1460395981749230
       0.0023967314541841       0.0000000000416550     424.4737954841583019
       0.0024099511022943       0.0000000000416550     426.8014894171820401
       0.0024231704408487       0.0000000000416550     429.1291213994959435
       0.0024363894698589       0.0000000000416550     431.4566914333578893
       0.0024496081893366       0.0000000000416550     433.7841995210154096
       0.0024628265992935       0.0000000000416550     436.1116456647252448
       0.0024760446997413       0.0000000000416550     438.4390298667334491
       0.0024892624906917       0.0000000000416550     440.7663521292970472
       0.0025024799721563       0.0000000000416550     443.0936124546661858
       0.0025156971441468       0.0000000000416550     445.4208108450909549
       0.0025289140066750       0.0000000000416550     447.7479473028258781
       0.0025421305597524       0.0000000000416550     450.0750218301203063
       0.0025553468033909       0.0000000000416550     452.4020344292250115
       0.0025685627376020       0.0000000000416550     454.7289851023925280
       0.0025817783623976       0.0000000000416550     457.0558738518730593
       0.0025949936777891       0.0000000000416550     459.3827006799180026
       0.0026082086837883       0.0000000000416550     461.7094655887777890
       0.0026214233804070       0.0000000000416550     464.0361685807013146
       0.0026346377676567       0.0000000000416550     466.3628096579418525
       0.0026478495141216       0.0000000000416550     466.5622171287884612
