       0.0000000000071666       0.0000000000000000       0.0000005188022540
       0.0000001327554055       0.0000000000000000       0.0096109970848375
       0.0000002323231217       0.0000000000000000       0.0168192292639321
       0.0000003816746417       0.0000000000000000       0.0276315984691405
       0.0000006057020081       0.0000000000000000       0.0438501847789849
       0.0000009417432749       0.0000000000000000       0.0681781200288768
       0.0000014458055775       0.0000000000000000       0.1046701351204243
       0.0000022018998852       0.0000000000000000       0.1594084129639448
       0.0000033360432128       0.0000000000000000       0.2415164077616883
       0.0000050372623971       0.0000000000000000       0.3646797050769361
       0.0000075891006250       0.0000000000000000       0.5494275900688625
       0.0000114168792527       0.0000000000000000       0.8265560303135927
       0.0000171585950968       0.0000000000000000       1.2422635673409719
       0.0000257712766336       0.0000000000000000       1.8658583412051610
       0.0000386905413748       0.0000000000000000       2.8013257956699977
       0.0000519675719372       0.0000000000000000       3.7627495330540066
       0.0000652449398051       0.0000000000000000       4.7242686949246018
       0.0000785226195512       0.0000000000000000       5.6858832529265166
       0.0000918006111835       0.0000000000000000       6.6475931771930057
       0.0001050789146410       0.0000000000000000       7.6093984434465289
       0.0001183575298736       0.0000000000000000       8.5712990316739450
       0.0001316364568599       0.0000000000000000       9.5332949230627726
       0.0001449156955980       0.0000000000000000      10.4953860980883213
       0.0001581952460911       0.0000000000000000      11.4575725359065785
       0.0001714751083404       0.0000000000000000      12.4198542146097370
       0.0001847552823436       0.0000000000000000      13.3822311115857886
       0.0001980357680955       0.0000000000000000      14.3447032037201812
       0.0002113165655901       0.0000000000000000      15.3072704674780962
       0.0002245976748219       0.0000000000000000      16.2699328788342505
       0.0002378790957856       0.0000000000000000      17.2326904131913992
       0.0002511608284763       0.0000000000000000      18.1955430453586757
       0.0002644428728891       0.0000000000000000      19.1584907495037697
       0.0002777252290189       0.0000000000000000      20.1215334991511128
       0.0002910078968602       0.0000000000000000      21.0846712671787309
       0.0003042908764077       0.0000000000000000      22.0479040258023815
       0.0003175741676555       0.0000000000000000      23.0112317465708252
       0.0003308577705979       0.0000000000000000      23.9746544003219348
       0.0003441416852290       0.0000000000000000      24.9381719571909954
       0.0003574259115427       0.0000000000000000      25.9017843865797310
       0.0003707104495328       0.0000000000000000      26.8654916571190263
       0.0003839952991929       0.0000000000000000      27.8292937366821711
       0.0003972804605166       0.0000000000000000      28.7931905923467006
       0.0004105659334970       0.0000000000000000      29.7571821903501501
       0.0004238517181274       0.0000000000000000      30.7212684961262852
       0.0004371378144006       0.0000000000000000      31.6854494742100137
       0.0004504242223096       0.0000000000000000      32.6497250882830556
       0.0004637109418468       0.0000000000000000      33.6140953010838430
       0.0004769979730048       0.0000000000000000      34.5785600744448871
       0.0004902853157757       0.0000000000000000      35.5431193692029694
       0.0005035729701514       0.0000000000000003      36.5077731452146423
       0.0005168609361239       0.0000000000000022      37.4725213612165433
       0.0005301492136846       0.0000000000000146      38.4373639743407338
       0.0005434378028249       0.0000000000000944      39.4023009371524751
       0.0005567267035361       0.0000000000005842      40.3673321802064820
       0.0005700159158095       0.0000000000034632      41.3324575133171024
       0.0005833054396390       0.0000000000197098      42.2976760875797453
       0.0005965952750309       0.0000000001078512      43.2629835786554651
       0.0006098854220506       0.0000000005674466      44.2283580549858470
       0.0006231758809968       0.0000000028529413      45.1936933256681286
       0.0006364666527875       0.0000000132904596      46.1585266314276055
       0.0006497577383643       0.0000000521119924      47.1213772473798898
       0.0006630491358759       0.0000001504537871      48.0799708057224464
       0.0006763408417608       0.0000003153810759      49.0337857592805406
       0.0006896328562296       0.0000005254662176      49.9843824662527894
       0.0007029251817189       0.0000007584060426      50.9334072149147303
       0.0007162178193475       0.0000010015166587      51.8817665650025930
       0.0007295107691156       0.0000012487721818      52.8299227142795189
       0.0007428040306894       0.0000014978058581      53.7780404661992435
       0.0007560976037630       0.0000017475836326      54.7262201638355137
       0.0007693914883428       0.0000019978880394      55.6744242277732440
       0.0007826856841626       0.0000022481993001      56.6227184221882993
       0.0007959801913392       0.0000024985332548      57.5711003972430433
       0.0008092750098775       0.0000027488888930      58.5195702486917781
       0.0008225701397483       0.0000029992662893      59.4681278888786551
       0.0008358655809396       0.0000032496654372      60.4167728017110690
       0.0008491613334196       0.0000035000825914      61.3655056028870334
       0.0008624573971813       0.0000037505199522      62.3143260655942157
       0.0008757537721982       0.0000040009784295      63.2632343634239973
       0.0008890504584540       0.0000042514610143      64.2122298100976252
       0.0009023474559273       0.0000045019659545      65.1613124849554168
       0.0009156447645999       0.0000047524927336      66.1104823274605167
       0.0009289423844458       0.0000050030412326      67.0597389368078041
       0.0009422403154507       0.0000052536090220      68.0090825841497235
       0.0009555385575892       0.0000055041974237      68.9585128375228607
       0.0009688371108390       0.0000057548068358      69.9080289079540051
       0.0009821359751783       0.0000060054370698      70.8576289249019311
       0.0009954351505887       0.0000062560871381      71.8073081115206264
       0.0010087346370601       0.0000065067542793      72.7570541954782186
       0.0010220344345886       0.0000067574314493      73.7068364785476575
       0.0010353345431497       0.0000070081019118      74.6565831103916651
       0.0010486349626370       0.0000072587305199      75.6061509293922569
       0.0010619356928910       0.0000075092599578      76.5553159181545197
       0.0010752367338254       0.0000077596271127      77.5038733448505184
       0.0010885380854982       0.0000080097985924      78.4517766821227696
       0.0011018397480070       0.0000082597860242      79.3991681163922038
       0.0011151417213979       0.0000085096321426      80.3462356990711015
       0.0011284440056515       0.0000087593859313      81.2931339878150254
       0.0011417466007013       0.0000090090872887      82.2399845427327705
       0.0011550495064489       0.0000092587655239      83.1868445389696376
       0.0011683527228205       0.0000095084390258      84.1337477086721464
       0.0011816562497537       0.0000097581188768      85.0807128188074984
       0.0011949600872095       0.0000100078111066      86.0277565577699050
       0.0012082642351149       0.0000102575246252      86.9748698001340728
       0.0012215686934349       0.0000105072563625      87.9220623111888813
       0.0012348734621117       0.0000107570084004      88.8693364186934787
       0.0012481785411362       0.0000110067810196      89.8166927547769660
       0.0012614839304008       0.0000112565743546      90.7641313422526252
       0.0012747896298589       0.0000115063884171      91.7116520249900731
       0.0012880956394397       0.0000117562231565      92.6592545922879651
       0.0013014019590760       0.0000120060785622      93.6069388014952750
       0.0013147085886857       0.0000122559545696      94.5547043999944776
       0.0013280155282131       0.0000125058511076      95.5025511208547613
       0.0013413227775590       0.0000127557681595      96.4504786679894437
       0.0013546303366373       0.0000130057054673      97.3984862672273835
       0.0013679382053602       0.0000132556597164      98.3465744213372091
       0.0013812463836314       0.0000135056331115      99.2947426403833191
       0.0013945548713453       0.0000137556264615     100.2429905195691475
       0.0014078636683875       0.0000140056401603     101.1913176715468126
       0.0014211727746363       0.0000142556744141     102.1397237199125669
       0.0014344821899525       0.0000145057296943     103.0882083982737782
       0.0014477919141579       0.0000147558077906     104.0367711273655260
       0.0014611019470042       0.0000150059115701     104.9854109377130982
       0.0014744122881487       0.0000152560435740     105.9341276393203657
       0.0014877229372399       0.0000155062125760     106.8829202612590734
       0.0015010338941712       0.0000157564277992     107.8317878277546242
       0.0015143451590422       0.0000160066988146     108.7807293448848611
       0.0015276567318455       0.0000162570393954     109.7297436164729589
       0.0015409686123109       0.0000165074735747     110.6788289243816763
       0.0015542808000275       0.0000167580439357     111.6279826361745080
       0.0015675932945344       0.0000170088261515     112.5772005223525127
       0.0015809060954716       0.0000172599536385     113.5264755594682100
       0.0015942192027234       0.0000175116612427     114.4757958899722468
       0.0016075326162605       0.0000177643673659     115.4251409560451691
       0.0016208463358232       0.0000180188139628     116.3744748691766659
       0.0016341603609439       0.0000182762800558     117.3237366261657399
       0.0016474746911017       0.0000185388693260     118.2728258921794264
       0.0016607893257216       0.0000188097959430     119.2215903105749959
       0.0016741042644656       0.0000190934353587     120.1698231207586929
       0.0016874195070951       0.0000193947607541     121.1172899859194985
       0.0017007350533873       0.0000197180050319     122.0637916803723755
       0.0017140509028903       0.0000200651260170     123.0092353301079413
       0.0017273670547602       0.0000204351439235     123.9536649443730738
       0.0017406835078198       0.0000208247798461     124.8972320257397826
       0.0017540002607201       0.0000212297696818     125.8401342903937206
       0.0017673208692550       0.0000216458390952     126.7832136126089182
       0.0017806392021300       0.0000220696063423     127.7261528523000749
       0.0017939571778681       0.0000224986666089     128.6689415662011697
       0.0018072754108563       0.0000229312831559     129.6116554821317663
       0.0018205939284502       0.0000233662555531     130.5543483149343160
       0.0018339127553782       0.0000238027787122     131.4970575888033864
       0.0018472319022683       0.0000242403222512     132.4398097631824953
       0.0018605513685706       0.0000246785477659     133.3826333133753224
       0.0018738711498270       0.0000251173253830     134.3255155710110671
       0.0018871912424820       0.0000255564244068     135.2684703316973014
       0.0019005116451558       0.0000259957197458     136.2115048308162386
       0.0019138323581821       0.0000264351424989     137.1546230133334063
       0.0019271533824331       0.0000268746547724     138.0978270658496569
       0.0019404747185509       0.0000273142357622     139.0411182137711137
       0.0019537963667141       0.0000277538740096     139.9844971564560296
       0.0019671183268213       0.0000281935631649     140.9279642943896533
       0.0019804405987008       0.0000286332996450     141.8715198490009755
       0.0019937631822242       0.0000290730812453     142.8151639480876725
       0.0020070860773701       0.0000295129063958     143.7588966780854491
       0.0020204092841733       0.0000299527738657     144.7027181028711880
       0.0020337328026779       0.0000303926826468     145.6466282780610868
       0.0020470566329139       0.0000308326320090     146.5906272507411643
       0.0020603807749122       0.0000312726215828     147.5347150354490111
       0.0020737052286692       0.0000317126512580     148.4788916485676395
       0.0020870299942010       0.0000321527212955     149.4231570823087623
       0.0021003550715099       0.0000325928322060     150.3675113224217910
       0.0021136804606141       0.0000330329846436     151.3119543404051228
       0.0021270061615159       0.0000334731791903     152.2564861159783050
       0.0021403321742149       0.0000339134162565     153.2011066354624518
       0.0021536584986982       0.0000343536959655     154.1458158995314989
       0.0021669851349565       0.0000347940181419     155.0906139152299374
       0.0021803120829623       0.0000352343823153     156.0355007042498130
       0.0021936393426966       0.0000356747878772     156.9804762885842706
       0.0022069669141359       0.0000361152341754     157.9255406979612530
       0.0022202947972785       0.0000365557206610     158.8706939498840995
       0.0022336229921205       0.0000369962468683     159.8159360629798584
       0.0022469514986751       0.0000374368124276     160.7612670520977076
       0.0022602803169603       0.0000378774170081     161.7066869351921810
       0.0022736094469961       0.0000383180602939     162.6521957346235467
       0.0022869388887966       0.0000387587419939     163.5977934748103451
       0.0023002686423622       0.0000391994618831     164.5434801757540981
       0.0023135987076931       0.0000396402198721     165.4892558561634530
       0.0023269290847601       0.0000400810161482     166.4351205035129055
       0.0023402597735149       0.0000405218512946     167.3810740674435635
       0.0023535907738576       0.0000409627266138     168.3271164380441007
       0.0023669220855923       0.0000414036449342     169.2732473769045214
       0.0023802537082413       0.0000418446127733     170.2194663345503329
       0.0023935856402995       0.0000422856484252     171.1657717760870128
       0.0024069178683524       0.0000427268792736     172.1121530612682022
       0.0024202503930322       0.0000431684022807     173.0586017372323511
       0.0024335832368021       0.0000436101402728     174.0051243091045023
       0.0024469164054344       0.0000440520012170     174.9517287751018841
       0.0024602498946063       0.0000444939345067     175.8984193173482424
       0.0024735837000318       0.0000449359169756     176.8451979920249926
       0.0024869178182797       0.0000453779406279     177.7920654340326223
       0.0025002522481816       0.0000458200028613     178.7390218458935180
       0.0025135869895406       0.0000462621033915     179.6860672668149732
       0.0025269220424409       0.0000467042429668     180.6332016196010386
       0.0025402574072068       0.0000471464223465     181.5804248938696617
       0.0025535930837885       0.0000475886429264     182.5277369894144499
       0.0025669290722115       0.0000480309066299     183.4751377865867425
       0.0025802653724169       0.0000484732165479     184.4226270727194787
       0.0025936019843697       0.0000489155776097     185.3702045200928126
       0.0026069389080319       0.0000493579978458     186.3178695979224244
       0.0026202761433469       0.0000498004902976     187.2656214313992962
       0.0026336136902193       0.0000502430761872     188.2134585866707539
       0.0026469515484657       0.0000506857904005     189.1613787020251038
       0.0026602897176811       0.0000511286917385     190.1093777509686333
       0.0026614351694861       0.0000511666609258     190.1906315958293874
