       0.0000000000000000       0.0000000000000000       0.0000000000000000       0.0000000000000000       0.0000000000000000       0.0000000000000000       0.0000000000000000       0.0000000000000000       0.0000000000000000       0.0000000000000000       0.0000000000000000       0.0000000000000000
       0.0000000000000000       0.0000000000000000       0.0000000000000000       0.0000000000000000       0.0000000000000000       0.0000000000000000       0.0000000000000000       0.0000000000000000       0.0000000000000000       0.0000000000000000       0.0000000000000000       0.0000000000000000
       0.0000000000000000       0.0000000000000000       0.0000000000000000       0.0000000000000000       0.0000000000000000       0.0000000000000000       0.0000000000000000       0.0000000000000000       0.0000000000000000       0.0000000000000000       0.0000000000000000       0.0000000000000000
       0.0000000000000000       0.0000000000000000       0.0000000000000000       0.0000000000000000       0.0000000000000000       0.0000000000000000       0.0000000000000000       0.0000000000000000       0.0000000000000000       0.0000000000000000       0.0000000000000000       0.0000000000000000
       0.0000000000000000       0.0000000000000000       0.0000000000000000       0.0000000000000000       0.0000000000000000       0.0000000000000000       0.0000000000000000       0.0000000000000000       0.0000000000000000       0.0000000000000000       0.0000000000000000       0.0000000000000000
       0.0000000000000000       0.0000000000000000       0.0000000000000000       0.0000000000000000       0.0000000000000000       0.0000000000000000       0.0000000000000000       0.0000000000000000       0.0000000000000000       0.0000000000000000       0.0000000000000000       0.0000000000000000
       0.0000000000000000       0.0000000000000000       0.0000000000000000       0.0000000000000000       0.0000000000000000       0.0000000000000000       0.0000000000000000       0.0000000000000000       0.0000000000000000       0.0000000000000000       0.0000000000000000       0.0000000000000000
       0.0000000000000000       0.0000000000000000       0.0000000000000000       0.0000000000000000       0.0000000000000000       0.0000000000000000       0.0000000000000000       0.0000000000000000       0.0000000000000000       0.0000000000000000       0.0000000000000000       0.0000000000000000
       0.0000000000000000       0.0000000000000000       0.0000000000000000       0.0000000000000000       0.0000000000000000       0.0000000000000000       0.0000000000000000       0.0000000000000000       0.0000000000000000       0.0000000000000000       0.0000000000000000       0.0000000000000000
       0.0000000000000000       0.0000000000000000       0.0000000000000000       0.0000000000000000       0.0000000000000000       0.0000000000000000       0.0000000000000000       0.0000000000000000       0.0000000000000000       0.0000000000000000       0.0000000000000000       0.0000000000000000
       0.0000000000000000       0.0000000000000000       0.0000000000000000       0.0000000000000000       0.0000000000000000       0.0000000000000000       0.0000000000000000       0.0000000000000000       0.0000000000000000       0.0000000000000000       0.0000000000000000       0.0000000000000000
       0.0000000000000000       0.0000000000000000       0.0000000000000000       0.0000000000000000       0.0000000000000000       0.0000000000000000       0.0000000000000000       0.0000000000000000       0.0000000000000000       0.0000000000000000       0.0000000000000000       0.0000000000000000
       0.0000000000000000       0.0000000000000000       0.0000000000000000       0.0000000000000000       0.0000000000000000       0.0000000000000000       0.0000000000000000       0.0000000000000000       0.0000000000000000       0.0000000000000000       0.0000000000000000       0.0000000000000000
       0.0000000000000000       0.0000000000000000       0.0000000000000000       0.0000000000000000       0.0000000000000000       0.0000000000000000       0.0000000000000000       0.0000000000000000       0.0000000000000000       0.0000000000000000       0.0000000000000000       0.0000000000000000
       0.0000000000000000       0.0000000000000000       0.0000000000000000       0.0000000000000000       0.0000000000000000       0.0000000000000000       0.0000000000000000       0.0000000000000000       0.0000000000000000       0.0000000000000000       0.0000000000000000       0.0000000000000000
       0.0000000000000000       0.0000000000000000       0.0000000000000000       0.0000000000000000       0.0000000000000000       0.0000000000000000       0.0000000000000000       0.0000000000000000       0.0000000000000000       0.0000000000000000       0.0000000000000000       0.0000000000000000
       0.0000000000000000       0.0000000000000000       0.0000000000000000       0.0000000000000000       0.0000000000000000       0.0000000000000000       0.0000000000000000       0.0000000000000000       0.0000000000000000       0.0000000000000000       0.0000000000000000       0.0000000000000000
       0.0000000000000000       0.0000000000000000       0.0000000000000000       0.0000000000000000       0.0000000000000000       0.0000000000000000       0.0000000000000000       0.0000000000000000       0.0000000000000000       0.0000000000000000       0.0000000000000000       0.0000000000000000
       0.0000000000000000       0.0000000000000000       0.0000000000000000       0.0000000000000000       0.0000000000000000       0.0000000000000000       0.0000000000000000       0.0000000000000000       0.0000000000000000       0.0000000000000000       0.0000000000000000       0.0000000000000000
       0.0000000000000000       0.0000000000000000       0.0000000000000000       0.0000000000000000       0.0000000000000000       0.0000000000000000       0.0000000000000000       0.0000000000000000       0.0000000000000000       0.0000000000000000       0.0000000000000000       0.0000000000000000
       0.0000000000000000       0.0000000000000000       0.0000000000000000       0.0000000000000000       0.0000000000000000       0.0000000000000000       0.0000000000000000       0.0000000000000000       0.0000000000000000       0.0000000000000000       0.0000000000000000       0.0000000000000000
       0.0000000000000000       0.0000000000000000       0.0000000000000000       0.0000000000000000       0.0000000000000000       0.0000000000000000       0.0000000000000000       0.0000000000000000       0.0000000000000000       0.0000000000000000       0.0000000000000000       0.0000000000000000
       0.0000000000000000       0.0000000000000000       0.0000000000000000       0.0000000000000000       0.0000000000000000       0.0000000000000000       0.0000000000000000       0.0000000000000000       0.0000000000000000       0.0000000000000000       0.0000000000000000       0.0000000000000000
       0.0000004007435576      -0.0000003495369613       0.0000000000000000      -0.0000001867157621       0.0000002146342609       0.0000000000000000       0.0000004013900485      -0.0000003497364012       0.0000000000000000      -0.0000001870200633       0.0000002145110645       0.0000000000000000
       6.7136296025276057      -6.6144581795093833       0.0000000000000000      -6.1723150939122533       6.2717154765623242       0.0000000000000000       6.7144324071952921      -6.6147403778618363       0.0000000000000000      -6.1731136820370551       6.2714342121330606       0.0000000000000000
      25.9119191524013814     -25.6770858747883324       0.0000000000000000     -24.6401225877610806      24.8756107254970296       0.0000000000000000      25.9132141540717775     -25.6775721630524956       0.0000000000000000     -24.6414168538921814      24.8751246079965611       0.0000000000000000
      36.9534022016169885     -36.6210020166201886       0.0000000000000000     -35.1564529409484550      35.4893018743796631       0.0000000000000000      36.9549234117534340     -36.6215561151802973       0.0000000000000000     -35.1579739396294713      35.4887477338582045       0.0000000000000000
      36.9545560575933720     -36.6221465864427671       0.0000000000000000     -35.1575554943544120      35.4904139113589920       0.0000000000000000      36.9560773064762174     -36.6227006748252393       0.0000000000000000     -35.1590765306389272      35.4898597807879952       0.0000000000000000
      36.9557069916568111     -36.6232884274193040       0.0000000000000000     -35.1586550796084154      35.4915227979326460       0.0000000000000000      36.9572282876933684     -36.6238424879084050       0.0000000000000000     -35.1601761615347144      35.4909686945450176       0.0000000000000000
      36.9574276357270008     -36.6249955130914771       0.0000000000000000     -35.1602991842334518      35.4931807667484094       0.0000000000000000      36.9589489942890381     -36.6255495390305938       0.0000000000000000     -35.1618203267904903      35.4926266970579647       0.0000000000000000
      36.9599880217562315     -36.6275358685356167       0.0000000000000000     -35.1627465724335693      35.4956486442808625       0.0000000000000000      36.9615094680439071     -36.6280898511947726       0.0000000000000000     -35.1642678001822730      35.4950946168520005       0.0000000000000000
      36.9637945746664229     -36.6313129095811760       0.0000000000000000     -35.1663865696812081      35.4993188554181245       0.0000000000000000      36.9653161567894983     -36.6318668207998854       0.0000000000000000     -35.1679079293476917      35.4987648977489059       0.0000000000000000
      36.9694297123887310     -36.6369049303819025       0.0000000000000000     -35.1717782523544926      35.5047547349466157       0.0000000000000000      36.9709515058797251     -36.6374587219260306       0.0000000000000000     -35.1732998173386164      35.5042008941550122       0.0000000000000000
      36.9777203771835516     -36.6451333511666490       0.0000000000000000     -35.1797173330342687      35.5127577177904428       0.0000000000000000      36.9792424895762508     -36.6456869545535895       0.0000000000000000     -35.1812392080948371      35.5122040608842013       0.0000000000000000
      36.9898106256460224     -36.6571352578825724       0.0000000000000000     -35.1913084973684178      35.5244397525692861       0.0000000000000000      36.9913331956793030     -36.6576885901859697       0.0000000000000000     -35.1928308183300587      35.5238863609551530       0.0000000000000000
      37.0072252510941979     -36.6744274403794464       0.0000000000000000     -35.2080314078060894      35.5412889228380493       0.0000000000000000      37.0087484437419434     -36.6749804126054144       0.0000000000000000     -35.2095543374451836      35.5407358843765593       0.0000000000000000
      37.0318917395018588     -36.6989295823116493       0.0000000000000000     -35.2317696644710452      35.5651971987295710       0.0000000000000000      37.0334157407570430     -36.6994821033110767       0.0000000000000000     -35.2332933882860644      35.5646446041651956       0.0000000000000000
      37.0539261058834981     -36.7208242510096952       0.0000000000000000     -35.2530151875341318      35.5865876678844018       0.0000000000000000      37.0554507818642094     -36.7213764018449282       0.0000000000000000     -35.2545395767144001      35.5860354384494784       0.0000000000000000
