       0.0000000000000000       0.0000000000000000      -0.0000000000003988
       0.0000000000000200       0.0000000000000000       0.0000000014586244
       0.0000000000000613       0.0000000000000000       0.0000000044641825
       0.0000000000001654       0.0000000000000000       0.0000000120307500
       0.0000000000004164       0.0000000000000000       0.0000000302921734
       0.0000000000010064       0.0000000000000000       0.0000000732152326
       0.0000000000023719       0.0000000000000000       0.0000001725503668
       0.0000000000055014       0.0000000000000000       0.0000004002036244
       0.0000000000126281       0.0000000000000000       0.0000009186368461
       0.0000000000287913       0.0000000000000000       0.0000020944382763
       0.0000000000653507       0.0000000000000000       0.0000047539726286
       0.0000000001478976       0.0000000000000000       0.0000107588880972
       0.0000000003340605       0.0000000000000000       0.0000243014123285
       0.0000000007535759       0.0000000000000000       0.0000548192800425
       0.0000000016984584       0.0000000000000000       0.0001235552619000
       0.0000000038259036       0.0000000000000000       0.0002783173961233
       0.0000000086148447       0.0000000000000000       0.0006266914547135
       0.0000000193932459       0.0000000000000000       0.0014107719825965
       0.0000000436495745       0.0000000000000000       0.0031753115478162
       0.0000000982337026       0.0000000000000000       0.0071460632788438
       0.0000002210590740       0.0000000000000000       0.0160810620174452
       0.0000004974327844       0.0000000000000000       0.0361860241086772
       0.0000011192985698       0.0000000000000000       0.0814240310523864
       0.0000025185339968       0.0000000000002247       0.1832123895296559
       0.0000056668793638       0.0000002080237410       0.3910284548965005
       0.0000127507315989       0.0000004880711353       0.8688144128145527
       0.0000179984981734       0.0000006885264085       1.2221530902253397
       0.0000179987395956       0.0000006885458921       1.2221211834638575
       0.0000179987389960       0.0000006885652727       1.2221186642328468
       0.0000179987390348       0.0000006885941150       1.2221148929684456
       0.0000179987390564       0.0000006886368699       1.2221093090008659
       0.0000179987390607       0.0000006886998897       1.2221010557856666
       0.0000179987390595       0.0000006887920030       1.2220889432422406
       0.0000179987390590       0.0000006889250119       1.2220713448590184
       0.0000179987390628       0.0000006891137629       1.2220461387846975
       0.0000179987390724       0.0000006893751864       1.2220107435240497
       0.0000179987390880       0.0000006897255156       1.2219623374164663
       0.0000179987390977       0.0000006900233930       1.2219204493024443
