       0.0000000000000000       0.0000000000000000       0.0000000023933539
      -0.0000000000000050       0.0000000000000000      -0.0000000006186596
      -0.0000000000000200       0.0000000000000000      -0.0000000024748105
      -0.0000000000000593       0.0000000000000000      -0.0000000073475071
      -0.0000000000001563       0.0000000000000000      -0.0000000193556022
      -0.0000000000003872       0.0000000000000000      -0.0000000479403929
      -0.0000000000009256       0.0000000000000000      -0.0000001146057020
      -0.0000000000021655       0.0000000000000000      -0.0000002681269624
      -0.0000000000049980       0.0000000000000000      -0.0000006188365973
      -0.0000000000114351       0.0000000000000000      -0.0000014158637468
      -0.0000000000260147       0.0000000000000000      -0.0000032210703630
      -0.0000000000589629       0.0000000000000000      -0.0000073006284222
      -0.0000000001333124       0.0000000000000000      -0.0000165063986239
      -0.0000000003009230       0.0000000000000000      -0.0000372595283485
      -0.0000000006785332       0.0000000000000000      -0.0000840142907381
      -0.0000000015288857       0.0000000000000000      -0.0001893028368417
      -0.0000000034432730       0.0000000000000000      -0.0004263375615930
      -0.0000000077522858       0.0000000000000000      -0.0009598689349178
      -0.0000000174500266       0.0000000000000000      -0.0021606193837727
      -0.0000000392736361       0.0000000000000000      -0.0048627651558567
      -0.0000000883822955       0.0000000000000000      -0.0109432789041852
      -0.0000001988850810       0.0000000000000000      -0.0246254628103576
      -0.0000004475287734       0.0000000000000000      -0.0554119151692006
      -0.0000010069930193       0.0000000000111198      -0.1246849135902901
      -0.0000022658156596       0.0000000000271885      -0.2805518110050612
      -0.0000050982007504       0.0000000000612400      -0.6312573696547755
      -0.0000074952131629       0.0000000000863817      -0.9281109403753323
      -0.0000074947893112       0.0000000000863843      -0.9281115879088507
      -0.0000074947918793       0.0000000000863869      -0.9281115885434468
      -0.0000074947918795       0.0000000000863908      -0.9281115891173377
      -0.0000074947918780       0.0000000000863965      -0.9281115898984098
      -0.0000074947918746       0.0000000000864049      -0.9281115911752723
      -0.0000074947918702       0.0000000000864170      -0.9281115931289610
      -0.0000074947918646       0.0000000000864343      -0.9281115959485267
      -0.0000074947918567       0.0000000000864584      -0.9281115999012989
      -0.0000074947918457       0.0000000000864908      -0.9281116053236701
      -0.0000074947918305       0.0000000000865329      -0.9281116125529415
      -0.0000074947918208       0.0000000000865676      -0.9281116187193333
