1.094558e-02 2.614885e-02 3.957692e-02
9.733510e-03 3.517260e-02 3.156295e-02
1.788054e-02 4.258099e-02 9.884372e-03
1.293425e-02 2.397811e-02 1.391320e-02
3.366269e-02 3.932402e-02 2.545723e-02
3.780020e-02 2.578507e-02 2.270071e-02
2.589119e-02 2.957714e-02 1.847154e-02
3.654578e-02 3.889898e-02 1.114592e-02
2.007931e-02 2.159193e-02 3.783268e-02
2.060120e-02 2.511357e-02 2.163008e-02
1.305841e-02 2.391213e-02 2.724871e-02
2.660349e-02 2.798315e-02 4.831972e-03
3.597748e-02 2.069949e-02 1.277353e-02
1.855101e-02 2.864993e-02 3.620629e-02
1.068449e-02 2.783253e-02 3.876870e-02
1.500526e-02 4.223226e-02 1.104454e-02
2.910518e-02 3.113233e-02 3.691777e-02
2.097143e-02 3.594164e-02 3.315412e-02
1.011293e-02 3.019651e-02 5.399686e-03
2.854842e-02 3.329611e-02 1.698952e-02
1.843837e-02 2.610049e-02 2.412941e-02
2.838675e-02 3.263972e-02 3.212537e-02
2.599938e-02 3.001604e-02 2.520771e-02
1.022391e-02 3.457963e-02 1.730425e-02
2.008455e-02 2.757306e-02 1.702293e-02
3.247771e-02 2.124287e-02 5.873654e-03
3.252876e-02 3.318770e-02 3.631836e-02
1.961427e-02 3.566343e-02 2.261842e-02
1.013481e-02 3.448398e-02 8.597222e-03
3.812847e-02 3.073226e-02 3.547387e-02
3.828470e-02 3.040485e-02 1.779393e-02
1.224938e-02 2.373419e-02 1.811993e-02
2.177103e-02 2.281807e-02 1.046877e-02
1.483986e-02 3.342546e-02 3.999332e-02
1.312500e-02 4.687500e-02 2.512500e-02
3.083874e-02 4.836069e-02 3.051813e-02
2.201336e-02 4.258969e-02 8.312977e-03
1.762500e-02 3.937500e-02 3.412500e-02
9.208039e-03 5.148101e-02 3.562500e-02
4.210887e-02 4.466459e-02 1.439626e-02
3.487500e-02 4.943952e-02 4.875000e-03
2.062031e-02 1.382578e-02 1.912734e-02
4.087500e-02 1.762500e-02 1.162500e-02
7.125000e-03 1.553702e-02 1.762500e-02
1.447335e-02 1.295680e-02 1.260386e-02
1.462500e-02 2.798864e-02 3.637500e-02
4.053409e-02 3.858553e-02 1.627931e-02
8.449074e-03 2.779475e-02 2.345833e-02
3.289947e-02 3.657926e-02 9.582447e-03
1.915653e-02 3.262725e-02 9.379505e-03
3.028237e-02 4.511205e-02 1.615189e-02
1.087500e-02 5.287500e-02 3.937500e-02
2.559178e-02 1.149126e-02 3.511626e-02
2.812500e-02 1.462500e-02 1.387500e-02
1.012500e-02 7.875000e-03 3.562500e-02
3.031845e-02 2.387500e-02 3.567262e-02
3.712500e-02 5.542441e-02 1.087500e-02
1.218491e-02 4.404435e-02 1.435887e-02
9.828323e-03 2.512500e-02 3.180617e-02
1.694674e-02 9.495652e-03 1.162826e-02
4.875000e-03 3.662257e-02 3.037500e-02
3.862500e-02 5.137500e-02 4.087500e-02
2.286563e-02 2.813438e-02 1.912500e-02
2.229129e-02 5.246097e-02 3.203111e-02
1.565452e-02 4.208164e-02 8.035517e-03
2.887842e-02 4.504966e-02 1.178253e-02
1.626109e-02 3.705847e-02 1.323690e-02
2.962500e-02 1.987500e-02 2.887500e-02
1.471011e-02 2.897606e-02 1.211968e-02
2.044918e-02 4.888599e-02 4.284753e-02
2.463068e-02 5.238750e-02 3.147273e-02
4.125000e-03 4.912500e-02 2.587500e-02
3.187500e-02 3.681634e-02 8.625000e-03
1.129194e-02 2.069901e-02 4.300164e-02
2.662500e-02 2.962500e-02 1.912500e-02
6.210938e-03 1.277813e-02 2.695313e-03
3.630804e-02 4.024821e-02 2.990089e-02
1.466833e-02 3.240500e-02 3.999500e-02
3.902500e-02 3.930750e-02 6.657500e-03
1.255610e-02 3.784350e-02 9.168307e-03
4.162500e-02 3.637500e-02 4.087500e-02
2.680187e-02 5.512500e-02 9.375000e-03
