0 18.4454
0 21.0492
0 15.7272
0 16.5773
0 17.5876
0 20.2840
0 22.8339
0 17.2395
0 17.4484
0 18.5146
0 16.2635
0 18.0395
0 19.2548
0 16.9724
0 18.2524
0 18.1445
0 22.0490
0 17.8418
0 22.3488
0 18.9471
0 18.0626
0 22.6213
0 20.5685
0 18.4083
0 16.1439
0 17.6929
0 19.6481
0 18.5654
0 17.2268
0 19.2069
0 20.9162
0 19.5107
0 18.5052
0 18.0618
0 6.0365
0 5.9543
0 5.9543
0 6.2909
0 6.1093
0 6.5010
0 6.0804
0 6.3647
0 5.9769
0 6.1379
0 6.0291
0 6.0512
0 5.5222
0 5.8067
0 5.7423
0 6.4497
0 5.8697
0 6.3581
0 6.1308
0 5.7585
0 6.5010
0 5.8775
0 5.8853
0 5.5918
0 6.3381
0 5.7013
0 6.2909
0 5.8541
0 5.7827
0 5.6259
0 6.0217
0 5.6089
0 5.8463
0 5.8067
0 6.1021
0 6.0365
0 5.6174
0 5.9769
0 6.0658
0 6.2568
0 6.1663
0 6.3647
0 6.0876
0 5.6597
0 6.2293
0 6.7458
0 5.5045
0 6.4626
