18.4454
21.0492
15.7272
16.5773
17.5876
20.2840
22.8339
17.2395
17.4484
18.5146
16.2635
18.0395
19.2548
16.9724
18.2524
18.1445
22.0490
17.8418
22.3488
18.9471
18.0626
22.6213
20.5685
18.4083
16.1439
17.6929
19.6481
18.5654
17.2268
19.2069
20.9162
19.5107
18.5052
18.0618
6.0365
5.9543
5.9543
6.2909
6.1093
6.5010
6.0804
6.3647
5.9769
6.1379
6.0291
6.0512
5.5222
5.8067
5.7423
6.4497
5.8697
6.3581
6.1308
5.7585
6.5010
5.8775
5.8853
5.5918
6.3381
5.7013
6.2909
5.8541
5.7827
5.6259
6.0217
5.6089
5.8463
5.8067
6.1021
6.0365
5.6174
5.9769
6.0658
6.2568
6.1663
6.3647
6.0876
5.6597
6.2293
6.7458
5.5045
6.4626
