82
#time=1
element_id phi1 Phi phi2
1  66.6843  87.2592  271.7121  
2  98.1620  52.4702  311.2736  
3  74.3705  118.7587  282.4945  
4  99.4804  61.2360  278.9101  
5  101.3986  68.5664  299.3745  
6  56.5186  76.6102  270.0671  
7  93.6918  80.4874  305.8145  
8  48.8013  97.4653  242.1669  
9  102.0369  59.7807  288.4017  
10  76.1031  101.2565  264.7644  
11  100.6893  84.9610  290.5876  
12  119.4686  100.6228  238.0473  
13  98.4920  84.3096  235.7595  
14  86.5974  116.7671  270.3427  
15  81.4202  111.7657  269.4936  
16  58.2520  135.8237  279.2911  
17  102.8431  76.1810  224.1090  
18  131.0778  84.4500  290.0501  
19  62.0313  59.5011  284.1636  
20  97.3484  52.6787  253.1517  
21  80.7744  125.8932  252.6778  
22  94.6750  118.5879  241.7464  
23  75.9965  108.6465  238.5218  
24  91.7323  61.2555  229.7710  
25  68.3120  76.1438  294.0643  
26  91.5185  75.7760  311.1424  
27  105.1332  103.5530  257.9026  
28  112.1714  122.1575  303.6562  
29  118.4000  121.5725  274.1506  
30  95.7292  81.4379  280.6382  
31  110.1838  104.0463  258.5249  
32  70.2526  99.3257  254.4391  
33  46.6842  96.2666  226.3017  
34  64.6170  81.8699  293.2667  
35  178.8150  148.1125  96.8499  
36  55.0645  142.2230  338.3877  
37  270.5868  143.4411  188.7036  
38  192.7103  147.4639  100.5254  
39  235.9148  152.9030  108.0381  
40  145.9495  152.1088  89.4611  
41  234.0200  145.6367  136.6917  
42  323.5241  136.8521  189.5270  
43  324.2047  154.5135  252.2733  
44  149.7649  161.1759  67.6359  
45  251.2563  148.7794  133.4648  
46  129.0335  145.0208  0.5576  
47  226.6793  170.4675  129.5950  
48  302.5979  148.0758  215.5238  
49  84.5182  151.2339  33.2641  
50  240.0670  137.3420  147.8294  
51  295.3557  172.8476  203.2384  
52  52.4169  132.4249  325.4618  
53  218.3135  139.7524  99.9416  
54  309.6636  155.0521  202.3486  
55  306.7874  145.0248  224.8750  
56  278.2283  142.6951  196.3595  
57  222.5213  140.3443  87.5617  
58  205.6632  132.7062  118.7054  
59  154.2586  133.4826  40.7348  
60  15.3635  139.8315  293.5521  
61  266.2002  163.3990  204.1237  
62  195.8880  141.3092  108.8585  
63  13.6308  155.7431  296.6071  
64  217.8477  89.4479  289.3007  
65  230.3038  117.7067  309.3015  
66  219.1237  66.4029  265.5098  
67  141.1017  69.5256  318.3760  
68  189.3820  77.8466  302.8873  
69  155.3644  123.9531  282.0219  
70  156.3464  72.2299  277.6072  
71  180.0084  65.9377  258.7013  
72  167.9339  106.0041  272.1005  
73  207.4652  117.8202  244.4163  
74  227.3170  124.0104  294.8842  
75  152.6486  86.9166  274.5958  
76  204.8313  80.7137  246.4566  
77  164.7758  47.3029  248.2391  
78  170.3552  104.4313  252.5678  
79  162.8209  70.1449  236.1818  
80  182.4899  110.7063  269.2460  
81  227.8355  106.0069  297.3038  
82  181.5394  110.7883  264.0573  
