       0.0000000000000000       0.0000000000000000       0.0000000000000000       0.0000000000000000       0.0000000000000000       0.0000000000000000       0.0000000000000000       0.0000000000000000       0.0000000000000000       0.0000000000000000       0.0000000000000000       0.0000000000000000
       0.0000000000000000       0.0000000000000000       0.0000000000000000       0.0000000000000000       0.0000000000000000       0.0000000000000000       0.0000000000000000       0.0000000000000000       0.0000000000000000       0.0000000000000000       0.0000000000000000       0.0000000000000000
       0.0000000000000000       0.0000000000000000       0.0000000000000000       0.0000000000000000       0.0000000000000000       0.0000000000000000       0.0000000000000000       0.0000000000000000       0.0000000000000000       0.0000000000000000       0.0000000000000000       0.0000000000000000
       0.0000000000000000       0.0000000000000000       0.0000000000000000       0.0000000000000000       0.0000000000000000       0.0000000000000000       0.0000000000000000       0.0000000000000000       0.0000000000000000       0.0000000000000000       0.0000000000000000       0.0000000000000000
       0.0000000000000000       0.0000000000000000       0.0000000000000000       0.0000000000000000       0.0000000000000000       0.0000000000000000       0.0000000000000000       0.0000000000000000       0.0000000000000000       0.0000000000000000       0.0000000000000000       0.0000000000000000
       0.0000000000000000       0.0000000000000000       0.0000000000000000       0.0000000000000000       0.0000000000000000       0.0000000000000000       0.0000000000000000       0.0000000000000000       0.0000000000000000       0.0000000000000000       0.0000000000000000       0.0000000000000000
       0.0000000000000000       0.0000000000000000       0.0000000000000000       0.0000000000000000       0.0000000000000000       0.0000000000000000       0.0000000000000000       0.0000000000000000       0.0000000000000000       0.0000000000000000       0.0000000000000000       0.0000000000000000
       0.0000000000000000       0.0000000000000000       0.0000000000000000       0.0000000000000000       0.0000000000000000       0.0000000000000000       0.0000000000000000       0.0000000000000000       0.0000000000000000       0.0000000000000000       0.0000000000000000       0.0000000000000000
       0.0000000000000000       0.0000000000000000       0.0000000000000000       0.0000000000000000       0.0000000000000000       0.0000000000000000       0.0000000000000000       0.0000000000000000       0.0000000000000000       0.0000000000000000       0.0000000000000000       0.0000000000000000
       0.0000000000000000       0.0000000000000000       0.0000000000000000       0.0000000000000000       0.0000000000000000       0.0000000000000000       0.0000000000000000       0.0000000000000000       0.0000000000000000       0.0000000000000000       0.0000000000000000       0.0000000000000000
       0.0000000000000000       0.0000000000000000       0.0000000000000000       0.0000000000000000       0.0000000000000000       0.0000000000000000       0.0000000000000000       0.0000000000000000       0.0000000000000000       0.0000000000000000       0.0000000000000000       0.0000000000000000
       0.0000000000000000       0.0000000000000000       0.0000000000000000       0.0000000000000000       0.0000000000000000       0.0000000000000000       0.0000000000000000       0.0000000000000000       0.0000000000000000       0.0000000000000000       0.0000000000000000       0.0000000000000000
       0.0000000000000000       0.0000000000000000       0.0000000000000000       0.0000000000000000       0.0000000000000000       0.0000000000000000       0.0000000000000000       0.0000000000000000       0.0000000000000000       0.0000000000000000       0.0000000000000000       0.0000000000000000
       0.0000000000000000       0.0000000000000000       0.0000000000000000       0.0000000000000000       0.0000000000000000       0.0000000000000000       0.0000000000000000       0.0000000000000000       0.0000000000000000       0.0000000000000000       0.0000000000000000       0.0000000000000000
       0.0000000000000000       0.0000000000000000       0.0000000000000000       0.0000000000000000       0.0000000000000000       0.0000000000000000       0.0000000000000000       0.0000000000000000       0.0000000000000000       0.0000000000000000       0.0000000000000000       0.0000000000000000
       0.0000000000000000       0.0000000000000000       0.0000000000000000       0.0000000000000000       0.0000000000000000       0.0000000000000000       0.0000000000000000       0.0000000000000000       0.0000000000000000       0.0000000000000000       0.0000000000000000       0.0000000000000000
       0.0000000000000000       0.0000000000000000       0.0000000000000000       0.0000000000000000       0.0000000000000000       0.0000000000000000       0.0000000000000000       0.0000000000000000       0.0000000000000000       0.0000000000000000       0.0000000000000000       0.0000000000000000
       0.0000000000000000       0.0000000000000000       0.0000000000000000       0.0000000000000000       0.0000000000000000       0.0000000000000000       0.0000000000000000       0.0000000000000000       0.0000000000000000       0.0000000000000000       0.0000000000000000       0.0000000000000000
       0.0000000000000000       0.0000000000000000       0.0000000000000000       0.0000000000000000       0.0000000000000000       0.0000000000000000       0.0000000000000000       0.0000000000000000       0.0000000000000000       0.0000000000000000       0.0000000000000000       0.0000000000000000
       0.0000000000000000       0.0000000000000000       0.0000000000000000       0.0000000000000000       0.0000000000000000       0.0000000000000000       0.0000000000000000       0.0000000000000000       0.0000000000000000       0.0000000000000000       0.0000000000000000       0.0000000000000000
       0.0000000000000000       0.0000000000000000       0.0000000000000000       0.0000000000000000       0.0000000000000000       0.0000000000000000       0.0000000000000000       0.0000000000000000       0.0000000000000000       0.0000000000000000       0.0000000000000000       0.0000000000000000
       0.0000000000000000       0.0000000000000000       0.0000000000000000       0.0000000000000000       0.0000000000000000       0.0000000000000000       0.0000000000000000       0.0000000000000000       0.0000000000000000       0.0000000000000000       0.0000000000000000       0.0000000000000000
       0.0000000000000000       0.0000000000000000       0.0000000000000000       0.0000000000000000       0.0000000000000000       0.0000000000000000       0.0000000000000000       0.0000000000000000       0.0000000000000000       0.0000000000000000       0.0000000000000000       0.0000000000000000
       0.0000000000000000       0.0000000000000000       0.0000000000000000       0.0000000000000000       0.0000000000000000       0.0000000000000000       0.0000000000000000       0.0000000000000000       0.0000000000000000       0.0000000000000000       0.0000000000000000       0.0000000000000000
       0.0000000000000000       0.0000000000000000       0.0000000000000000       0.0000000000000000       0.0000000000000000       0.0000000000000000       0.0000000000000000       0.0000000000000000       0.0000000000000000       0.0000000000000000       0.0000000000000000       0.0000000000000000
       0.0000000000000000       0.0000000000000000       0.0000000000000000       0.0000000000000000       0.0000000000000000       0.0000000000000000       0.0000000000000000       0.0000000000000000       0.0000000000000000       0.0000000000000000       0.0000000000000000       0.0000000000000000
       0.0000000000000000       0.0000000000000000       0.0000000000000000       0.0000000000000000       0.0000000000000000       0.0000000000000000       0.0000000000000000       0.0000000000000000       0.0000000000000000       0.0000000000000000       0.0000000000000000       0.0000000000000000
       0.0000000000000000       0.0000000000000000       0.0000000000000000       0.0000000000000000       0.0000000000000000       0.0000000000000000       0.0000000000000000       0.0000000000000000       0.0000000000000000       0.0000000000000000       0.0000000000000000       0.0000000000000000
       0.0000000000000000       0.0000000000000000       0.0000000000000000       0.0000000000000000       0.0000000000000000       0.0000000000000000       0.0000000000000000       0.0000000000000000       0.0000000000000000       0.0000000000000000       0.0000000000000000       0.0000000000000000
       0.0000000000000000       0.0000000000000000       0.0000000000000000       0.0000000000000000       0.0000000000000000       0.0000000000000000       0.0000000000000000       0.0000000000000000       0.0000000000000000       0.0000000000000000       0.0000000000000000       0.0000000000000000
       0.0000000000000000       0.0000000000000000       0.0000000000000000       0.0000000000000000       0.0000000000000000       0.0000000000000000       0.0000000000000000       0.0000000000000000       0.0000000000000000       0.0000000000000000       0.0000000000000000       0.0000000000000000
       0.0000000000000000       0.0000000000000000       0.0000000000000000       0.0000000000000000       0.0000000000000000       0.0000000000000000       0.0000000000000000       0.0000000000000000       0.0000000000000000       0.0000000000000000       0.0000000000000000       0.0000000000000000
       0.0000000000000000       0.0000000000000000       0.0000000000000000       0.0000000000000000       0.0000000000000000       0.0000000000000000       0.0000000000000000       0.0000000000000000       0.0000000000000000       0.0000000000000000       0.0000000000000000       0.0000000000000000
       0.0000000000000000       0.0000000000000000       0.0000000000000000       0.0000000000000000       0.0000000000000000       0.0000000000000000       0.0000000000000000       0.0000000000000000       0.0000000000000000       0.0000000000000000       0.0000000000000000       0.0000000000000000
       0.0000000000000000       0.0000000000000000       0.0000000000000000       0.0000000000000000       0.0000000000000000       0.0000000000000000       0.0000000000000000       0.0000000000000000       0.0000000000000000       0.0000000000000000       0.0000000000000000       0.0000000000000000
       0.0000000000000000       0.0000000000000000       0.0000000000000000       0.0000000000000000       0.0000000000000000       0.0000000000000000       0.0000000000000000       0.0000000000000000       0.0000000000000000       0.0000000000000000       0.0000000000000000       0.0000000000000000
       0.0000000000000000       0.0000000000000000       0.0000000000000000       0.0000000000000000       0.0000000000000000       0.0000000000000000       0.0000000000000000       0.0000000000000000       0.0000000000000000       0.0000000000000000       0.0000000000000000       0.0000000000000000
       0.0000000000000000       0.0000000000000000       0.0000000000000000       0.0000000000000000       0.0000000000000000       0.0000000000000000       0.0000000000000000       0.0000000000000000       0.0000000000000000       0.0000000000000000       0.0000000000000000       0.0000000000000000
       0.0000000000000000       0.0000000000000000       0.0000000000000000       0.0000000000000000       0.0000000000000000       0.0000000000000000       0.0000000000000000       0.0000000000000000       0.0000000000000000       0.0000000000000000       0.0000000000000000       0.0000000000000000
       0.0000000000000000       0.0000000000000000       0.0000000000000000       0.0000000000000000       0.0000000000000000       0.0000000000000000       0.0000000000000000       0.0000000000000000       0.0000000000000000       0.0000000000000000       0.0000000000000000       0.0000000000000000
       0.0000000000000000       0.0000000000000000       0.0000000000000000       0.0000000000000000       0.0000000000000000       0.0000000000000000       0.0000000000000000       0.0000000000000000       0.0000000000000000       0.0000000000000000       0.0000000000000000       0.0000000000000000
       0.0000000000000000       0.0000000000000000       0.0000000000000000       0.0000000000000000       0.0000000000000000       0.0000000000000000       0.0000000000000000       0.0000000000000000       0.0000000000000000       0.0000000000000000       0.0000000000000000       0.0000000000000000
       0.0000000000000000       0.0000000000000000       0.0000000000000000       0.0000000000000000       0.0000000000000000       0.0000000000000000       0.0000000000000000       0.0000000000000000       0.0000000000000000       0.0000000000000000       0.0000000000000000       0.0000000000000000
       0.0000000000000000       0.0000000000000000       0.0000000000000000       0.0000000000000000       0.0000000000000000       0.0000000000000000       0.0000000000000000       0.0000000000000000       0.0000000000000000       0.0000000000000000       0.0000000000000000       0.0000000000000000
       0.0000000000000000       0.0000000000000000       0.0000000000000000       0.0000000000000000       0.0000000000000000       0.0000000000000000       0.0000000000000000       0.0000000000000000       0.0000000000000000       0.0000000000000000       0.0000000000000000       0.0000000000000000
       0.0000000000000000       0.0000000000000000       0.0000000000000000       0.0000000000000000       0.0000000000000000       0.0000000000000000       0.0000000000000000       0.0000000000000000       0.0000000000000000       0.0000000000000000       0.0000000000000000       0.0000000000000000
       0.0000000000000000       0.0000000000000000       0.0000000000000000       0.0000000000000000       0.0000000000000000       0.0000000000000000       0.0000000000000000       0.0000000000000000       0.0000000000000000       0.0000000000000000       0.0000000000000000       0.0000000000000000
       0.0000000000000000       0.0000000000000000       0.0000000000000000       0.0000000000000000       0.0000000000000000       0.0000000000000000       0.0000000000000000       0.0000000000000000       0.0000000000000000       0.0000000000000000       0.0000000000000000       0.0000000000000000
       0.0000000000000000       0.0000000000000000       0.0000000000000000       0.0000000000000000       0.0000000000000000       0.0000000000000000       0.0000000000000000       0.0000000000000000       0.0000000000000000       0.0000000000000000       0.0000000000000000       0.0000000000000000
       0.0000000000000000       0.0000000000000000       0.0000000000000000       0.0000000000000000       0.0000000000000000       0.0000000000000000       0.0000000000000000       0.0000000000000000       0.0000000000000000       0.0000000000000000       0.0000000000000000       0.0000000000000000
       0.0000000000000000       0.0000000000000000       0.0000000000000000       0.0000000000000000       0.0000000000000000       0.0000000000000000       0.0000000000000000       0.0000000000000000       0.0000000000000000       0.0000000000000000       0.0000000000000000       0.0000000000000000
       0.0000000000000000      -0.0000000000000003       0.0000000000000003       0.0000000000000000      -0.0000000000000003       0.0000000000000003       0.0000000000000000      -0.0000000000000003       0.0000000000000003       0.0000000000000000      -0.0000000000000003       0.0000000000000003
       0.0000000000000000      -0.0000000000000020       0.0000000000000020       0.0000000000000000      -0.0000000000000020       0.0000000000000020       0.0000000000000000      -0.0000000000000020       0.0000000000000020       0.0000000000000000      -0.0000000000000020       0.0000000000000020
       0.0000000000000000      -0.0000000000000122       0.0000000000000122       0.0000000000000000      -0.0000000000000122       0.0000000000000122       0.0000000000000000      -0.0000000000000122       0.0000000000000122       0.0000000000000000      -0.0000000000000122       0.0000000000000122
       0.0000000000000000      -0.0000000000000721       0.0000000000000724       0.0000000000000000      -0.0000000000000722       0.0000000000000724       0.0000000000000000      -0.0000000000000722       0.0000000000000725       0.0000000000000000      -0.0000000000000723       0.0000000000000725
       0.0000000000000000      -0.0000000000004105       0.0000000000004120       0.0000000000000000      -0.0000000000004111       0.0000000000004121       0.0000000000000000      -0.0000000000004110       0.0000000000004125       0.0000000000000000      -0.0000000000004115       0.0000000000004125
       0.0000000000000000      -0.0000000000022481       0.0000000000022563       0.0000000000000000      -0.0000000000022510       0.0000000000022564       0.0000000000000000      -0.0000000000022505       0.0000000000022587       0.0000000000000000      -0.0000000000022533       0.0000000000022587
       0.0000000000000000      -0.0000000000118623       0.0000000000119056       0.0000000000000000      -0.0000000000118774       0.0000000000119059       0.0000000000000000      -0.0000000000118746       0.0000000000119183       0.0000000000000000      -0.0000000000118897       0.0000000000119180
       0.0000000000000000      -0.0000000000603836       0.0000000000606039       0.0000000000000000      -0.0000000000604602       0.0000000000606055       0.0000000000000000      -0.0000000000604462       0.0000000000606683       0.0000000000000000      -0.0000000000605228       0.0000000000606667
       0.0000000000000000      -0.0000000002973046       0.0000000002983891       0.0000000000000000      -0.0000000002976815       0.0000000002983970       0.0000000000000000      -0.0000000002976127       0.0000000002987060       0.0000000000000000      -0.0000000002979899       0.0000000002986984
       0.0000000000000000      -0.0000000014164485       0.0000000014216144       0.0000000000000000      -0.0000000014182438       0.0000000014216523       0.0000000000000000      -0.0000000014179160       0.0000000014231244       0.0000000000000000      -0.0000000014197132       0.0000000014230881
       0.0000000000000000      -0.0000000065399505       0.0000000065637997       0.0000000000000000      -0.0000000065482398       0.0000000065639752       0.0000000000000000      -0.0000000065467258       0.0000000065707710       0.0000000000000000      -0.0000000065550235       0.0000000065706035
       0.0000000000000000      -0.0000000293005708       0.0000000294074100       0.0000000000000000      -0.0000000293377091       0.0000000294081972       0.0000000000000000      -0.0000000293309231       0.0000000294386407       0.0000000000000000      -0.0000000293680986       0.0000000294378896
       0.0000000000000000      -0.0000001275304767       0.0000001279954437       0.0000000000000000      -0.0000001276921198       0.0000001279988742       0.0000000000000000      -0.0000001276625715       0.0000001281313638       0.0000000000000000      -0.0000001278243764       0.0000001281280941
       0.0000000000000000      -0.0000005398397225       0.0000005418077266       0.0000000000000000      -0.0000005405239571       0.0000005418222648       0.0000000000000000      -0.0000005403988254       0.0000005423830320       0.0000000000000000      -0.0000005410837446       0.0000005423691874
       0.0000000000000000      -0.0000022247310795       0.0000022328404859       0.0000000000000000      -0.0000022275508389       0.0000022329004674       0.0000000000000000      -0.0000022270349459       0.0000022352111628       0.0000000000000000      -0.0000022298575250       0.0000022351540941
       0.0000000000000000      -0.0000089345698196       0.0000089671329114       0.0000000000000000      -0.0000089458936323       0.0000089673740447       0.0000000000000000      -0.0000089438209895       0.0000089766525188       0.0000000000000000      -0.0000089551561194       0.0000089764233027
       0.0000000000000000      -0.0000349979463293       0.0000351254723599       0.0000000000000000      -0.0000350422980174       0.0000351264174933       0.0000000000000000      -0.0000350341767849       0.0000351627544035       0.0000000000000000      -0.0000350785727688       0.0000351618568066
       0.0000000000000000      -0.0001338191682120       0.0001343065375663       0.0000000000000000      -0.0001339886852738       0.0001343101489553       0.0000000000000000      -0.0001339576330545       0.0001344490186074       0.0000000000000000      -0.0001341273192365       0.0001344455922029
       0.0000000000000000      -0.0004996829778763       0.0005015004277529       0.0000000000000000      -0.0005003151789430       0.0005015138595144       0.0000000000000000      -0.0005001993345915       0.0005020317157311       0.0000000000000000      -0.0005008321648733       0.0005020189861859
       0.0000000000000000      -0.0018210891075973       0.0018276890142175       0.0000000000000000      -0.0018233849877158       0.0018277374561483       0.0000000000000000      -0.0018229641749420       0.0018296179044473       0.0000000000000000      -0.0018252623252869       0.0018295720577783
       0.0000000000000000      -0.0064536170078328       0.0064767672773127       0.0000000000000000      -0.0064616704717842       0.0064769351302542       0.0000000000000000      -0.0064601935435528       0.0064835300174109       0.0000000000000000      -0.0064682548174752       0.0064833714286316
       0.0000000000000000      -0.0219054921135615       0.0219817682670642       0.0000000000000000      -0.0219320330671915       0.0219823120950813       0.0000000000000000      -0.0219271550253834       0.0220040309367619       0.0000000000000000      -0.0219537202450273       0.0220035181870849
       0.0000000000000000      -0.0688409539741420       0.0690625923686726       0.0000000000000000      -0.0689181416125276       0.0690641511727659       0.0000000000000000      -0.0689038472495298       0.0691271759934166       0.0000000000000000      -0.0689810950202050       0.0691257092253725
       0.0000000000000000      -0.1870143015547823       0.1875257226163947       0.0000000000000000      -0.1871927947269865       0.1875293607036850       0.0000000000000000      -0.1871591600635343       0.1876744048239412       0.0000000000000000      -0.1873377519446118       0.1876709834674029
       0.0000000000000000      -0.4139908389997201       0.4148773948859701       0.0000000000000000      -0.4143015203240920       0.4148840662751935       0.0000000000000000      -0.4142414823783335       0.4151348219344168       0.0000000000000000      -0.4145522632737527       0.4151285343488292
       0.0000000000000000      -0.7492612305597043       0.7504766660353920       0.0000000000000000      -0.7496895413890290       0.7504866205363350       0.0000000000000000      -0.7496046690985974       0.7508300096806116       0.0000000000000000      -0.7500330468502243       0.7508205928777201
       0.0000000000000000      -1.1614872750546705       1.1629270796327897       0.0000000000000000      -1.1619973471375622       1.1629398251690322       0.0000000000000000      -1.1618943166033129       1.1633466692933399       0.0000000000000000      -1.1624044205897128       1.1633345739369179
       0.0000000000000000      -1.6176377573477663       1.6192164750510032       0.0000000000000000      -1.6181990496511338       1.6192311829872992       0.0000000000000000      -1.6180842380155980       1.6196773639090483       0.0000000000000000      -1.6186455373818729       1.6196633819872213
       0.0000000000000000      -2.0967773731545170       2.0984398439608580       0.0000000000000000      -2.0973695601072810       2.0984557705554350       0.0000000000000000      -2.0972474430756920       2.0989254811677172       0.0000000000000000      -2.0978396235884351       2.0989103315632125
       0.0000000000000000      -2.5863136221289538       2.5880338366655682       0.0000000000000000      -2.5869270814628065       2.5880506081827575       0.0000000000000000      -2.5867998229956015       2.5885364103040707       0.0000000000000000      -2.5874132677603252       2.5885204551075613
       0.0000000000000000      -3.0809975073780613       3.0827610721131147       0.0000000000000000      -3.0816269917432431       3.0827785236752803       0.0000000000000000      -3.0814958218230943       3.0832764121725398       0.0000000000000000      -3.0821252868536115       3.0832598100101505
       0.0000000000000000      -3.5781524303563317       3.5799515831011526       0.0000000000000000      -3.5787951049444695       3.5799696298173047       0.0000000000000000      -3.5786607714922423       3.5804775244767999       0.0000000000000000      -3.5793034238388488       3.5804603569872695
       0.0000000000000000      -4.0764877734885898       4.0783173764816887       0.0000000000000000      -4.0771419929998336       4.0783359276486415       0.0000000000000000      -4.0770049161435873       4.0788526067987272       0.0000000000000000      -4.0776591115193064       4.0788349629141889
       0.0000000000000000      -4.5751018566301607       4.5769614022493208       0.0000000000000000      -4.5757670900176386       4.5769804226364350       0.0000000000000000      -4.5756274791190359       4.5775055655007355       0.0000000000000000      -4.5762926867378138       4.5774874799294620
       0.0000000000000000      -5.0743815774314438       5.0762693019675478       0.0000000000000000      -5.0750566163466537       5.0762886991726415       0.0000000000000000      -5.0749149221184915       5.0768215502070460       0.0000000000000000      -5.0755899342573869       5.0768031142596959
       0.0000000000000000      -5.5737941262546737       5.5757085644975213       0.0000000000000000      -5.5744788209934413       5.5757282938670851       0.0000000000000000      -5.5743350361206732       5.5762686962740888       0.0000000000000000      -5.5750197032397235       5.5762499547816553
       0.0000000000000000      -6.0732599905678830       6.0752009731911540       0.0000000000000000      -6.0739543139543564       6.0752210132235476       0.0000000000000000      -6.0738083947269708       6.0757688960332805       0.0000000000000000      -6.0745026896918102       6.0757498708223441
       0.0000000000000000      -6.5727682100042291       6.5747356605632552       0.0000000000000000      -6.5734721388298478       6.5747560117209352       0.0000000000000000      -6.5733240680444798       6.5753113343660345       0.0000000000000000      -6.5740279676389255       6.5752920253008513
       0.0000000000000000      -7.0723170925090848       7.0743109673142390       0.0000000000000000      -7.0730306020738913       7.0743316444230402       0.0000000000000000      -7.0728803967140195       7.0748943990131288       0.0000000000000000      -7.0735938762060924       7.0748747915909167
       0.0000000000000000      -7.5719064417512643       7.5739266884411540       0.0000000000000000      -7.5726295126788958       7.5739477024133306       0.0000000000000000      -7.5724771936455406       7.5745178902951169       0.0000000000000000      -7.5732002336313791       7.5744979739335658
       0.0000000000000000      -8.0715361871493059       8.0735827707286152       0.0000000000000000      -8.0722688082404037       8.0736041208121989       0.0000000000000000      -8.0721143833264506       8.0741817384032171       0.0000000000000000      -8.0728469725961691       8.0741615141958540
       0.0000000000000000      -8.5712062790368098       8.5732791855930301       0.0000000000000000      -8.5719484482872801       8.5733008649268729       0.0000000000000000      -8.5717919130657023       8.5738859056179173       0.0000000000000000      -8.5725340496141307       8.5738653807810703
       0.0000000000000000      -9.0709166932033440       9.0730159202004348       0.0000000000000000      -9.0716684140260941       9.0730379235879823       0.0000000000000000      -9.0715097605897199       9.0736303827015874       0.0000000000000000      -9.0722614478264756       9.0736095627952214
       0.0000000000000000      -9.5706674096288165       9.5727929595411165       0.0000000000000000      -9.5714286866290603       9.5728152864398677       0.0000000000000000      -9.5712679097282667       9.5734151631439506       0.0000000000000000      -9.5720291522481613       9.5733940490759544
       0.0000000000000000     -10.0704584320034858      10.0726103041528425       0.0000000000000000     -10.0712292678168787      10.0726329569468120       0.0000000000000000     -10.0710663659051090      10.0732402521418134       0.0000000000000000     -10.0718371663286703      10.0732188418905722
       0.0000000000000000     -10.5702897673533549      10.5724679579311545       0.0000000000000000     -10.5710701618881284      10.5724909389828472       0.0000000000000000     -10.5709051354815031      10.5731056529064169       0.0000000000000000     -10.5716854937017377      10.5730839444675517
       0.0000000000000000     -11.0701614199293665      11.0723659241823427       0.0000000000000000     -11.0709513721064052      11.0723892345434844       0.0000000000000000     -11.0707842215292889      11.0730113662559280       0.0000000000000000     -11.0715741364538633      11.0729893589342279
       0.0000000000000000     -11.5700733912557681      11.5723042051575504       0.0000000000000000     -11.5708729005983049      11.5723278448732501       0.0000000000000000     -11.5707036250173090      11.5729573928799034       0.0000000000000000     -11.5715030961579171      11.5729350869876857
       0.0000000000000000     -12.0700256822197325      12.0722828027131133       0.0000000000000000     -12.0708347492303449      12.0723067716212284       0.0000000000000000     -12.0706633469084004      12.0729437345025179       0.0000000000000000     -12.0714723747564303      12.0729211305609088
       0.0000000000000000     -12.5700182939917458      12.5723017185234678       0.0000000000000000     -12.5708369197020797      12.5723260167561097       0.0000000000000000     -12.5706633887212558      12.5729703934399399       0.0000000000000000     -12.5714819742966668      12.5729474916767270
       0.0000000000000000     -13.0700512283013879      13.0723609542939094       0.0000000000000000     -13.0708794137190321      13.0723855822997397       0.0000000000000000     -13.0707037524167315      13.0730373719450927       0.0000000000000000     -13.0715318967149141      13.0730141722714777
       0.0000000000000000     -13.5701244872529738      13.5724605118874440       0.0000000000000000     -13.5709622331081157      13.5724854702328450       0.0000000000000000     -13.5707844401266868      13.5731446720263449       0.0000000000000000     -13.5716221438654010      13.5731211742353377
       0.0000000000000000     -14.0702380730219065      14.0726003932774475       0.0000000000000000     -14.0710853798199409      14.0726256824970051       0.0000000000000000     -14.0709054539375789      14.0732922955365076       0.0000000000000000     -14.0717527176098134      14.0732684994525652
       0.0000000000000000     -14.5703919876867030      14.5727806005056948       0.0000000000000000     -14.5712488558750906      14.5728062210413825       0.0000000000000000     -14.5710667958570603      14.5734802443540410       0.0000000000000000     -14.5719236198979925      14.5734561498940600
       0.0000000000000000     -15.0705862332058391      15.0730011355848124       0.0000000000000000     -15.0714526632884507      15.0730270878288337       0.0000000000000000     -15.0712684678166635      15.0737085204147956       0.0000000000000000     -15.0721348527179835      15.0736841275456062
       0.0000000000000000     -15.5708208115079163      15.5732620004932656       0.0000000000000000     -15.5716968040683188      15.5732882848336569       0.0000000000000000     -15.5715104717545270      15.5739771257026067       0.0000000000000000     -15.5723864180876603      15.5739524343953004
       0.0000000000000000     -16.0710957245128867      16.0735631971727742       0.0000000000000000     -16.0719812801670159      16.0735898140135305       0.0000000000000000     -16.0717928096205362      16.0742860622050188       0.0000000000000000     -16.0726783179891974      16.0742610724147994
       0.0000000000000000     -16.5714109741413580      16.5739047275560658       0.0000000000000000     -16.5723060935126050      16.5739316773252483       0.0000000000000000     -16.5721154833490161      16.5746353318924413       0.0000000000000000     -16.5730105543643127      16.5746100435505035
       0.0000000000000000     -17.0717665623873209      17.0742865936199451       0.0000000000000000     -17.0726712460696497      17.0743138767455918       0.0000000000000000     -17.0724784949236330      17.0750249367314382       0.0000000000000000     -17.0733831291672224      17.0749993497688486
       0.0000000000000000     -17.5721624912174512      17.5747087973281140       0.0000000000000000     -17.5730767397870231      17.5747364142357227       0.0000000000000000     -17.5728818463130132      17.5754548786850684       0.0000000000000000     -17.5737960443487609      17.5754289930355085
       0.0000000000000000     -18.0725987626341542      18.0751713406569436       0.0000000000000000     -18.0735225766667469      18.0751992917726163       0.0000000000000000     -18.0733255395044843      18.0759251597152755       0.0000000000000000     -18.0742493018958363      18.0758989753117270
       0.0000000000000000     -18.5730753785494471      18.5756742255417855       0.0000000000000000     -18.5740087586240534      18.5757025112806424       0.0000000000000000     -18.5738095764163447      18.5764357817526964       0.0000000000000000     -18.5747429037299945      18.5764092985391720
       0.0000000000000000     -19.0735923409546899      19.0762174539730154       0.0000000000000000     -19.0745352876591525      19.0762460747603946       0.0000000000000000     -19.0743339590407786      19.0769867467987062       0.0000000000000000     -19.0752768518522551      19.0769599647090295
       0.0000000000000000     -19.5741496518038396      19.5768010278831817       0.0000000000000000     -19.5751021657202848      19.5768299841462472       0.0000000000000000     -19.5748986893380987      19.5775780567940352       0.0000000000000000     -19.5758511482171613      19.5775509757601966
       0.0000000000000000     -20.0747473130581078      20.0774249492520234       0.0000000000000000     -20.0757093947754370      20.0774542414056825       0.0000000000000000     -20.0755037692657936      20.0782097137024778       0.0000000000000000     -20.0764657947889944      20.0781823336686820
       0.0000000000000000     -20.5753853266912152      20.5780892200579117       0.0000000000000000     -20.5763569767966992      20.5781188485244222       0.0000000000000000     -20.5761492007922975      20.5788817195044160       0.0000000000000000     -20.5771207935345615      20.5788540404075739
       0.0000000000000000     -21.0760636946466349      21.0787938422460819       0.0000000000000000     -21.0770449137230216      21.0788238074466889       0.0000000000000000     -21.0768349858681709      21.0795940761511993       0.0000000000000000     -21.0778161463998579      21.0795660979291988
       0.0000000000000000     -21.5767824189025212      21.5795388177814687       0.0000000000000000     -21.5777732075291055      21.5795691201371511       0.0000000000000000     -21.5775611264738778      21.5803467856097555       0.0000000000000000     -21.5785518553618836      21.5803185082007190
       0.0000000000000000     -22.0775415014108525      22.0803241486203063       0.0000000000000000     -22.0785418601675048      22.0803547885548817       0.0000000000000000     -22.0783276245560458      22.0811398498338178       0.0000000000000000     -22.0793279223678276      22.0811112731730859
       0.0000000000000000     -22.5783409441655465      22.5811498367510204       0.0000000000000000     -22.5793508736421948      22.5811808146830906       0.0000000000000000     -22.5791344821052036      22.5819732708032141       0.0000000000000000     -22.5801443494182763      22.5819443948312966
       0.0000000000000000     -23.0791807491038981      23.0820158841268892       0.0000000000000000     -23.0802002498884313      23.0820472004768682       0.0000000000000000     -23.0799817010577826      23.0828470504721537       0.0000000000000000     -23.0810011384476219      23.0828178751277946
       0.0000000000000000     -23.5800609181841203      23.5829222926956064       0.0000000000000000     -23.5810899908612548      23.5829539478888428       0.0000000000000000     -23.5808692833788207      23.5837611908000966       0.0000000000000000     -23.5818982914176907      23.5837317160170414
       0.0000000000000000     -24.0809814533972038      24.0838690644385345       0.0000000000000000     -24.0820200985464901      24.0839010589016560       0.0000000000000000     -24.0817972310578092      24.0847156937681319       0.0000000000000000     -24.0828358103127869      24.0846859194789289
       0.0000000000000000     -24.5819423566775441      24.5848562013007417       0.0000000000000000     -24.5829905748712214      24.5848885354542439       0.0000000000000000     -24.5827655460269057      24.5857105613130429       0.0000000000000000     -24.5838136970577779      24.5856804874562656
       0.0000000000000000     -25.0829436299985602      25.0858837052700494       0.0000000000000000     -25.0840014218257679      25.0859163795336002       0.0000000000000000     -25.0837742302664459      25.0867457954286657       0.0000000000000000     -25.0848319536498963      25.0867154219437900
       0.0000000000000000     -25.5839852753368149      25.5869515783068096       0.0000000000000000     -25.5850526413872075      25.5869845931050079       0.0000000000000000     -25.5848232857456317      25.5878213980729043       0.0000000000000000     -25.5858905820587559      25.5877907248944787
       0.0000000000000000     -26.0850672946442046      26.0880598223647233       0.0000000000000000     -26.0861442355005977      26.0880931781179406       0.0000000000000000     -26.0859127144148992      26.0889373711938219       0.0000000000000000     -26.0869895842280961      26.0889063982606082
       0.0000000000000000     -26.5861896898936365      26.5892084394137491       0.0000000000000000     -26.5872762061351544      26.5892421365460159       0.0000000000000000     -26.5870425182541190      26.5900937167719604       0.0000000000000000     -26.5881289621339398      26.5900624440190292
       0.0000000000000000     -27.0873524630335467      27.0903974314133613       0.0000000000000000     -27.0884485552400207      27.0904314703457381       0.0000000000000000     -27.0882126992095316      27.0912904367616143       0.0000000000000000     -27.0893087177232630      27.0912588641270311
       0.0000000000000000     -27.5885556160408143      27.5916268003390819       0.0000000000000000     -27.5896612848014406      27.5916611814845467       0.0000000000000000     -27.5894232592506405      27.5925275331228690       0.0000000000000000     -27.5905288529749804      27.5924956605527640
       0.0000000000000000     -28.0897991508824880      28.0928965481503923       0.0000000000000000     -28.0909143967806187      28.0929312719278812       0.0000000000000000     -28.0906742003512839      28.0938050078279353       0.0000000000000000     -28.0917893698570040      28.0937728352624987
       0.0000000000000000     -28.5910830695181772      28.5942066767960341       0.0000000000000000     -28.5922078931307517      28.5942417436351342       0.0000000000000000     -28.5919655244749009      28.5951228628400713       0.0000000000000000     -28.5930902703264103      28.5950903902088065
       0.0000000000000000     -29.0924073739018070      29.0955571882540767       0.0000000000000000     -29.0935417758121417      29.0955925985788255       0.0000000000000000     -29.0932972335704640      29.0964811001267378       0.0000000000000000     -29.0944315563384421      29.0964483273647474
       0.0000000000000000     -29.5937720660190564      29.5969480845011681       0.0000000000000000     -29.5949160468145749      29.5969838387300612       0.0000000000000000     -29.5946693296163907      29.5978797216518359       0.0000000000000000     -29.5958132298757022      29.5978466486997860
       0.0000000000000000     -30.0951771478244865      30.0983793674832931       0.0000000000000000     -30.0963307080883347      30.0984154660419669       0.0000000000000000     -30.0960818145763938      30.0993187293776572       0.0000000000000000     -30.0972352928975688      30.0992853561689486
       0.0000000000000000     -30.5966226212838421      30.5998510391707192       0.0000000000000000     -30.5977857615939470      30.5998874824821314       0.0000000000000000     -30.5975346904206731      30.6007981252762029       0.0000000000000000     -30.5986977473690089      30.6007644517470183
       0.0000000000000000     -31.0981084883532581      31.1013631015262462       0.0000000000000000     -31.0992812092941300      31.1013998900104340       0.0000000000000000     -31.0990279590984393      31.1023179113004140       0.0000000000000000     -31.1002005952458020      31.1022839373898492
       0.0000000000000000     -31.5996347510191526      31.6029155565184467       0.0000000000000000     -31.6008170531701822      31.6029526906015512       0.0000000000000000     -31.6005616225968780      31.6038780894257698       0.0000000000000000     -31.6017438385100107      31.6038438150667780
       0.0000000000000000     -32.1012014112267892      32.1045084061240331       0.0000000000000000     -32.1023932951690014      32.1045458862193627       0.0000000000000000     -32.1021356828616575      32.1054786616165728       0.0000000000000000     -32.1033274791090264      32.1054440867549360
       0.0000000000000000     -32.6028084709543933      32.6061416522918250       0.0000000000000000     -32.6040099372710301      32.6061794788193282       0.0000000000000000     -32.6037501418682822      32.6071196298254904       0.0000000000000000     -32.6049515190203962      32.6070847544003755
       0.0000000000000000     -33.1044559321570020      33.1078152969836736       0.0000000000000000     -33.1056669814264239      33.1078534703695340       0.0000000000000000     -33.1054050015729615      33.1088009960217917       0.0000000000000000     -33.1066159601954553      33.1087658199661092
       0.0000000000000000     -33.6061437968138037      33.6095293421918768       0.0000000000000000     -33.6073644296205529      33.6095678628623915       0.0000000000000000     -33.6071002639508620      33.6105227621938880       0.0000000000000000     -33.6083208046156656      33.6104872854404491
       0.0000000000000000     -34.1078720668774125      34.1112837898592645       0.0000000000000000     -34.1091022838113602      34.1113226582356290       0.0000000000000000     -34.1088359309599838      34.1122849302848081       0.0000000000000000     -34.1100660542442071      34.1122491527715468
       0.0000000000000000     -34.6096407443171188      34.6130786419549565       0.0000000000000000     -34.6108805459553039      34.6131178584580823       0.0000000000000000     -34.6106120045677557      34.6140875022616115       0.0000000000000000     -34.6118517110356905      34.6140514239266963
       0.0000000000000000     -35.1114498310864036      35.1149139004365622       0.0000000000000000     -35.1126992180064548      35.1149534654830831       0.0000000000000000     -35.1124284867282270      35.1159304800781698       0.0000000000000000     -35.1136777769448258      35.1158941008640326
       0.0000000000000000     -35.6132993291733939      35.6167895672854868       0.0000000000000000     -35.6145583019549719      35.6168294812965627       0.0000000000000000     -35.6142853794375185      35.6178138657284009       0.0000000000000000     -35.6155442539697091      35.6177771855730612
       0.0000000000000000     -36.1151892405329775      36.1187056444546286       0.0000000000000000     -36.1164577997558567      36.1187459078530679       0.0000000000000000     -36.1161826846442437      36.1197376611605989       0.0000000000000000     -36.1174511440591104      36.1197006800003066
       0.0000000000000000     -36.6171195671214562      36.6206621339173992       0.0000000000000000     -36.6183977133728007      36.6207027471332864       0.0000000000000000     -36.6181204042990274      36.6217018683496960       0.0000000000000000     -36.6193984491708378      36.6216645861134253
       0.0000000000000000     -37.1190903109186081      37.1226590376469900       0.0000000000000000     -37.1203780447784908      37.1227000010969732       0.0000000000000000     -37.1200985403881631      37.1237064892619912       0.0000000000000000     -37.1213861712842643      37.1236689058922096
       0.0000000000000000     -37.6211014738918408      37.6246963575931233       0.0000000000000000     -37.6223987959451449      37.6247376717024551       0.0000000000000000     -37.6221170948779431      37.6257515258547102       0.0000000000000000     -37.6234143123704072      37.6257136412852731
       0.0000000000000000     -38.1231530580057765      38.1267740957449561       0.0000000000000000     -38.1244599688281198      38.1268157609346190       0.0000000000000000     -38.1241760697304954      38.1278369801102315       0.0000000000000000     -38.1254828743821363      38.1277987942792294
       0.0000000000000000     -38.6252450652134485      38.6288922540297932       0.0000000000000000     -38.6265615653827155      38.6289342707244714       0.0000000000000000     -38.6262754668997275      38.6299628539603859       0.0000000000000000     -38.6275918592755971      38.6299243668022498
       0.0000000000000000     -39.1273774975103521      39.1310508344438972       0.0000000000000000     -39.1287035876019473      39.1310932030656744       0.0000000000000000     -39.1284152883855754      39.1321291494033545       0.0000000000000000     -39.1297412690482531      39.1320903608550452
       0.0000000000000000     -39.6295503568398146      39.6332498389580650       0.0000000000000000     -39.6308860374420249      39.6332925599258914       0.0000000000000000     -39.6305955361206372      39.6343358683959863       0.0000000000000000     -39.6319311056455774      39.6342967783976690
       0.0000000000000000     -40.1317636451440265      40.1354892695223597       0.0000000000000000     -40.1331089168397881      40.1355323432515121       0.0000000000000000     -40.1328162120593959      40.1365830128970487       0.0000000000000000     -40.1341613710167522      40.1365436213925264
       0.0000000000000000     -40.6340173644359339      40.6377691281141722       0.0000000000000000     -40.6353722278001257      40.6378125550269615       0.0000000000000000     -40.6350773182098095      40.6388705848858933       0.0000000000000000     -40.6364320671615218      40.6388308918119634
       0.0000000000000000     -41.1363115166643425      41.1400894166962274       0.0000000000000000     -41.1376759722789629      41.1401331972193063       0.0000000000000000     -41.1373788565159231      41.1411985863248475       0.0000000000000000     -41.1387431960311147      41.1411585916139018
       0.0000000000000000     -41.6386461038069271      41.6424501372339648       0.0000000000000000     -41.6400201522535269      41.6424942717926641       0.0000000000000000     -41.6397208289618490      41.6435670191844238       0.0000000000000000     -41.6410947596091745      41.6435267227702397
       0.0000000000000000     -42.1410211278079601      42.1448512916933140       0.0000000000000000     -42.1424047696610060      42.1448957807102005       0.0000000000000000     -42.1421032374881364      42.1459758854241073       0.0000000000000000     -42.1434867598291518      42.1459352872431552
       0.0000000000000000     -42.6434365906236792      42.6472928820397428       0.0000000000000000     -42.6448298264701791      42.6473377259276276       0.0000000000000000     -42.6445260840529912      42.6484251870015427       0.0000000000000000     -42.6459191986617867      42.6483842870001624
       0.0000000000000000     -43.1458924942532391      43.1497749102264763       0.0000000000000000     -43.1472953246721502      43.1498201094141933       0.0000000000000000     -43.1469893706684076      43.1509149258988671       0.0000000000000000     -43.1483920781110228      43.1508737240072620
       0.0000000000000000     -43.1889591739629850      43.1928438289161036       0.0000000000000000     -43.1903628267587862      43.1928890585693210       0.0000000000000000     -43.1900566831174544      43.1939845054184985       0.0000000000000000     -43.1914602127871916      43.1939432776610346
