      -0.0000000000041380       0.0000000000000000       0.0000000809858141
      -0.0000000300045701       0.0000000000000000       0.0000000000000211
      -0.0000000600070644       0.0000000000000000      -0.0000000000000826
      -0.0000001050108030       0.0000000000000000      -0.0000000000002132
      -0.0000001725163983       0.0000000000000000      -0.0000000000005881
      -0.0000002737747628       0.0000000000000000      -0.0000000000014412
      -0.0000004256622455       0.0000000000000000      -0.0000000000032900
      -0.0000006534933253       0.0000000000000000      -0.0000000000076445
      -0.0000009952396207       0.0000000000000000      -0.0000000000175354
      -0.0000015078583339       0.0000000000000000      -0.0000000000399865
      -0.0000022767847616       0.0000000000000000      -0.0000000000907781
      -0.0000034301707689       0.0000000000000000      -0.0000000002041176
      -0.0000051602412268       0.0000000000000000      -0.0000000004638206
      -0.0000077553279787       0.0000000000000000      -0.0000000010489486
      -0.0000116479154927       0.0000000000000000      -0.0000000023735614
      -0.0000174863200823       0.0000000000000000      -0.0000000042868179
      -0.0000234859889672       0.0000000000000000      -0.0000000069310471
      -0.0000294855343837       0.0000000000000000      -0.0000000102278279
      -0.0000354849563957       0.0000000000000000      -0.0000000142153377
      -0.0000414842549142       0.0000000000000000      -0.0000000189253731
      -0.0000474834298479       0.0000000000000000      -0.0000000243849079
      -0.0000534824811032       0.0000000000000000      -0.0000000306213255
      -0.0000594814085842       0.0000000000000000      -0.0000000376622355
      -0.0000654802121929       0.0000000000000000      -0.0000000455354712
      -0.0000714788918286       0.0000000000000000      -0.0000000542692131
      -0.0000774774473884       0.0000000000000000      -0.0000000638918116
      -0.0000834758787668       0.0000000000000000      -0.0000000744319240
      -0.0000894741858556       0.0000000000000000      -0.0000000859184400
      -0.0000954723685441       0.0000000000000000      -0.0000000983803156
      -0.0001014704267188       0.0000000000000000      -0.0000001118469515
      -0.0001074683602633       0.0000000000000000      -0.0000001263476828
      -0.0001134661690586       0.0000000000000000      -0.0000001419120305
      -0.0001194638529825       0.0000000000000000      -0.0000001585697589
      -0.0001254614119098       0.0000000000000000      -0.0000001763506191
      -0.0001314588457122       0.0000000000000000      -0.0000001952845277
      -0.0001374561542582       0.0000000000000000      -0.0000002154013394
      -0.0001434533374132       0.0000000000000000      -0.0000002367310284
      -0.0001494503950389       0.0000000000000000      -0.0000002593034991
      -0.0001554473269937       0.0000000000000000      -0.0000002831486520
      -0.0001614441331323       0.0000000000000000      -0.0000003082963273
      -0.0001674408133059       0.0000000000000000      -0.0000003347760816
      -0.0001734373673618       0.0000000000000000      -0.0000003626176031
      -0.0001794337951435       0.0000000000000000      -0.0000003918501442
      -0.0001854300964903       0.0000000000000000      -0.0000004225028254
      -0.0001914262712377       0.0000000000000000      -0.0000004546044770
      -0.0001974223192167       0.0000000000000000      -0.0000004881834818
      -0.0002034182402541       0.0000000000000000      -0.0000005232679535
      -0.0002094140341721       0.0000000000000000      -0.0000005598856152
      -0.0002154097007883       0.0000000000000000      -0.0000005980634346
      -0.0002214052399158       0.0000000000000000      -0.0000006378279974
      -0.0002274006513624       0.0000000000000000      -0.0000006792051503
      -0.0002333959349312       0.0000000000000000      -0.0000007222201492
      -0.0002393910904199       0.0000000000000000      -0.0000007668973131
      -0.0002453861176211       0.0000000000000000      -0.0000008132601384
      -0.0002513810163216       0.0000000000000000      -0.0000008613311870
      -0.0002573757863028       0.0000000000000000      -0.0000009111319143
      -0.0002633704273401       0.0000000000000000      -0.0000009626827101
      -0.0002693649392030       0.0000000000000000      -0.0000010160025728
      -0.0002753593216546       0.0000000000000000      -0.0000010711093230
      -0.0002813535744517       0.0000000000000000      -0.0000011280190902
      -0.0002873476973447       0.0000000000000000      -0.0000011867465735
      -0.0002933416900769       0.0000000000000000      -0.0000012473046848
      -0.0002993355523847       0.0000000000000000      -0.0000013097044151
      -0.0003053292839973       0.0000000000000000      -0.0000013739548400
      -0.0003113228846364       0.0000000000000000      -0.0000014400627500
      -0.0003173163540159       0.0000000000000000      -0.0000015080326726
      -0.0003233096918419       0.0000000000000000      -0.0000015778666275
      -0.0003293028978122       0.0000000000000000      -0.0000016495639278
      -0.0003352959716161       0.0000000000000000      -0.0000017231209879
      -0.0003412889129342       0.0000000000000000      -0.0000017985311236
      -0.0003472817214379       0.0000000000000000      -0.0000018757843498
      -0.0003532743967893       0.0000000000000000      -0.0000019548671271
      -0.0003592669386411       0.0000000000000000      -0.0000020357621362
      -0.0003652593466355       0.0000000000000000      -0.0000021184479960
      -0.0003712516204049       0.0000000000000000      -0.0000022028989425
      -0.0003772437595706       0.0000000000000000      -0.0000022890846819
      -0.0003832357637431       0.0000000000000000      -0.0000023769698743
      -0.0003892276325215       0.0000000000000000      -0.0000024665140075
      -0.0003952193654927       0.0000000000000000      -0.0000025576708683
      -0.0004012109622318       0.0000000000000000      -0.0000026503883016
      -0.0004072024223011       0.0000000000000000      -0.0000027446077472
      -0.0004131937452497       0.0000000000000000      -0.0000028402638162
      -0.0004191849306132       0.0000000000000000      -0.0000029372838893
      -0.0004251759779130       0.0000000000000000      -0.0000030355876429
      -0.0004311668866562       0.0000000000000000      -0.0000031350864551
      -0.0004371576563344       0.0000000000000000      -0.0000032356830225
      -0.0004431482864240       0.0000000000000000      -0.0000033372706549
      -0.0004491387763847       0.0000000000000000      -0.0000034397327962
      -0.0004551291256598       0.0000000000000000      -0.0000035429422278
      -0.0004611193336748       0.0000000000000000      -0.0000036467605671
      -0.0004671093998372       0.0000000000000000      -0.0000037510374284
      -0.0004730993235358       0.0000000000000000      -0.0000038556096784
      -0.0004790891041397       0.0000000000000000      -0.0000039603006709
      -0.0004850787409979       0.0000000000000000      -0.0000040649192595
      -0.0004910682334382       0.0000000000000000      -0.0000041692589963
      -0.0004970575807666       0.0000000000000000      -0.0000042730970820
      -0.0005030467822663       0.0000000000000000      -0.0000043761932999
      -0.0005090358371970       0.0000000000000000      -0.0000044782889852
      -0.0005150247447936       0.0000000000000000      -0.0000045791057203
      -0.0005210135042656       0.0000000000000000      -0.0000046783441060
      -0.0005270021147960       0.0000000000000000      -0.0000047756824820
      -0.0005329905755399       0.0000000000000000      -0.0000048707753550
      -0.0005389788856237       0.0000000000000000      -0.0000049632519546
      -0.0005449670441437       0.0000000000000000      -0.0000050527145049
      -0.0005509550501650       0.0000000000000000      -0.0000051387365694
      -0.0005569429027202       0.0000000000000000      -0.0000052208610984
      -0.0005629306008078       0.0000000000000000      -0.0000052985984167
      -0.0005689181433909       0.0000000000000000      -0.0000053714241176
      -0.0005749055293957       0.0000000000000000      -0.0000054387767559
      -0.0005808927577099       0.0000000000000000      -0.0000055000554231
      -0.0005868798271808       0.0000000000000000      -0.0000055546170697
      -0.0005928667366138       0.0000000000000000      -0.0000056017736992
      -0.0005988536553152       0.0000000000000000      -0.0000056993262676
      -0.0006048409541807       0.0000000000000000      -0.0000058105612846
      -0.0006108284589186       0.0000000000000000      -0.0000059086429676
      -0.0006168158440351       0.0000000000000000      -0.0000060238082466
      -0.0006228031097947       0.0000000000000000      -0.0000061400204376
      -0.0006287902560551       0.0000000000000000      -0.0000062573588763
      -0.0006347772828216       0.0000000000000000      -0.0000063758027085
      -0.0006407641900988       0.0000000000000000      -0.0000064953519258
      -0.0006467509778914       0.0000000000000000      -0.0000066160063893
      -0.0006527376462043       0.0000000000000000      -0.0000067377659531
      -0.0006587241950422       0.0000000000000000      -0.0000068606304438
      -0.0006647106244098       0.0000000000000000      -0.0000069845997656
      -0.0006706969343120       0.0000000000000000      -0.0000071096737400
      -0.0006766831247535       0.0000000000000000      -0.0000072358522430
      -0.0006826691957390       0.0000000000000000      -0.0000073631351064
      -0.0006886551472734       0.0000000000000000      -0.0000074915222317
      -0.0006946409793614       0.0000000000000000      -0.0000076210134495
      -0.0007006266920077       0.0000000000000000      -0.0000077516086243
      -0.0007066122852173       0.0000000000000000      -0.0000078833076244
      -0.0007125977589947       0.0000000000000000      -0.0000080161102916
      -0.0007185831133447       0.0000000000000000      -0.0000081500164776
      -0.0007245683482723       0.0000000000000000      -0.0000082850260633
      -0.0007305534637820       0.0000000000000000      -0.0000084211388791
      -0.0007365384598787       0.0000000000000000      -0.0000085583548314
      -0.0007425233365671       0.0000000000000000      -0.0000086966737347
      -0.0007485080938521       0.0000000000000000      -0.0000088360954579
      -0.0007544927317382       0.0000000000000000      -0.0000089766198621
      -0.0007604772502305       0.0000000000000000      -0.0000091182468106
      -0.0007664616493335       0.0000000000000000      -0.0000092609761530
      -0.0007724459290520       0.0000000000000000      -0.0000094048077484
      -0.0007784300893909       0.0000000000000000      -0.0000095497414796
      -0.0007844141303548       0.0000000000000000      -0.0000096957771731
      -0.0007903980519486       0.0000000000000000      -0.0000098429146969
      -0.0007963818541770       0.0000000000000000      -0.0000099911539009
      -0.0008023655370448       0.0000000000000000      -0.0000101404946659
      -0.0008083491005567       0.0000000000000000      -0.0000102909368519
      -0.0008143325447175       0.0000000000000000      -0.0000104424802954
      -0.0008203158695319       0.0000000000000000      -0.0000105951248493
      -0.0008262990750048       0.0000000000000000      -0.0000107488703975
      -0.0008322821611408       0.0000000000000000      -0.0000109037168001
      -0.0008382651279447       0.0000000000000000      -0.0000110596639083
      -0.0008442479754214       0.0000000000000000      -0.0000112167115637
      -0.0008502307035755       0.0000000000000000      -0.0000113748596458
      -0.0008562133124118       0.0000000000000000      -0.0000115341080109
      -0.0008621958019351       0.0000000000000000      -0.0000116944564964
      -0.0008681781721501       0.0000000000000000      -0.0000118559049804
      -0.0008741604230616       0.0000000000000000      -0.0000120184533278
      -0.0008801425546743       0.0000000000000000      -0.0000121821013906
      -0.0008861245669930       0.0000000000000000      -0.0000123468490302
      -0.0008921064600225       0.0000000000000000      -0.0000125126961101
      -0.0008980875484404       0.0000000000000000      -0.0000125269617907
