      -0.0000000000039090       0.0000000000000000       0.0000000000328356
      -0.0000000724096782       0.0000000000000000      -0.0000000000023311
      -0.0000001267176181       0.0000000000000000       0.0000000000080823
      -0.0000002081794666       0.0000000000000000      -0.0000000000022948
      -0.0000003303722533       0.0000000000000000       0.0000000000009326
      -0.0000005136615292       0.0000000000000000      -0.0000000000020471
      -0.0000007885956474       0.0000000000000000      -0.0000000000054389
      -0.0000012009972373       0.0000000000000000      -0.0000000000072457
      -0.0000018196005083       0.0000000000000000      -0.0000000000087590
      -0.0000027475073900       0.0000000000000000      -0.0000000000235201
      -0.0000041393721613       0.0000000000000000      -0.0000000000551652
      -0.0000062271793422       0.0000000000000000      -0.0000000000812739
      -0.0000093589126811       0.0000000000000000      -0.0000000001007045
      -0.0000140565634718       0.0000000000000000       0.0000000000214505
      -0.0000211031539143       0.0000000000000000       0.0000000009281745
      -0.0000283448546792       0.0000000000000000       0.0000000013507897
      -0.0000355867139439       0.0000000000000000       0.0000000008009034
      -0.0000428287180186       0.0000000000000000      -0.0000000002202035
      -0.0000500708669028       0.0000000000000000      -0.0000000016471060
      -0.0000573131605967       0.0000000000000000      -0.0000000034596045
      -0.0000645555991007       0.0000000000000000      -0.0000000056783249
      -0.0000717981824146       0.0000000000000000      -0.0000000082908648
      -0.0000790409105387       0.0000000000000000      -0.0000000113038872
      -0.0000862837834727       0.0000000000000000      -0.0000000147179889
      -0.0000935268012167       0.0000000000000000      -0.0000000185254754
      -0.0001007699637706       0.0000000000000000      -0.0000000227427263
      -0.0001080132711344       0.0000000000000000      -0.0000000273453101
      -0.0001152567233082       0.0000000000000000      -0.0000000323521962
      -0.0001225003202918       0.0000000000000000      -0.0000000377478165
      -0.0001297440620854       0.0000000000000000      -0.0000000435513280
      -0.0001369879486889       0.0000000000000000      -0.0000000497340082
      -0.0001442319801024       0.0000000000000000      -0.0000000563323602
      -0.0001514761563257       0.0000000000000000      -0.0000000633254645
      -0.0001587204773590       0.0000000000000000      -0.0000000707110806
      -0.0001659649432021       0.0000000000000000      -0.0000000784900144
      -0.0001732095538552       0.0000000000000000      -0.0000000866737447
      -0.0001804543093182       0.0000000000000000      -0.0000000952430143
      -0.0001876992095910       0.0000000000000000      -0.0000001042107297
      -0.0001949442546737       0.0000000000000000      -0.0000001135777826
      -0.0002021894445664       0.0000000000000000      -0.0000001233481660
      -0.0002094347792688       0.0000000000000000      -0.0000001334989118
      -0.0002166802587812       0.0000000000000000      -0.0000001440574601
      -0.0002239258831034       0.0000000000000000      -0.0000001549975966
      -0.0002311716522354       0.0000000000000000      -0.0000001663387454
      -0.0002384175661774       0.0000000000000000      -0.0000001780795434
      -0.0002456636249291       0.0000000000000000      -0.0000001902041589
      -0.0002529098284908       0.0000000000000000      -0.0000002027413486
      -0.0002601561768623       0.0000000000000000      -0.0000002156604952
      -0.0002674026700436       0.0000000000000000      -0.0000002289736719
      -0.0002746493080347       0.0000000000000000      -0.0000002426826773
      -0.0002818960908357       0.0000000000000000      -0.0000002567877181
      -0.0002891430184464       0.0000000000000000      -0.0000002712760822
      -0.0002963900908671       0.0000000000000000      -0.0000002861755783
      -0.0003036373080975       0.0000000000000000      -0.0000003014556871
      -0.0003108846701378       0.0000000000000000      -0.0000003171439596
      -0.0003181321769879       0.0000000000000000      -0.0000003332105274
      -0.0003253798286477       0.0000000000000000      -0.0000003496730613
      -0.0003326276251173       0.0000000000000000      -0.0000003665232571
      -0.0003398755663968      -0.0000000000000001      -0.0000003837725260
      -0.0003471236524861      -0.0000000000000003      -0.0000004014104777
      -0.0003543718833854      -0.0000000000000013      -0.0000004194510261
      -0.0003616202590955      -0.0000000000000061      -0.0000004378677406
      -0.0003688687796198      -0.0000000000000274      -0.0000004566892104
      -0.0003761174449729      -0.0000000000001192      -0.0000004758958360
      -0.0003833662552145      -0.0000000000005045      -0.0000004954792624
      -0.0003906152105853      -0.0000000000020781      -0.0000005153855615
      -0.0003978643120244      -0.0000000000083319      -0.0000005354696902
      -0.0004051135630852      -0.0000000000324594      -0.0000005550966824
      -0.0004123629766636      -0.0000000001221641      -0.0000005720664009
      -0.0004196125974879      -0.0000000004416463      -0.0000005792799411
      -0.0004268625774340      -0.0000000015452589      -0.0000005512574839
      -0.0004341134258485      -0.0000000052909623      -0.0000003979413085
      -0.0004413667468084      -0.0000000175645796       0.0000001403097499
      -0.0004486269033982      -0.0000000543421187       0.0000016238774862
      -0.0004559021860113      -0.0000001459903226       0.0000040580157983
      -0.0004632003140975      -0.0000003207560094       0.0000048467948316
      -0.0004705210723498      -0.0000005778877430       0.0000027325999365
      -0.0004778579077835      -0.0000008933918438       0.0000005898535301
      -0.0004852039698348      -0.0000012423742392      -0.0000004209343573
      -0.0004925549173347      -0.0000016085579345      -0.0000007008460147
      -0.0004999081466302      -0.0000019829176219      -0.0000008715707454
      -0.0005072625617686      -0.0000023612696058      -0.0000009399903981
      -0.0005146176063759      -0.0000027415317985      -0.0000009840164242
      -0.0005219729685835      -0.0000031227072860      -0.0000008930882340
      -0.0005293285851359      -0.0000035044081510      -0.0000011038554675
      -0.0005366844210367      -0.0000038863751221      -0.0000011280555739
      -0.0005440403930271      -0.0000042684105206      -0.0000011478001449
      -0.0005513964883768      -0.0000046504838044      -0.0000011766330254
      -0.0005587527048660      -0.0000050325897003      -0.0000012068711284
      -0.0005661090420718      -0.0000054147270662      -0.0000012375461230
      -0.0005734654998715      -0.0000057968955407      -0.0000012685971950
      -0.0005808220782000      -0.0000061790949744      -0.0000013000908497
      -0.0005881787770573      -0.0000065613253365      -0.0000013319219935
      -0.0005955355964202      -0.0000069435865468      -0.0000013641680546
      -0.0006028925362717      -0.0000073258785892      -0.0000013968099343
      -0.0006102495966048      -0.0000077082014616      -0.0000014298707261
      -0.0006176067774144      -0.0000080905551645      -0.0000014633408165
      -0.0006249640786964      -0.0000084729396994      -0.0000014972180743
      -0.0006323215004465      -0.0000088553550677      -0.0000015315005503
      -0.0006396790426605      -0.0000092378012708      -0.0000015661952949
      -0.0006470367053337      -0.0000096202783103      -0.0000016012932203
      -0.0006543944884619      -0.0000100027861877      -0.0000016368025195
      -0.0006617523920406      -0.0000103853249044      -0.0000016727188622
      -0.0006691104160654      -0.0000107678944621      -0.0000017090438077
      -0.0006764685605321      -0.0000111504948621      -0.0000017457775871
      -0.0006838268254361      -0.0000115331261059      -0.0000017829121000
      -0.0006911852107733      -0.0000119157881952      -0.0000018204648462
      -0.0006985437165390      -0.0000122984811313      -0.0000018584144073
      -0.0007059023427292      -0.0000126812049158      -0.0000018967838235
      -0.0007132610893393      -0.0000130639595502      -0.0000019355524389
      -0.0007206199563649      -0.0000134467450360      -0.0000019747255478
      -0.0007279789438017      -0.0000138295613746      -0.0000020143132070
      -0.0007353380516453      -0.0000142124085676      -0.0000020542907240
      -0.0007426972798914      -0.0000145952866165      -0.0000020946969152
      -0.0007500566285354      -0.0000149781955228      -0.0000021354891515
      -0.0007574160975732      -0.0000153611352880      -0.0000021766928921
      -0.0007647756870003      -0.0000157441059135      -0.0000022183052065
      -0.0007721353968123      -0.0000161271074010      -0.0000022603240946
      -0.0007794952270049      -0.0000165101397518      -0.0000023027532475
      -0.0007868551775736      -0.0000168932029675      -0.0000023455788583
      -0.0007942152485142      -0.0000172762970496      -0.0000023888178351
      -0.0008015754398221      -0.0000176594219996      -0.0000024324451768
      -0.0008089357514931      -0.0000180425778190      -0.0000024764876212
      -0.0008162961835227      -0.0000184257645092      -0.0000025209362410
      -0.0008236567359067      -0.0000188089820719      -0.0000025657931023
      -0.0008310174086405      -0.0000191922305085      -0.0000026110488162
      -0.0008383782017199      -0.0000195755098205      -0.0000026567106597
      -0.0008457391151404      -0.0000199588200094      -0.0000027027765574
      -0.0008531001488976      -0.0000203421610766      -0.0000027492428486
      -0.0008604613029872      -0.0000207255330238      -0.0000027961150058
      -0.0008678225774049      -0.0000211089358524      -0.0000028433890576
      -0.0008751839721461      -0.0000214923695639      -0.0000028910790264
      -0.0008825454872066      -0.0000218758341598      -0.0000029391589783
      -0.0008899071225819      -0.0000222593296417      -0.0000029876434932
      -0.0008972688782678      -0.0000226428560109      -0.0000030365357483
      -0.0009046307542596      -0.0000230264132691      -0.0000030858224515
      -0.0009119927505532      -0.0000234100014177      -0.0000031355144087
      -0.0009193548671441      -0.0000237936204582      -0.0000031856145645
      -0.0009267171040279      -0.0000241772703921      -0.0000032361136871
      -0.0009340794612003      -0.0000245609512210      -0.0000032870108763
      -0.0009414419386568      -0.0000249446629463      -0.0000033383124641
      -0.0009488045363932      -0.0000253284055695      -0.0000033900306121
      -0.0009561672544049      -0.0000257121790922      -0.0000034421270823
      -0.0009635300926876      -0.0000260959835158      -0.0000034946397635
      -0.0009708930512370      -0.0000264798188419      -0.0000035475490822
      -0.0009782561300486      -0.0000268636850719      -0.0000036008590428
      -0.0009856193291180      -0.0000272475822073      -0.0000036545699704
      -0.0009929826484409      -0.0000276315102497      -0.0000037086771722
      -0.0010003460880128      -0.0000280154692006      -0.0000037631934462
      -0.0010077096478295      -0.0000283994590614      -0.0000038181142761
      -0.0010150733278865      -0.0000287834798337      -0.0000038734240066
      -0.0010224371281794      -0.0000291675315189      -0.0000039291443532
      -0.0010298010487037      -0.0000295516141186      -0.0000039852559682
      -0.0010371650894552      -0.0000299357276343      -0.0000040417693892
      -0.0010445292504295      -0.0000303198720675      -0.0000040986851226
      -0.0010518935316221      -0.0000307040474196      -0.0000041559987089
      -0.0010592579330286      -0.0000310882536922      -0.0000042137142151
      -0.0010666224546447      -0.0000314724908868      -0.0000042718255530
      -0.0010739870964660      -0.0000318567590049      -0.0000043303425250
      -0.0010813518584881      -0.0000322410580480      -0.0000043892534035
      -0.0010887167407066      -0.0000326253880176      -0.0000044485573290
      -0.0010960817431171      -0.0000330097489152      -0.0000045082675348
      -0.0010967134495652      -0.0000330426926484      -0.0000045563146235
