       0.0000000000000000       0.0000000000000000       0.0000000000000000       0.0000000000000000       0.0000000000000000       0.0000000000000000       0.0000000000000000       0.0000000000000000       0.0000000000000000       0.0000000000000000       0.0000000000000000       0.0000000000000000
       0.0000000000000000       0.0000000000000000       0.0000000000000000       0.0000000000000000       0.0000000000000000       0.0000000000000000       0.0000000000000000       0.0000000000000000       0.0000000000000000       0.0000000000000000       0.0000000000000000       0.0000000000000000
       0.0000000000000000       0.0000000000000000       0.0000000000000000       0.0000000000000000       0.0000000000000000       0.0000000000000000       0.0000000000000000       0.0000000000000000       0.0000000000000000       0.0000000000000000       0.0000000000000000       0.0000000000000000
       0.0000000000000000       0.0000000000000000       0.0000000000000000       0.0000000000000000       0.0000000000000000       0.0000000000000000       0.0000000000000000       0.0000000000000000       0.0000000000000000       0.0000000000000000       0.0000000000000000       0.0000000000000000
       0.0000000000000000       0.0000000000000000       0.0000000000000000       0.0000000000000000       0.0000000000000000       0.0000000000000000       0.0000000000000000       0.0000000000000000       0.0000000000000000       0.0000000000000000       0.0000000000000000       0.0000000000000000
       0.0000000000000000       0.0000000000000000       0.0000000000000000       0.0000000000000000       0.0000000000000000       0.0000000000000000       0.0000000000000000       0.0000000000000000       0.0000000000000000       0.0000000000000000       0.0000000000000000       0.0000000000000000
       0.0000000000000000       0.0000000000000000       0.0000000000000000       0.0000000000000000       0.0000000000000000       0.0000000000000000       0.0000000000000000       0.0000000000000000       0.0000000000000000       0.0000000000000000       0.0000000000000000       0.0000000000000000
       0.0000000000000000       0.0000000000000000       0.0000000000000000       0.0000000000000000       0.0000000000000000       0.0000000000000000       0.0000000000000000       0.0000000000000000       0.0000000000000000       0.0000000000000000       0.0000000000000000       0.0000000000000000
       0.0000000000000000       0.0000000000000000       0.0000000000000000       0.0000000000000000       0.0000000000000000       0.0000000000000000       0.0000000000000000       0.0000000000000000       0.0000000000000000       0.0000000000000000       0.0000000000000000       0.0000000000000000
       0.0000000000000000       0.0000000000000000       0.0000000000000000       0.0000000000000000       0.0000000000000000       0.0000000000000000       0.0000000000000000       0.0000000000000000       0.0000000000000000       0.0000000000000000       0.0000000000000000       0.0000000000000000
       0.0000000000000000       0.0000000000000000       0.0000000000000000       0.0000000000000000       0.0000000000000000       0.0000000000000000       0.0000000000000000       0.0000000000000000       0.0000000000000000       0.0000000000000000       0.0000000000000000       0.0000000000000000
       0.0000000000000000       0.0000000000000000       0.0000000000000000       0.0000000000000000       0.0000000000000000       0.0000000000000000       0.0000000000000000       0.0000000000000000       0.0000000000000000       0.0000000000000000       0.0000000000000000       0.0000000000000000
       0.0000000000000000       0.0000000000000000       0.0000000000000000       0.0000000000000000       0.0000000000000000       0.0000000000000000       0.0000000000000000       0.0000000000000000       0.0000000000000000       0.0000000000000000       0.0000000000000000       0.0000000000000000
       0.0000000000000000       0.0000000000000000       0.0000000000000000       0.0000000000000000       0.0000000000000000       0.0000000000000000       0.0000000000000000       0.0000000000000000       0.0000000000000000       0.0000000000000000       0.0000000000000000       0.0000000000000000
       0.0000000000000000       0.0000000000000000       0.0000000000000000       0.0000000000000000       0.0000000000000000       0.0000000000000000       0.0000000000000000       0.0000000000000000       0.0000000000000000       0.0000000000000000       0.0000000000000000       0.0000000000000000
       0.0000000000000000       0.0000000000000000       0.0000000000000000       0.0000000000000000       0.0000000000000000       0.0000000000000000       0.0000000000000000       0.0000000000000000       0.0000000000000000       0.0000000000000000       0.0000000000000000       0.0000000000000000
       0.0000000000000000       0.0000000000000000       0.0000000000000000       0.0000000000000000       0.0000000000000000       0.0000000000000000       0.0000000000000000       0.0000000000000000       0.0000000000000000       0.0000000000000000       0.0000000000000000       0.0000000000000000
       0.0000000000000000       0.0000000000000000       0.0000000000000000       0.0000000000000000       0.0000000000000000       0.0000000000000000       0.0000000000000000       0.0000000000000000       0.0000000000000000       0.0000000000000000       0.0000000000000000       0.0000000000000000
       0.0000000000000000       0.0000000000000000       0.0000000000000000       0.0000000000000000       0.0000000000000000       0.0000000000000000       0.0000000000000000       0.0000000000000000       0.0000000000000000       0.0000000000000000       0.0000000000000000       0.0000000000000000
       0.0000000000000000       0.0000000000000000       0.0000000000000000       0.0000000000000000       0.0000000000000000       0.0000000000000000       0.0000000000000000       0.0000000000000000       0.0000000000000000       0.0000000000000000       0.0000000000000000       0.0000000000000000
       0.0000000000000000       0.0000000000000000       0.0000000000000000       0.0000000000000000       0.0000000000000000       0.0000000000000000       0.0000000000000000       0.0000000000000000       0.0000000000000000       0.0000000000000000       0.0000000000000000       0.0000000000000000
       0.0000000000000000       0.0000000000000000       0.0000000000000000       0.0000000000000000       0.0000000000000000       0.0000000000000000       0.0000000000000000       0.0000000000000000       0.0000000000000000       0.0000000000000000       0.0000000000000000       0.0000000000000000
       0.0000000000000000       0.0000000000000000       0.0000000000000000       0.0000000000000000       0.0000000000000000       0.0000000000000000       0.0000000000000000       0.0000000000000000       0.0000000000000000       0.0000000000000000       0.0000000000000000       0.0000000000000000
       0.0000004007435576      -0.0000003495369613       0.0000000000000000      -0.0000001867157621       0.0000002146342609       0.0000000000000000       0.0000004013900485      -0.0000003497364012       0.0000000000000000      -0.0000001870200632       0.0000002145110645       0.0000000000000000
       6.7136296025079600      -6.6144581794933783       0.0000000000000000      -6.1723150939339773       6.2717154765783310       0.0000000000000000       6.7144324071734918      -6.6147403778482925       0.0000000000000000      -6.1731136820566315       6.2714342121466267       0.0000000000000000
      13.7574376444075561     -13.6112825827839359       0.0000000000000000     -12.9614347888707577      13.1082349647125156       0.0000000000000000      13.7584457423146596     -13.6116393403308340       0.0000000000000000     -12.9624421901835660      13.1078783622084174       0.0000000000000000
      13.7585484427399418     -13.6123859775207663       0.0000000000000000     -12.9625054772672517      13.1093131240618526       0.0000000000000000      13.7595565731968179     -13.6127427470273439       0.0000000000000000     -12.9635129116918844      13.1089565094767764       0.0000000000000000
      13.7596563470806945     -13.6134865149195079       0.0000000000000000     -12.9635735031117161      13.1103885854656514       0.0000000000000000      13.7606645102611225     -13.6138432965816243       0.0000000000000000     -12.9645809708138469      13.1100319586084275       0.0000000000000000
      13.7613128449918989     -13.6151320326195275       0.0000000000000000     -12.9651705632431948      13.1119967303525797       0.0000000000000000      13.7623210571461350     -13.6154888324679462       0.0000000000000000     -12.9661780807489890      13.1116400851341250       0.0000000000000000
      13.7637785085747471     -13.6175814746111641       0.0000000000000000     -12.9675484148614455      13.1143909650350370       0.0000000000000000      13.7647867928134975     -13.6179383012580377       0.0000000000000000     -12.9685560057269562      13.1140342927487659       0.0000000000000000
      13.7674454322854327     -13.6212244737484731       0.0000000000000000     -12.9710858271793636      13.1179525517433149       0.0000000000000000      13.7684538227004758     -13.6215813398584178       0.0000000000000000     -12.9720935261711485      13.1175958395801544       0.0000000000000000
      13.7728764494702691     -13.6266204901212635       0.0000000000000000     -12.9763273708967120      13.1232294871387669       0.0000000000000000      13.7738849954181575     -13.6269774140257258       0.0000000000000000     -12.9773352284048240      13.1228727165445651       0.0000000000000000
      13.7808722653423708     -13.6345656971795730       0.0000000000000000     -12.9840492181738902      13.1310025614483674       0.0000000000000000      13.7818810367962694     -13.6349227049156987       0.0000000000000000     -12.9850573057681995      13.1306457060400952       0.0000000000000000
      13.7925437910206288     -13.6461652561750064       0.0000000000000000     -12.9953311622276626      13.1423574575718334       0.0000000000000000      13.7935528840155257     -13.6465223835432852       0.0000000000000000     -12.9963395784260225      13.1420004810067859       0.0000000000000000
      13.8093776915941948     -13.6628991680790257       0.0000000000000000     -13.0116238347269935      13.1587516904587005       0.0000000000000000      13.8103872321835759     -13.6632564621260553       0.0000000000000000     -13.0126327094160938      13.1583945448442829       0.0000000000000000
      13.8332641098460343     -13.6866509535110517       0.0000000000000000     -13.0347816694625376      13.1820466369757376       0.0000000000000000      13.8342742540076546     -13.6870084725258820       0.0000000000000000     -13.0357911643632551      13.1816892627418252       0.0000000000000000
      13.8546349161432616     -13.7079069863981680       0.0000000000000000     -13.0555315409493602      13.2029136719348674       0.0000000000000000      13.8556455755279799     -13.7082646975986293       0.0000000000000000     -13.0565415667633413      13.2025561020505577       0.0000000000000000
