       0.0000000000000000       0.0000000000000000      -0.0000000000004875
       0.0000000000000200       0.0000000000000000       0.0000000014586209
       0.0000000000000613       0.0000000000000000       0.0000000044641515
       0.0000000000001654       0.0000000000000000       0.0000000120307514
       0.0000000000004164       0.0000000000000000       0.0000000302921883
       0.0000000000010064       0.0000000000000000       0.0000000732151977
       0.0000000000023719       0.0000000000000000       0.0000001725495895
       0.0000000000055014       0.0000000000000000       0.0000004002053477
       0.0000000000126281       0.0000000000000000       0.0000009186382857
       0.0000000000287913       0.0000000000000000       0.0000020944398531
       0.0000000000653507       0.0000000000000000       0.0000047539718574
       0.0000000001478975       0.0000000000000000       0.0000107588868978
       0.0000000003340605       0.0000000000000000       0.0000243014123103
       0.0000000007535759       0.0000000000000000       0.0000548192801527
       0.0000000016984584       0.0000000000000000       0.0001235552618862
       0.0000000038259036       0.0000000000000000       0.0002783173952435
       0.0000000086148447       0.0000000000000000       0.0006266914554086
       0.0000000193932459       0.0000000000000000       0.0014107719846793
       0.0000000436495745       0.0000000000000000       0.0031753115521526
       0.0000000982337026       0.0000000000000000       0.0071460632784404
       0.0000002210590740       0.0000000000000000       0.0160810620175263
       0.0000004974327844       0.0000000000000000       0.0361860241104344
       0.0000011192985698       0.0000000000000000       0.0814240310560880
       0.0000025185339968       0.0000000000002247       0.1832123895347265
       0.0000056668793638       0.0000002080237410       0.3910284548963252
       0.0000079993297084       0.0000003053678304       0.5482029383698970
       0.0000079994371639       0.0000003053831131       0.5482311408785902
       0.0000079994371982       0.0000003053983178       0.5482292659817771
       0.0000079994372055       0.0000003054209514       0.5482264683224064
       0.0000079994372118       0.0000003054545163       0.5482223251958532
       0.0000079994372163       0.0000003055040193       0.5482161999720889
       0.0000079994372189       0.0000003055764377       0.5482072078861400
       0.0000079994372210       0.0000003056811377       0.5481941390986952
       0.0000079994372245       0.0000003058299777       0.5481754140576881
       0.0000079994372307       0.0000003060366276       0.5481491094358527
       0.0000079994372404       0.0000003063144658       0.5481131233259094
       0.0000079994372464       0.0000003065513776       0.5480819777177472
