       0.0000000000000000       0.0000000000000000       0.0000000022517745
      -0.0000000000000050       0.0000000000000000      -0.0000000006186596
      -0.0000000000000200       0.0000000000000000      -0.0000000024748105
      -0.0000000000000593       0.0000000000000000      -0.0000000073475071
      -0.0000000000001563       0.0000000000000000      -0.0000000193556023
      -0.0000000000003872       0.0000000000000000      -0.0000000479403929
      -0.0000000000009256       0.0000000000000000      -0.0000001146057020
      -0.0000000000021655       0.0000000000000000      -0.0000002681269624
      -0.0000000000049980       0.0000000000000000      -0.0000006188365973
      -0.0000000000114351       0.0000000000000000      -0.0000014158637468
      -0.0000000000260147       0.0000000000000000      -0.0000032210703630
      -0.0000000000589629       0.0000000000000000      -0.0000073006284222
      -0.0000000001333124       0.0000000000000000      -0.0000165063986239
      -0.0000000003009230       0.0000000000000000      -0.0000372595283485
      -0.0000000006785332       0.0000000000000000      -0.0000840142907380
      -0.0000000015288857       0.0000000000000000      -0.0001893028368417
      -0.0000000034432730       0.0000000000000000      -0.0004263375615928
      -0.0000000077522858       0.0000000000000000      -0.0009598689349176
      -0.0000000174500266       0.0000000000000000      -0.0021606193837726
      -0.0000000392736361       0.0000000000000000      -0.0048627651558567
      -0.0000000883822955       0.0000000000000000      -0.0109432789041853
      -0.0000001988850810       0.0000000000000000      -0.0246254628103580
      -0.0000004475287734       0.0000000000000000      -0.0554119151692017
      -0.0000010069930193       0.0000000000111198      -0.1246849135902902
      -0.0000022658156596       0.0000000000271885      -0.2805518110050663
      -0.0000033312048250       0.0000000000384079      -0.4124924954016247
      -0.0000033310155163       0.0000000000384096      -0.4124927282514130
      -0.0000033310163043       0.0000000000384113      -0.4124927260419019
      -0.0000033310162818       0.0000000000384138      -0.4124927272854964
      -0.0000033310162820       0.0000000000384176      -0.4124927293164822
      -0.0000033310162891       0.0000000000384231      -0.4124927307718256
      -0.0000033310162914       0.0000000000384310      -0.4124927318766597
      -0.0000033310162875       0.0000000000384423      -0.4124927333950597
      -0.0000033310162802       0.0000000000384581      -0.4124927358594315
      -0.0000033310162716       0.0000000000384794      -0.4124927394751950
      -0.0000033310162616       0.0000000000385069      -0.4124927443237693
      -0.0000033310162556       0.0000000000385297      -0.4124927484188852
