       0.0000000000000000       0.0000000000000000       0.0000000000000000       0.0000000000000000       0.0000000000000000       0.0000000000000000       0.0000000000000000       0.0000000000000000       0.0000000000000000       0.0000000000000000       0.0000000000000000       0.0000000000000000
       0.0000000000000000       0.0000000000000000       0.0000000000000000       0.0000000000000000       0.0000000000000000       0.0000000000000000       0.0000000000000000       0.0000000000000000       0.0000000000000000       0.0000000000000000       0.0000000000000000       0.0000000000000000
       0.0000000000000000       0.0000000000000000       0.0000000000000000       0.0000000000000000       0.0000000000000000       0.0000000000000000       0.0000000000000000       0.0000000000000000       0.0000000000000000       0.0000000000000000       0.0000000000000000       0.0000000000000000
       0.0000000000000000       0.0000000000000000       0.0000000000000000       0.0000000000000000       0.0000000000000000       0.0000000000000000       0.0000000000000000       0.0000000000000000       0.0000000000000000       0.0000000000000000       0.0000000000000000       0.0000000000000000
       0.0000000000000000       0.0000000000000000       0.0000000000000000       0.0000000000000000       0.0000000000000000       0.0000000000000000       0.0000000000000000       0.0000000000000000       0.0000000000000000       0.0000000000000000       0.0000000000000000       0.0000000000000000
       0.0000000000000000       0.0000000000000000       0.0000000000000000       0.0000000000000000       0.0000000000000000       0.0000000000000000       0.0000000000000000       0.0000000000000000       0.0000000000000000       0.0000000000000000       0.0000000000000000       0.0000000000000000
       0.0000000000000000       0.0000000000000000       0.0000000000000000       0.0000000000000000       0.0000000000000000       0.0000000000000000       0.0000000000000000       0.0000000000000000       0.0000000000000000       0.0000000000000000       0.0000000000000000       0.0000000000000000
       0.0000000000000000       0.0000000000000000       0.0000000000000000       0.0000000000000000       0.0000000000000000       0.0000000000000000       0.0000000000000000       0.0000000000000000       0.0000000000000000       0.0000000000000000       0.0000000000000000       0.0000000000000000
       0.0000000000000000       0.0000000000000000       0.0000000000000000       0.0000000000000000       0.0000000000000000       0.0000000000000000       0.0000000000000000       0.0000000000000000       0.0000000000000000       0.0000000000000000       0.0000000000000000       0.0000000000000000
       0.0000000000000000       0.0000000000000000       0.0000000000000000       0.0000000000000000       0.0000000000000000       0.0000000000000000       0.0000000000000000       0.0000000000000000       0.0000000000000000       0.0000000000000000       0.0000000000000000       0.0000000000000000
       0.0000000000000000       0.0000000000000000       0.0000000000000000       0.0000000000000000       0.0000000000000000       0.0000000000000000       0.0000000000000000       0.0000000000000000       0.0000000000000000       0.0000000000000000       0.0000000000000000       0.0000000000000000
       0.0000000000000000       0.0000000000000000       0.0000000000000000       0.0000000000000000       0.0000000000000000       0.0000000000000000       0.0000000000000000       0.0000000000000000       0.0000000000000000       0.0000000000000000       0.0000000000000000       0.0000000000000000
       0.0000000000000000       0.0000000000000000       0.0000000000000000       0.0000000000000000       0.0000000000000000       0.0000000000000000       0.0000000000000000       0.0000000000000000       0.0000000000000000       0.0000000000000000       0.0000000000000000       0.0000000000000000
       0.0000000000000000       0.0000000000000000       0.0000000000000000       0.0000000000000000       0.0000000000000000       0.0000000000000000       0.0000000000000000       0.0000000000000000       0.0000000000000000       0.0000000000000000       0.0000000000000000       0.0000000000000000
       0.0000000000000000       0.0000000000000000       0.0000000000000000       0.0000000000000000       0.0000000000000000       0.0000000000000000       0.0000000000000000       0.0000000000000000       0.0000000000000000       0.0000000000000000       0.0000000000000000       0.0000000000000000
       0.0000000000000000       0.0000000000000000       0.0000000000000000       0.0000000000000000       0.0000000000000000       0.0000000000000000       0.0000000000000000       0.0000000000000000       0.0000000000000000       0.0000000000000000       0.0000000000000000       0.0000000000000000
       0.0000000000000000       0.0000000000000000       0.0000000000000000       0.0000000000000000       0.0000000000000000       0.0000000000000000       0.0000000000000000       0.0000000000000000       0.0000000000000000       0.0000000000000000       0.0000000000000000       0.0000000000000000
       0.0000000000000000       0.0000000000000000       0.0000000000000000       0.0000000000000000       0.0000000000000000       0.0000000000000000       0.0000000000000000       0.0000000000000000       0.0000000000000000       0.0000000000000000       0.0000000000000000       0.0000000000000000
       0.0000000000000000       0.0000000000000000       0.0000000000000000       0.0000000000000000       0.0000000000000000       0.0000000000000000       0.0000000000000000       0.0000000000000000       0.0000000000000000       0.0000000000000000       0.0000000000000000       0.0000000000000000
       0.0000000000000000       0.0000000000000000       0.0000000000000000       0.0000000000000000       0.0000000000000000       0.0000000000000000       0.0000000000000000       0.0000000000000000       0.0000000000000000       0.0000000000000000       0.0000000000000000       0.0000000000000000
       0.0000000000000000       0.0000000000000000       0.0000000000000000       0.0000000000000000       0.0000000000000000       0.0000000000000000       0.0000000000000000       0.0000000000000000       0.0000000000000000       0.0000000000000000       0.0000000000000000       0.0000000000000000
       0.0000000000000000       0.0000000000000000       0.0000000000000000       0.0000000000000000       0.0000000000000000       0.0000000000000000       0.0000000000000000       0.0000000000000000       0.0000000000000000       0.0000000000000000       0.0000000000000000       0.0000000000000000
       0.0000000000000000       0.0000000000000000       0.0000000000000000       0.0000000000000000       0.0000000000000000       0.0000000000000000       0.0000000000000000       0.0000000000000000       0.0000000000000000       0.0000000000000000       0.0000000000000000       0.0000000000000000
       0.0000004007435576      -0.0000003495369613       0.0000000000000000      -0.0000001867157621       0.0000002146342609       0.0000000000000000       0.0000004013900485      -0.0000003497364012       0.0000000000000000      -0.0000001870200632       0.0000002145110645       0.0000000000000000
       6.7136296025121629      -6.6144581795043997       0.0000000000000000      -6.1723150939303064       6.2717154765674801       0.0000000000000000       6.7144324071773136      -6.6147403778532068       0.0000000000000000      -6.1731136820525760       6.2714342121418731       0.0000000000000000
      25.3309199642095280     -25.1011147668929233       0.0000000000000000     -24.0833774312659834      24.3138100110406938       0.0000000000000000      25.3321714854267555     -25.1015409260088589       0.0000000000000000     -24.0846282309850608      24.3133839967004981       0.0000000000000000
      25.3320505939269403     -25.1022370509400261       0.0000000000000000     -24.0844643473602389      24.3149053519364244       0.0000000000000000      25.3333021645788286     -25.1026632497381641       0.0000000000000000     -24.0857151964762330      24.3144792984058995       0.0000000000000000
      25.3331778946058321     -25.1033558936460537       0.0000000000000000     -24.0855487119374665      24.3159982760822508       0.0000000000000000      25.3344295368291768     -25.1037821597636537       0.0000000000000000     -24.0867996317499831      24.3155721563950031       0.0000000000000000
      25.3348632863968923     -25.1050286880040652       0.0000000000000000     -24.0871701220694057      24.3176324423903374       0.0000000000000000      25.3361150399989228     -25.1054550491648492       0.0000000000000000     -24.0884211518058571      24.3172062292572448       0.0000000000000000
      25.3373716299601810     -25.1075184223165522       0.0000000000000000     -24.0895839620167287      24.3200651324545909       0.0000000000000000      25.3386235456020259     -25.1079449238468158       0.0000000000000000     -24.0908351518292321      24.3196387812612933       0.0000000000000000
      25.3411015056456463     -25.1112208469509355       0.0000000000000000     -24.0931744873916678      24.3236834709245962       0.0000000000000000      25.3423536528370370     -25.1116475653152058       0.0000000000000000     -24.0944259062775679      24.3232569064418627       0.0000000000000000
      25.3466246126082204     -25.1167037936622819       0.0000000000000000     -24.0984937971200495      24.3290434918478340       0.0000000000000000      25.3478770893900318     -25.1171308424202806       0.0000000000000000     -24.0997455426110534      24.3286166022685144       0.0000000000000000
      25.3547535258847354     -25.1247746601025668       0.0000000000000000     -24.1063281999472565      24.3369367957912885       0.0000000000000000      25.3560064733141211     -25.1252021942924948       0.0000000000000000     -24.1075804126033546      24.3365094282223566       0.0000000000000000
      25.3666141504073934     -25.1365528123754594       0.0000000000000000     -24.1177704039101251      24.3484628180572749       0.0000000000000000      25.3678677705123263     -25.1369810302186387       0.0000000000000000     -24.1190232854202158      24.3480347765042602       0.0000000000000000
      25.3837104310412158     -25.1535346595415525       0.0000000000000000     -24.1342861210840169      24.3650950988832022       0.0000000000000000      25.3849650016291903     -25.1539638048079617       0.0000000000000000     -24.1355399496497078      24.3646661414297299       0.0000000000000000
      25.4079495293132034     -25.1776199345086944       0.0000000000000000     -24.1577449849015338      24.3887111139883963       0.0000000000000000      25.4092054038264230     -25.1780503010648644       0.0000000000000000     -24.1590001163985733      24.3882809476812916       0.0000000000000000
      25.4296205619855726     -25.1991600099917719       0.0000000000000000     -24.1787520370055695      24.4098522986384516       0.0000000000000000      25.4308775552623203     -25.1995914148785580       0.0000000000000000     -24.1800082895611688      24.4094211026174612       0.0000000000000000
