       0.0000000000000000       0.0000000000000000      -0.0000000000004875
       0.0000000000000200       0.0000000000000000       0.0000000014586024
       0.0000000000000613       0.0000000000000000       0.0000000044641220
       0.0000000000001654       0.0000000000000000       0.0000000120307549
       0.0000000000004164       0.0000000000000000       0.0000000302921883
       0.0000000000010064       0.0000000000000000       0.0000000732151436
       0.0000000000023719       0.0000000000000000       0.0000001725494216
       0.0000000000055014       0.0000000000000000       0.0000004002046716
       0.0000000000126281       0.0000000000000000       0.0000009186368900
       0.0000000000287913       0.0000000000000000       0.0000020944387472
       0.0000000000653507       0.0000000000000000       0.0000047539690498
       0.0000000001478976       0.0000000000000000       0.0000107588885529
       0.0000000003340605       0.0000000000000000       0.0000243014146210
       0.0000000007535759       0.0000000000000000       0.0000548192800704
       0.0000000016984584       0.0000000000000000       0.0001235552624694
       0.0000000038259036       0.0000000000000000       0.0002783173949352
       0.0000000086148447       0.0000000000000000       0.0006266914538456
       0.0000000193932459       0.0000000000000000       0.0014107719853936
       0.0000000436495745       0.0000000000000000       0.0031753115491461
       0.0000000982337026       0.0000000000000000       0.0071460632766004
       0.0000002210590740       0.0000000000000000       0.0160810620191313
       0.0000004974327844       0.0000000000000000       0.0361860241102904
       0.0000011192985698       0.0000000000000000       0.0814240310519959
       0.0000025185339968       0.0000000000002247       0.1832123895333856
       0.0000056668793638       0.0000002080237410       0.3910284548961924
       0.0000124988354126       0.0000004784119562       0.8517983377506532
       0.0000124991346363       0.0000004784288048       0.8518283592951268
       0.0000124991356526       0.0000004784455659       0.8518262029610836
       0.0000124991356231       0.0000004784705131       0.8518229930164549
       0.0000124991356114       0.0000004785075016       0.8518182425378479
       0.0000124991356150       0.0000004785620380       0.8518112186986586
       0.0000124991356256       0.0000004786417861       0.8518009052862454
       0.0000124991356368       0.0000004787570125       0.8517859140515555
       0.0000124991356461       0.0000004789206740       0.8517644323763446
       0.0000124991356542       0.0000004791476275       0.8517342508112561
       0.0000124991356637       0.0000004794522661       0.8516929480456431
       0.0000124991356673       0.0000004797116628       0.8516571877481740
