       0.0000000000000000       0.0000000000000000       0.0000000023208737
      -0.0000000000000050       0.0000000000000000      -0.0000000006186596
      -0.0000000000000200       0.0000000000000000      -0.0000000024748105
      -0.0000000000000593       0.0000000000000000      -0.0000000073475071
      -0.0000000000001563       0.0000000000000000      -0.0000000193556022
      -0.0000000000003872       0.0000000000000000      -0.0000000479403929
      -0.0000000000009256       0.0000000000000000      -0.0000001146057020
      -0.0000000000021655       0.0000000000000000      -0.0000002681269624
      -0.0000000000049980       0.0000000000000000      -0.0000006188365973
      -0.0000000000114351       0.0000000000000000      -0.0000014158637468
      -0.0000000000260147       0.0000000000000000      -0.0000032210703630
      -0.0000000000589629       0.0000000000000000      -0.0000073006284222
      -0.0000000001333124       0.0000000000000000      -0.0000165063986239
      -0.0000000003009230       0.0000000000000000      -0.0000372595283485
      -0.0000000006785332       0.0000000000000000      -0.0000840142907380
      -0.0000000015288857       0.0000000000000000      -0.0001893028368417
      -0.0000000034432730       0.0000000000000000      -0.0004263375615929
      -0.0000000077522858       0.0000000000000000      -0.0009598689349176
      -0.0000000174500266       0.0000000000000000      -0.0021606193837724
      -0.0000000392736361       0.0000000000000000      -0.0048627651558575
      -0.0000000883822955       0.0000000000000000      -0.0109432789041857
      -0.0000001988850810       0.0000000000000000      -0.0246254628103563
      -0.0000004475287734       0.0000000000000000      -0.0554119151692015
      -0.0000010069930193       0.0000000000111198      -0.1246849135902866
      -0.0000022658156596       0.0000000000271885      -0.2805518110050593
      -0.0000050138468922       0.0000000000600275      -0.6208141790490187
      -0.0000050132989880       0.0000000000600300      -0.6208160559225074
      -0.0000050133040065       0.0000000000600324      -0.6208160553610447
      -0.0000050133039968       0.0000000000600360      -0.6208160561458760
      -0.0000050133039958       0.0000000000600412      -0.6208160574161578
      -0.0000050133039962       0.0000000000600490      -0.6208160588313796
      -0.0000050133039946       0.0000000000600602      -0.6208160605524082
      -0.0000050133039899       0.0000000000600762      -0.6208160629797742
      -0.0000050133039825       0.0000000000600984      -0.6208160664972662
      -0.0000050133039727       0.0000000000601285      -0.6208160714093055
      -0.0000050133039600       0.0000000000601674      -0.6208160779635736
      -0.0000050133039523       0.0000000000601996      -0.6208160835287866
