microstructure element_id phi1 Phi phi2
0 1  344.4301  136.1617  13.6510  
0 2  323.3596  73.8468  46.5539  
0 3  2.2284  125.7132  15.4220  
0 4  21.9412  87.1950  18.8456  
0 5  356.7619  51.0747  15.9636  
0 6  354.1183  97.4733  28.7829  
0 7  2.4109  90.4626  19.1126  
0 8  322.1851  81.3021  2.2180  
0 9  27.9953  136.3479  343.0344  
0 10  348.9754  52.3431  23.8018  
0 11  337.1822  130.0007  17.2854  
0 12  346.1994  125.5694  31.2475  
0 13  16.6385  97.2905  350.3247  
0 14  346.8944  68.4862  27.0563  
0 15  32.5193  52.8169  348.0077  
0 16  41.8228  83.1826  33.5038  
0 17  14.2411  59.1166  319.1438  
0 18  32.2909  116.9991  17.6198  
0 19  340.5208  96.4202  333.0031  
0 20  348.8305  121.4562  6.3339  
0 21  350.7579  104.8730  348.0558  
0 22  38.5061  128.6021  13.1499  
0 23  338.2302  95.4485  23.4123  
0 24  340.2670  56.4536  5.2360  
0 25  343.6142  95.8713  33.5875  
0 26  20.6704  49.1145  7.2822  
0 27  21.3856  57.6115  347.7774  
0 28  341.5957  110.5367  26.4087  
0 29  347.0239  81.4958  5.2177  
0 30  4.3345  61.3707  332.6581  
0 31  4.3345  61.3707  332.6581  
0 32  346.4682  60.1525  321.5720  
0 33  20.8954  109.2757  43.7404  
0 34  32.4931  100.4555  2.2965  
0 35  352.5982  96.0690  3.8367  
0 36  22.9838  121.1021  0.5341  
0 37  12.7471  100.2246  5.3972  
0 38  352.2562  78.2592  45.3182  
0 39  22.3639  100.6607  1.3679  
0 40  39.9803  93.2678  37.0886  
0 41  327.1761  88.3530  334.0470  
0 42  344.8770  48.1937  31.4093  
0 43  337.7208  75.2156  357.1212  
0 44  9.3405  120.2793  6.8821  
0 45  317.8821  96.8281  319.6446  
0 46  5.1217  83.5785  44.0520  
0 47  5.4199  83.7916  38.9518  
0 48  29.5431  117.2885  43.1563  
0 49  2.3017  90.8734  359.2858  
0 50  13.6687  117.4288  43.6757  
0 51  5.1097  97.6698  324.6471  
0 52  19.6147  109.1187  342.2896  
0 53  359.3110  120.7520  348.8591  
0 54  30.3217  102.3790  336.9467  
0 55  12.7120  90.4196  319.1782  
0 56  18.1891  77.0800  352.1553  
0 57  325.2131  69.0855  31.9394  
0 58  33.3628  78.2849  350.5751  
0 59  25.4004  107.1849  18.4388  
0 60  359.8599  100.9517  334.3318  
0 61  20.4559  54.0798  8.1854  
0 62  29.8899  79.0023  312.7393  
0 63  344.4479  46.2124  5.5005  
0 64  31.9307  125.8359  25.6993  
0 65  350.5430  99.1561  338.5608  
0 66  330.0552  65.6971  47.5840  
0 67  318.1852  72.6390  21.7211  
0 68  353.3838  93.5972  44.1166  
0 69  356.8353  120.6666  358.3788  
0 70  12.7120  90.4196  319.1782  
0 71  345.8511  59.0187  39.3004  
0 72  35.1182  117.0541  325.0487  
0 73  343.7082  102.6889  12.4904  
0 74  38.7260  66.2471  356.0337  
0 75  343.7065  78.7954  345.8247  
0 76  348.1114  126.0484  37.0978  
0 77  12.7570  88.7414  334.1690  
0 78  26.4251  70.0779  339.1549  
0 79  328.3667  70.7013  20.2446  
0 80  35.8890  101.8427  342.3480  
0 81  18.1644  105.7101  37.2497  
0 82  41.7285  67.5088  6.4560  
0 83  11.9636  87.7817  28.9871  
0 84  80.1728  160.8207  173.4733  
0 85  173.0063  137.6766  292.7694  
0 86  351.8219  142.4092  95.5883  
0 87  125.8502  147.3710  229.4650  
0 88  137.0521  139.5599  199.1217  
0 89  136.0798  157.5691  199.1378  
0 90  22.7799  149.0361  121.2419  
0 91  54.1141  170.6475  182.4051  
0 92  20.9283  147.3321  83.5034  
0 93  326.1917  177.1729  89.3402  
0 94  257.7330  149.5191  304.8462  
0 95  204.9178  141.3940  277.5723  
0 96  88.5747  144.0783  140.4715  
0 97  17.8610  150.8798  152.3048  
0 98  314.7893  145.7221  37.9067  
0 99  220.9405  131.7740  325.1192  
0 100  294.1634  146.0154  58.5322  
0 101  155.1638  157.6814  273.7220  
0 102  192.7459  143.0515  244.5504  
0 103  27.8037  155.6824  105.9995  
0 104  38.7953  125.4348  143.2841  
0 105  90.0386  160.9095  193.3595  
0 106  285.4396  144.6025  337.3822  
0 107  339.4408  145.7123  36.7138  
0 108  190.5881  157.8470  238.2977  
0 109  71.1001  143.5546  122.9504  
0 110  112.6183  154.9937  190.8012  
0 111  295.8880  146.7832  19.0209  
0 112  344.6307  172.2987  92.8031  
0 113  42.0508  157.3124  160.6236  
0 114  223.6890  133.8859  349.1651  
0 115  240.6875  160.1732  313.9310  
0 116  74.7378  175.1246  128.1357  
0 117  61.4721  150.8472  108.6935  
0 118  310.2778  140.3139  12.4024  
0 119  243.6337  127.1032  311.4604  
0 120  304.0309  137.6038  0.6377  
0 121  198.9195  166.5691  302.1648  
0 122  190.8906  139.7782  305.2198  
0 123  52.8849  152.9425  161.4406  
0 124  89.0502  159.7888  136.8704  
0 125  19.2080  134.9694  107.4113  
0 126  285.6389  146.8181  29.2696  
0 127  343.9128  156.6862  77.2307  
0 128  323.4668  148.2482  67.0573  
0 129  311.3774  147.1310  3.5316  
0 130  120.9451  143.9923  188.5220  
0 131  295.1271  148.8888  43.8205  
0 132  63.3749  134.7333  146.2968  
0 133  142.3428  139.7748  193.8310  
0 134  191.4000  137.4090  274.3757  
0 135  320.4467  163.4036  48.7464  
0 136  17.3016  137.8387  126.4844  
0 137  214.6718  162.0806  272.8179  
0 138  348.0913  162.4272  96.4042  
0 139  323.4587  149.3403  41.5252  
0 140  31.4890  157.3611  79.1696  
0 141  130.8149  143.4738  213.8972  
0 142  25.1677  137.7259  118.6189  
0 143  231.6617  149.7437  304.6296  
0 144  31.3481  166.7886  94.6801  
0 145  333.7261  149.5517  31.2580  
0 146  147.7836  150.8850  220.7881  
0 147  136.4820  140.8628  181.9261  
0 148  186.1803  162.8873  269.4844  
0 149  226.0095  145.9123  298.8439  
0 150  116.6788  161.5603  235.0966  
0 151  353.0973  136.8876  81.3102  
0 152  306.5857  127.9019  56.3681  
0 153  50.1363  146.9923  133.2723  
0 154  130.9054  136.6258  234.8800  
0 155  183.7905  166.7445  317.2931  
0 156  100.6744  140.7557  146.9259  
0 157  247.7934  140.3185  330.8230  
0 158  286.1815  149.3076  354.0094  
0 159  125.7883  135.0238  203.4350  
0 160  250.3957  140.3483  328.2206  
0 161  135.8225  137.8886  181.7365  
0 162  305.5905  149.4389  59.3940  
0 163  316.4274  137.8370  18.3678  
0 164  6.7037  138.2398  137.0824  
0 165  187.3188  167.8423  270.6527  
0 166  167.1438  152.6302  265.5510  
0 167  79.3186  155.8875  177.6817  
0 168  165.7704  142.9209  222.8330  
0 169  63.5702  132.0593  135.7641  
1 1  54.6855  130.0820  257.8299  
1 2  84.6889  51.2602  257.3216  
1 3  56.7263  101.0749  283.1500  
1 4  51.1808  120.2088  276.1760  
1 5  63.5634  68.1682  301.9482  
1 6  68.9079  105.1080  227.4534  
1 7  126.5979  111.6993  273.0723  
1 8  133.0609  65.4524  277.4903  
1 9  55.7980  51.6690  293.9829  
1 10  68.8054  62.8225  276.2052  
1 11  71.5195  66.0156  264.7970  
1 12  82.3186  52.9312  231.8737  
1 13  119.9527  125.2239  280.7631  
1 14  89.3665  67.1163  276.1651  
1 15  58.9648  95.0984  244.0170  
1 16  55.3088  93.0993  306.2998  
1 17  136.1995  124.5530  297.1256  
1 18  62.2249  62.5601  236.1520  
1 19  91.6738  87.4517  225.9705  
1 20  71.3178  122.0750  223.9921  
1 21  52.4093  65.0794  300.7507  
1 22  115.7243  66.4740  270.7168  
1 23  80.6192  115.4710  248.6052  
1 24  96.7084  95.7137  291.2161  
1 25  67.6222  69.5863  285.2803  
1 26  52.4455  95.2095  232.8071  
1 27  119.6324  65.2782  254.0466  
1 28  125.0618  69.8115  275.0100  
1 29  70.7351  96.9147  269.8282  
1 30  58.6411  109.7976  260.2649  
1 31  109.5249  75.4075  278.5686  
1 32  54.7817  115.4974  294.4379  
1 33  112.4447  104.2543  314.6799  
1 34  43.9998  103.7271  259.8988  
1 35  111.5944  71.1579  297.9925  
1 36  92.0348  129.4650  229.8432  
1 37  92.1666  131.9751  287.5927  
1 38  99.3142  98.9590  311.8724  
1 39  69.9249  93.5124  250.2966  
1 40  47.8902  115.0671  81.2815  
1 41  109.7695  121.4206  88.3512  
1 42  109.9878  111.5325  61.1128  
1 43  101.4714  64.2847  105.6208  
1 44  64.6044  94.1862  81.9479  
1 45  121.3559  115.1834  95.0606  
1 46  105.0570  88.2046  72.7576  
1 47  93.3950  107.9768  48.1146  
1 48  75.7674  124.7616  78.2523  
1 49  97.2143  62.1184  60.6499  
1 50  81.7118  79.3283  68.7899  
1 51  109.6492  55.8220  45.1803  
1 52  97.2842  79.0384  117.2358  
1 53  129.3326  98.8318  127.6911  
1 54  63.2385  53.7444  107.2852  
1 55  112.6372  127.0236  63.9083  
1 56  53.4593  59.2639  124.7656  
1 57  97.5403  102.4019  68.8162  
1 58  129.7016  89.8730  93.0369  
1 59  128.5310  130.6888  80.7922  
1 60  132.5990  74.0536  49.7539  
1 61  123.4684  98.6794  64.7391  
1 62  113.5683  107.8541  81.5136  
1 63  106.9758  125.8920  62.0720  
1 64  63.5353  96.7158  71.1413  
1 65  72.0867  108.4512  105.2380  
1 66  122.6554  106.5455  72.1004  
1 67  88.2212  45.9826  93.8379  
1 68  78.4964  76.8915  54.0658  
1 69  127.7461  78.4018  125.7780  
1 70  41.5374  117.8666  64.1678  
1 71  71.2633  119.2829  77.8398  
1 72  99.8219  60.9816  90.4723  
1 73  63.4700  116.4067  66.0563  
1 74  100.1805  117.9061  70.0704  
1 75  129.0049  72.7485  97.4263  
1 76  112.0350  48.3415  100.5793  
1 77  80.2869  125.2480  126.3853  
1 78  69.2672  90.0724  57.6860  
1 79  57.3279  113.8593  59.9423  
1 80  55.6026  77.9824  81.3153  
1 81  119.3454  84.1394  96.5703  
1 82  126.6019  61.3655  67.6371  
1 83  51.7055  63.4132  118.3886  
1 84  99.9542  60.9902  131.6336  
1 85  106.3301  52.8042  71.9349  
1 86  260.1120  89.1442  83.4106  
1 87  235.7223  98.2903  101.1202  
1 88  224.4877  83.5252  114.1131  
1 89  311.9234  47.1402  90.9393  
1 90  252.9712  57.6842  77.7177  
1 91  289.9688  119.1053  67.6743  
1 92  274.8106  88.9465  108.1017  
1 93  221.6178  107.4279  54.4375  
1 94  246.0917  56.2971  100.7655  
1 95  308.8924  116.6267  103.0310  
1 96  240.1197  70.1856  114.1893  
1 97  249.3547  69.0065  117.5967  
1 98  291.8406  113.4399  97.9420  
1 99  246.1261  72.8201  81.7513  
1 100  254.0518  56.7216  108.5176  
1 101  273.9271  70.3254  67.5110  
1 102  284.3578  130.1657  56.5427  
1 103  274.5390  49.7010  91.7609  
1 104  311.6701  132.4484  88.4572  
1 105  271.3127  119.8083  114.1120  
1 106  255.2430  134.6565  119.4256  
1 107  289.7476  79.4360  91.4624  
1 108  259.2199  91.2836  53.1617  
1 109  299.8695  87.2437  118.1783  
1 110  233.9284  122.0583  109.4550  
1 111  309.2517  94.2309  46.9813  
1 112  252.8566  93.5428  47.4144  
1 113  245.6081  110.6920  68.3974  
1 114  282.7403  44.5915  98.3585  
1 115  279.2189  93.2008  48.4848  
1 116  224.5828  75.5565  120.8792  
1 117  289.2245  114.6706  128.3844  
1 118  223.3212  118.5662  53.8983  
1 119  270.1731  134.9379  77.7114  
1 120  246.7855  106.7409  43.8156  
1 121  273.5822  131.9161  58.0045  
1 122  229.8718  105.8706  61.3598  
1 123  274.5150  88.1415  128.1340  
1 124  302.0232  103.8073  133.6350  
1 125  250.6627  81.7788  135.2616  
1 126  225.0028  90.2179  85.1180  
1 127  233.7370  101.7120  79.2063  
1 128  299.1613  118.3628  121.8154  
1 129  275.9640  60.0105  86.6587  
1 130  295.1684  90.6127  108.6276  
1 131  289.7917  94.8726  89.1356  
1 132  297.0792  100.0126  111.0197  
1 133  249.2985  81.4557  99.8975  
1 134  236.0248  80.1906  75.7886  
1 135  270.2550  99.6144  93.2867  
1 136  279.5289  77.3780  52.0762  
1 137  309.7736  86.9744  97.5306  
1 138  230.0202  84.5697  90.1956  
1 139  301.2853  101.7888  101.8049  
1 140  273.8079  68.0708  122.9103  
1 141  240.4927  106.0912  94.2304  
1 142  231.1621  99.8178  58.6348  
1 143  233.9593  90.5245  124.3507  
1 144  287.6884  55.5466  82.7036  
1 145  295.3431  69.8722  63.1950  
1 146  298.0435  95.1809  130.4625  
1 147  243.9356  128.9745  105.3320  
1 148  306.2809  103.5386  129.1716  
1 149  261.1387  110.1414  96.7525  
1 150  245.6173  101.0961  95.9842  
1 151  282.1359  99.4752  49.0513  
1 152  286.1896  52.5103  103.5570  
1 153  307.7946  104.2325  108.7359  
1 154  288.4516  99.4345  125.1116  
1 155  293.6546  57.9060  96.9158  
1 156  242.3600  100.4510  131.8817  
1 157  255.8440  85.7311  58.7711  
1 158  246.7855  106.7409  43.8156  
1 159  270.8830  74.8821  83.1923  
1 160  239.8058  108.3841  62.6266  
1 161  310.4423  121.1909  105.2569  
1 162  303.1588  133.9243  80.1304  
1 163  285.3794  89.5321  128.3993  
1 164  304.7958  84.0873  91.5294  
1 165  305.2897  74.7194  88.5197  
1 166  265.5889  58.6588  69.0179  
1 167  283.2274  118.6962  60.8636  
2 1  279.9724  145.7490  196.3354  
2 2  106.8922  163.5571  358.0940  
2 3  92.1734  163.4855  338.3488  
2 4  117.9623  158.8898  343.5650  
2 5  4.5422  139.2471  312.5685  
2 6  228.7895  137.1243  124.3026  
2 7  259.8157  153.9440  135.4444  
2 8  201.5368  143.0888  128.2875  
2 9  349.2819  133.5290  233.9793  
2 10  355.3994  140.1890  235.3029  
2 11  59.5120  123.7365  304.9723  
2 12  232.1631  129.7005  138.0857  
2 13  229.4375  129.9136  124.6304  
2 14  43.8124  126.7027  298.8405  
2 15  316.5586  125.7734  222.4257  
2 16  80.5286  148.7696  17.3525  
2 17  16.2614  165.8008  307.4205  
2 18  226.0657  147.8506  137.2899  
2 19  343.9248  160.4608  235.0622  
2 20  147.0410  132.6667  68.9452  
2 21  290.4088  139.4952  196.4477  
2 22  110.9338  143.9098  345.8700  
2 23  317.2255  157.8258  238.4845  
2 24  334.6366  140.7442  203.9873  
2 25  248.9267  164.8686  145.1566  
2 26  39.5679  161.4034  270.4487  
2 27  155.8239  153.3304  107.8868  
2 28  46.5323  126.7795  296.1206  
2 29  203.5455  133.3892  141.4278  
2 30  114.8866  137.4125  346.3513  
2 31  344.9338  151.0764  251.0718  
2 32  234.5259  133.4602  172.4024  
2 33  153.2668  156.5791  29.0362  
2 34  237.3713  128.5442  148.6608  
2 35  52.8755  135.0954  350.6152  
2 36  55.0781  152.8353  1.9889  
2 37  17.2184  147.9870  314.0846  
2 38  225.2458  175.9387  161.2779  
2 39  331.0951  128.4170  231.6107  
2 40  88.2235  148.6298  9.6574  
2 41  55.1349  166.2219  326.3275  
2 42  30.1635  152.0395  311.5246  
2 43  90.1320  168.4553  21.2467  
2 44  298.0137  140.5677  240.6096  
2 45  252.6079  142.5748  143.1306  
2 46  76.2876  150.8684  322.0298  
2 47  113.8857  166.6075  40.0275  
2 48  249.9866  135.7096  140.1535  
2 49  207.9482  156.4656  104.0394  
2 50  329.5206  168.6478  205.7365  
2 51  31.9496  161.2658  278.0667  
2 52  334.9563  136.6092  272.5749  
2 53  224.8464  143.2595  104.9779  
2 54  282.8664  161.7397  153.7624  
2 55  158.0069  134.7150  69.2717  
2 56  343.9998  155.8279  245.1268  
2 57  242.7261  137.9058  159.2124  
2 58  36.9987  152.4005  333.6425  
2 59  293.8867  140.9831  179.1026  
2 60  252.6079  142.5748  143.1306  
2 61  130.4866  159.6604  71.9188  
2 62  350.5241  157.4156  286.9579  
2 63  47.9452  152.1363  293.7429  
2 64  183.0950  141.6776  52.5418  
2 65  85.4716  138.4747  356.7230  
2 66  63.6625  148.9742  16.0656  
2 67  18.4465  136.6825  310.7580  
2 68  208.4993  131.6451  119.7757  
2 69  112.7816  137.4383  39.7758  
2 70  180.0697  172.7806  66.4070  
2 71  55.5131  168.4290  6.8140  
2 72  244.2439  169.0512  125.5121  
2 73  356.1231  137.2297  277.8691  
2 74  141.4438  131.4130  31.3501  
2 75  142.5989  127.1640  53.8950  
2 76  318.4030  143.7110  208.9778  
2 77  318.2334  175.5503  209.5794  
2 78  4.3242  161.3249  305.6925  
2 79  223.8970  147.3768  114.6271  
2 80  305.0697  130.8469  200.3072  
2 81  143.8875  134.3420  55.1534  
2 82  338.6146  131.1300  233.8659  
2 83  158.3546  148.4700  49.1271  
2 84  38.6365  98.2932  260.3807  
2 85  355.3358  79.3117  258.4492  
2 86  43.1013  62.9497  224.6504  
2 87  336.9886  55.2653  275.1452  
2 88  4.3645  50.0530  255.8577  
2 89  357.9720  64.3936  253.2107  
2 90  327.5938  74.3464  236.1308  
2 91  16.6709  66.1497  259.2921  
2 92  42.8703  104.4857  316.0664  
2 93  330.3600  99.0787  285.9203  
2 94  347.7762  119.5413  305.8242  
2 95  354.8689  79.5168  263.4597  
2 96  317.7796  106.5908  288.3949  
2 97  352.1949  110.8977  286.6244  
2 98  351.5829  81.7783  233.5187  
2 99  23.1619  74.4410  244.3871  
2 100  319.0968  105.5743  240.9482  
2 101  23.2212  101.8249  260.2506  
2 102  19.0721  119.0366  247.0995  
2 103  336.8081  56.4756  232.2416  
2 104  23.3742  95.2508  243.7305  
2 105  0.8105  47.4394  225.1638  
2 106  353.3190  58.7465  254.4259  
2 107  355.0854  95.4909  287.5864  
2 108  354.2781  65.5469  315.0099  
2 109  355.8142  79.1312  253.4255  
2 110  0.3788  109.9368  247.9165  
2 111  352.8509  108.0541  231.4990  
2 112  22.7849  62.9234  277.7631  
2 113  23.7377  83.2978  276.6068  
2 114  18.2283  97.3352  254.0747  
2 115  358.3152  104.5144  262.7579  
2 116  25.0985  96.6316  284.5715  
2 117  33.7062  116.0113  286.3116  
2 118  33.6853  62.4747  275.0908  
2 119  31.9972  121.7306  308.8346  
2 120  13.0795  78.1921  236.4465  
2 121  318.4201  94.7397  255.5896  
2 122  4.0394  119.6084  268.9796  
2 123  343.7873  51.1488  284.0582  
2 124  343.7873  51.1488  284.0582  
2 125  320.6558  69.0970  285.9019  
2 126  36.1158  76.9288  227.0483  
2 127  340.6309  131.1816  276.3244  
2 128  358.4940  64.9419  273.3095  
2 129  356.4330  114.2925  257.0707  
2 130  24.2136  93.9508  273.8200  
2 131  16.0748  121.7329  257.0289  
2 132  38.4647  71.6690  277.1116  
2 133  31.9404  49.4440  266.4414  
2 134  350.6043  55.5222  281.1057  
2 135  359.3746  89.5132  233.0735  
2 136  359.8456  129.8202  257.3996  
2 137  28.4996  102.4569  301.7866  
2 138  5.6893  80.5957  252.5667  
2 139  348.1062  106.4109  230.8779  
2 140  319.3432  72.5198  295.4130  
2 141  20.9253  77.2479  255.4779  
2 142  341.5648  100.1255  301.5930  
2 143  35.2374  92.3258  294.4172  
2 144  338.8868  51.2560  238.2221  
2 145  28.6445  85.3358  287.0708  
2 146  1.6864  52.5586  308.9904  
2 147  10.9124  119.0062  234.7792  
2 148  32.1487  129.7870  274.3626  
2 149  351.4076  61.8084  239.3990  
2 150  35.2077  126.2742  268.9945  
2 151  32.8303  103.9729  256.5602  
2 152  333.9015  59.2547  249.0636  
2 153  34.0468  81.1532  228.8926  
2 154  336.4116  126.2547  296.8953  
2 155  339.5738  68.1923  292.2560  
2 156  49.4174  120.9233  298.6932  
2 157  354.2902  89.8793  272.9267  
2 158  34.2737  68.6541  271.6135  
2 159  48.3481  123.0106  293.8569  
2 160  349.6280  121.8813  290.6076  
2 161  0.0399  58.7906  303.7965  
2 162  33.8929  57.0832  257.5422  
2 163  41.1881  88.6291  224.8023  
2 164  357.9984  94.2607  238.0147  
2 165  355.5977  95.8770  297.5903  
2 166  29.4582  89.2451  252.4378  
2 167  24.3362  67.1048  226.7836  
3 1  76.0710  19.8538  353.0698  
3 2  312.4396  45.1691  94.0911  
3 3  75.5113  22.6509  44.0057  
3 4  64.7557  38.5151  24.4408  
3 5  234.9637  30.6596  244.9532  
3 6  30.8125  45.8275  68.9463  
3 7  254.6855  37.5154  151.5657  
3 8  202.5727  44.6570  209.4367  
3 9  197.3771  28.3338  287.5669  
3 10  181.7434  28.9658  252.2120  
3 11  57.8481  22.7959  26.3427  
3 12  142.5341  55.1819  327.0741  
3 13  320.9687  27.5923  92.5310  
3 14  145.1136  53.3154  304.0464  
3 15  323.3390  12.0923  100.9489  
3 16  23.3320  41.2973  55.4113  
3 17  132.0668  52.4069  306.2872  
3 18  142.8739  27.2092  326.6318  
3 19  336.0518  7.8256  143.0527  
3 20  254.6540  24.5561  159.0284  
3 21  302.2054  42.9526  167.9987  
3 22  252.1158  46.2931  223.6260  
3 23  82.4555  34.8935  356.4617  
3 24  2.2756  16.0790  91.9397  
3 25  336.4076  45.8108  118.0597  
3 26  107.0577  37.6834  300.3548  
3 27  103.4773  34.9251  309.4820  
3 28  15.7272  43.5490  36.4051  
3 29  302.1527  50.1829  120.1023  
3 30  310.8565  47.7735  154.2924  
3 31  23.8251  12.1918  65.4043  
3 32  35.5434  36.0609  38.1764  
3 33  292.4491  29.4905  136.3794  
3 34  201.8897  43.7193  278.9800  
3 35  194.2476  8.6316  284.8695  
3 36  165.1156  43.9539  268.2709  
3 37  232.4255  26.0075  181.1721  
3 38  149.4732  19.1379  269.5709  
3 39  258.5644  28.0636  226.3630  
3 40  343.5415  43.5352  142.6596  
3 41  109.8480  17.2099  319.3564  
3 42  130.0064  45.1158  303.3233  
3 43  317.1356  43.8764  116.2537  
3 44  147.1562  49.1158  312.7032  
3 45  184.7147  38.6433  274.8553  
3 46  28.0622  37.2970  87.0586  
3 47  334.6286  21.6935  149.9505  
3 48  141.4747  25.4418  277.2955  
3 49  334.5735  39.0811  109.4304  
3 50  296.9411  14.6417  197.5667  
3 51  246.0281  44.9528  234.9528  
3 52  41.4037  18.8707  67.8697  
3 53  265.4634  26.0961  214.2100  
3 54  59.5727  32.5765  50.1304  
3 55  300.6120  33.9092  153.7211  
3 56  79.2888  33.6781  46.0274  
3 57  253.4301  25.0096  180.6318  
3 58  80.7017  25.6142  18.6191  
3 59  237.7288  37.3191  190.7457  
3 60  200.4241  38.1806  290.5647  
3 61  218.6665  41.9288  235.7521  
3 62  103.3324  31.1269  340.7764  
3 63  22.2732  43.8573  72.1686  
3 64  195.3230  16.6279  213.6233  
3 65  56.6705  29.6708  32.5411  
3 66  25.6867  36.1001  99.8219  
3 67  102.6666  9.9061  26.5795  
3 68  312.8075  50.9195  114.8076  
3 69  150.5401  41.4432  282.9609  
3 70  23.8790  47.6401  33.5144  
3 71  191.0385  30.2165  242.8797  
3 72  187.9290  23.8361  301.9023  
3 73  172.8791  39.9018  291.9346  
3 74  266.0552  25.0413  193.2569  
3 75  144.3057  48.0427  283.5190  
3 76  52.7643  27.1285  11.0465  
3 77  311.4576  36.6480  106.6125  
3 78  144.6455  20.1420  329.7057  
3 79  183.3379  30.0486  235.1785  
3 80  291.9575  20.7191  167.2979  
3 81  264.9683  30.0132  189.3316  
3 82  179.9718  38.9372  284.8059  
3 83  125.9155  16.7333  288.1336  
3 84  245.7823  28.3065  213.5809  
3 85  356.6685  27.6165  128.2308  
3 86  115.1702  10.6226  343.9958  
3 87  189.0841  69.8871  314.9234  
3 88  170.5839  91.0367  42.1323  
3 89  148.0414  131.8771  11.3655  
3 90  143.9568  60.2362  53.4560  
3 91  162.4375  100.8222  20.5920  
3 92  158.1180  96.2071  325.5815  
3 93  141.0966  84.8104  338.0405  
3 94  190.5417  91.5397  317.1849  
3 95  140.2308  108.6953  313.1197  
3 96  209.7621  65.4874  5.9800  
3 97  215.7891  96.3744  4.2805  
3 98  133.2459  100.8268  341.6335  
3 99  201.5270  71.5023  29.2441  
3 100  147.4427  63.7501  349.1444  
3 101  159.5561  56.8873  34.3872  
3 102  149.7471  118.7593  20.5013  
3 103  221.3794  62.5401  341.0938  
3 104  159.7498  106.5719  354.1441  
3 105  161.1902  93.7347  36.8388  
3 106  186.0864  83.0084  351.8385  
3 107  154.4671  67.8021  27.8461  
3 108  207.8439  86.8954  320.5556  
3 109  171.2789  58.4927  14.9052  
3 110  133.7272  77.0107  39.9769  
3 111  194.4894  121.1347  335.3642  
3 112  167.9672  126.9250  353.0182  
3 113  143.9024  93.3062  330.0879  
3 114  162.5791  96.8929  320.7968  
3 115  158.2830  110.5058  348.0449  
3 116  153.1551  123.7652  338.2611  
3 117  144.5309  50.8228  342.9215  
3 118  169.3388  73.3839  8.7276  
3 119  192.3683  60.3044  317.7406  
3 120  184.7680  46.5555  16.1543  
3 121  192.0772  47.6127  357.5658  
3 122  169.0907  85.5162  32.5564  
3 123  191.9792  78.9822  346.0115  
3 124  135.5005  97.5856  359.1643  
3 125  198.8977  119.0492  351.7411  
3 126  164.5392  68.2060  5.1718  
3 127  161.6606  83.9034  338.0508  
3 128  157.8797  103.7890  339.2300  
3 129  152.2211  80.8707  333.8505  
3 130  168.3906  79.0212  328.1736  
3 131  198.5872  124.6968  23.6762  
3 132  150.2593  72.6453  1.7204  
3 133  194.8710  103.2991  353.8799  
3 134  156.6656  110.2674  316.9150  
3 135  191.5679  103.8801  43.9427  
3 136  188.0940  71.3865  15.8900  
3 137  152.4681  116.6605  329.6564  
3 138  155.3100  72.9484  319.7380  
3 139  196.8712  125.5299  18.0597  
3 140  227.2167  75.3583  341.9991  
3 141  142.9524  113.3614  15.3694  
3 142  181.3136  117.8173  342.2031  
3 143  213.2010  52.4266  356.0463  
3 144  188.0797  80.0806  31.4499  
3 145  197.2275  106.6882  334.3850  
3 146  220.0055  52.5739  337.4590  
3 147  211.1974  92.6152  18.2579  
3 148  152.6136  121.1668  31.2511  
3 149  207.2216  111.1418  7.3834  
3 150  185.4149  97.5730  357.5337  
3 151  176.5461  122.1609  345.8591  
3 152  191.5936  135.8775  335.2313  
3 153  134.4188  106.6802  328.5615  
3 154  180.2479  87.4901  17.0007  
3 155  211.1630  90.2804  331.5558  
3 156  164.3839  59.8982  21.8332  
3 157  164.4475  50.4517  346.9191  
3 158  225.7878  61.5351  344.7006  
3 159  217.6982  110.3047  9.2493  
3 160  166.4568  71.8082  318.6814  
3 161  156.2301  94.2670  31.6781  
3 162  202.5876  82.1971  335.3654  
3 163  155.2676  95.6009  350.8478  
3 164  209.2339  50.2619  23.6602  
3 165  195.9120  47.0652  1.2613  
3 166  143.1804  63.3611  43.0694  
3 167  205.4191  97.8480  358.8933  
3 168  149.5076  102.2844  317.6146  
3 169  208.2283  72.5972  18.3220  
3 170  215.2350  65.3361  36.7403  
3 171  154.4287  105.8906  34.4546  
3 172  218.4121  108.6849  14.0459  
3 173  203.3897  110.6273  346.0934  
3 174  176.6314  78.2219  37.5510  
3 175  138.2771  51.0021  1.3745  
4 1  206.7593  41.8941  222.9935  
4 2  166.2609  27.4208  320.1293  
4 3  79.4498  29.5183  335.4301  
4 4  349.0619  26.6830  101.6250  
4 5  55.6199  25.0584  354.3727  
4 6  349.0619  26.6830  101.6250  
4 7  35.1122  40.0339  98.2342  
4 8  96.2002  18.3395  277.0125  
4 9  230.6550  57.8876  138.3876  
4 10  85.5615  36.2155  314.1493  
4 11  57.1489  41.1585  280.0389  
4 12  83.5682  13.3821  264.6813  
4 13  288.7037  37.0275  43.5034  
4 14  176.9374  10.2898  216.2154  
4 15  269.9124  26.6933  67.9774  
4 16  186.1076  25.4641  156.9051  
4 17  211.6254  22.7693  151.5937  
4 18  220.3051  43.3119  127.2992  
4 19  6.6811  40.1985  356.6513  
4 20  158.3925  21.4462  204.8210  
4 21  278.5589  39.1659  53.5015  
4 22  1.4917  20.2264  341.6467  
4 23  192.6439  16.0158  145.5576  
4 24  251.1228  36.5343  86.3270  
4 25  137.8147  45.5620  252.1238  
4 26  238.7773  50.3651  146.1919  
4 27  187.6798  29.7155  201.1282  
4 28  286.4405  25.8170  36.1118  
4 29  178.5411  4.9851  144.7584  
4 30  251.0707  26.6850  91.9082  
4 31  128.6668  29.6605  270.4951  
4 32  213.7087  25.6065  134.3661  
4 33  329.9074  25.7703  48.5112  
4 34  131.8187  30.6180  231.4429  
4 35  19.0590  20.2188  359.2142  
4 36  197.2774  29.4224  130.2190  
4 37  24.1118  20.1462  4.2670  
4 38  326.2427  32.8557  47.2801  
4 39  282.2545  36.2388  117.4586  
4 40  8.7610  42.3979  24.4547  
4 41  332.5808  43.8505  46.5914  
4 42  91.3524  14.0915  231.7477  
4 43  179.3742  41.0762  147.2513  
4 44  221.4791  54.2913  136.5645  
4 45  23.2411  10.6170  344.9068  
4 46  171.4662  34.9383  150.4157  
4 47  202.8609  40.7848  139.5966  
4 48  342.0105  22.9028  41.3918  
4 49  196.7795  45.1116  140.1541  
4 50  155.7855  15.0867  182.4349  
4 51  24.1195  46.4956  323.3688  
4 52  245.7187  46.8761  144.3401  
4 53  139.7742  25.7499  177.6037  
4 54  49.8468  23.7392  308.3412  
4 55  165.3579  34.6915  228.9642  
4 56  309.6900  29.2532  43.3986  
4 57  242.4471  32.8596  136.2138  
4 58  199.2289  36.3616  127.7891  
4 59  102.4695  33.7029  265.9418  
4 60  183.6714  30.3252  159.1963  
4 61  349.6887  25.7608  18.5988  
4 62  47.8310  20.8262  285.1886  
4 63  50.2723  37.8974  313.0412  
4 64  275.7864  31.7177  77.2697  
4 65  306.6275  22.1746  41.5079  
4 66  237.8938  32.4125  156.2611  
4 67  76.9288  39.7382  286.3993  
4 68  65.8689  38.9469  307.8428  
4 69  34.6598  23.5532  293.1544  
4 70  305.0404  34.6898  73.6938  
4 71  46.0595  17.0686  347.2852  
4 72  50.7614  45.9708  350.0107  
4 73  193.6930  25.5193  164.4905  
4 74  88.5483  13.3959  269.6614  
4 75  214.0009  25.5868  103.3879  
4 76  290.6477  42.5918  83.1958  
4 77  322.4223  8.1335  65.6587  
4 78  105.8259  23.8308  262.4370  
4 79  189.7653  14.7981  178.4087  
4 80  197.6785  33.8331  139.9077  
4 81  259.8673  43.9223  119.3093  
4 82  95.1769  34.6674  242.3686  
4 83  64.5380  34.7969  278.1710  
4 84  163.2517  87.8132  209.8000  
4 85  213.8485  99.5818  177.1557  
4 86  209.1302  98.2405  181.5268  
4 87  216.2028  62.2622  196.5497  
4 88  214.4827  89.8965  158.7557  
4 89  198.2973  127.3456  159.4169  
4 90  167.7787  88.1662  224.7903  
4 91  193.7589  78.1812  182.9615  
4 92  206.0872  70.5036  169.7107  
4 93  153.4524  58.3684  160.8751  
4 94  170.7185  56.1547  156.4089  
4 95  140.4927  60.5267  190.1464  
4 96  217.3624  63.8086  191.4773  
4 97  131.8949  59.3057  215.1571  
4 98  162.1597  107.1620  201.9590  
4 99  224.3863  104.2628  179.9082  
4 100  179.1742  103.7827  139.1296  
4 101  213.0939  115.7541  213.3059  
4 102  146.9385  91.4378  137.6107  
4 103  212.1456  54.0456  173.9763  
4 104  195.7539  93.8012  215.0511  
4 105  154.3399  62.0668  154.6877  
4 106  182.1118  110.0921  139.3233  
4 107  213.0183  65.6495  187.6826  
4 108  194.8395  65.4180  201.5837  
4 109  198.3162  129.5091  175.4981  
4 110  194.9048  86.2164  158.9167  
4 111  182.0568  63.4465  189.0211  
4 112  201.4187  64.5511  131.0395  
4 113  174.2210  47.2085  222.2813  
4 114  168.0457  50.2253  209.8888  
4 115  200.8137  116.7487  163.8373  
4 116  227.5009  61.2813  139.2471  
4 117  146.1501  101.9303  206.7684  
4 118  193.8098  118.7472  177.8301  
4 119  166.9845  61.9900  167.3358  
4 120  150.3063  123.6334  154.4156  
4 121  153.1843  92.3413  153.4347  
4 122  158.9998  84.4752  185.4366  
4 123  179.4206  88.3879  159.5670  
4 124  181.6574  98.2159  214.4380  
4 125  158.9654  59.1877  159.3292  
4 126  159.2582  93.2850  178.7898  
4 127  154.2752  89.5189  184.5480  
4 128  226.6684  115.1175  206.4997  
4 129  159.1052  98.1379  177.8868  
4 130  215.8957  73.0854  210.4411  
4 131  219.8141  91.3724  200.7094  
4 132  203.8899  87.6528  183.9298  
4 133  162.7435  73.8285  151.5061  
4 134  177.9091  72.8464  154.6516  
4 135  153.8724  116.6834  141.9463  
4 136  213.3087  67.8359  141.3338  
4 137  203.2986  72.1560  185.8389  
4 138  163.6860  72.4895  212.2654  
4 139  171.2714  132.6718  160.1749  
4 140  176.9546  128.7098  188.6784  
4 141  144.6598  55.3200  190.7147  
4 142  154.9971  84.0919  160.4511  
4 143  141.8283  66.3164  208.7383  
4 144  224.7542  94.1908  191.6360  
4 145  157.1893  64.9551  163.9696  
4 146  145.9112  84.1537  217.3515  
4 147  203.8635  74.0153  150.5235  
4 148  180.4748  63.6711  174.2187  
4 149  137.7797  109.3181  150.6472  
4 150  204.2640  120.7789  196.5119  
4 151  222.4921  122.7362  186.9876  
4 152  221.9220  104.8473  222.1466  
4 153  196.4036  128.0469  185.0568  
4 154  215.7622  63.5760  139.0213  
4 155  170.6578  59.4020  192.1586  
4 156  193.8133  83.0926  183.5424  
4 157  213.5763  81.2133  186.9974  
4 158  184.8574  133.4487  181.2987  
4 159  194.9586  120.9594  162.9721  
4 160  146.4154  78.1010  146.6990  
4 161  151.0483  117.7233  151.2586  
4 162  184.4294  60.8097  219.2383  
4 163  189.3454  131.7688  151.3279  
4 164  179.2722  93.4901  184.3280  
4 165  139.9575  113.2755  144.2748  
4 166  159.6478  118.5541  205.1057  
4 167  217.9726  93.2076  137.6010  
4 168  181.8373  129.4885  216.6462  
4 169  143.9247  55.7488  220.5928  
4 170  178.1435  93.0042  144.4690  
