0 15.7482
0 19.2860
0 14.2903
0 13.1990
0 18.9782
0 16.7554
0 17.4329
0 19.9924
0 16.6482
0 15.5953
0 17.5163
0 15.4446
0 17.7234
0 18.0478
0 14.2622
0 18.1604
0 15.2199
0 19.3729
0 14.6609
0 14.1582
0 19.4422
0 20.5244
0 14.2434
0 19.6026
0 14.3059
0 17.4580
0 17.7981
0 18.7510
0 16.7213
0 19.1845
0 18.0243
0 18.3173
0 14.9314
0 13.7360
0 22.1447
0 17.7355
0 17.6297
0 15.9610
0 19.2603
0 19.8947
0 19.5411
0 15.7019
0 18.3797
0 18.9268
0 18.3779
0 18.6564
0 20.3152
0 17.2807
0 18.5903
0 15.5874
0 18.4977
0 12.3447
0 19.0959
0 20.3752
0 20.9565
0 17.9712
0 14.2841
0 20.5712
0 17.1150
0 13.8895
0 21.0719
0 16.8277
0 18.1912
0 18.6142
0 17.0210
0 19.3966
0 18.6105
0 20.7973
0 14.3925
0 11.7158
0 15.8249
0 19.2294
0 21.0532
0 18.5958
0 17.0671
0 16.9681
0 18.3854
0 19.5361
0 17.9633
0 19.9156
0 16.9902
0 18.9958
0 18.2085
0 5.4976
0 6.0335
0 6.0335
0 6.6932
0 4.9885
0 5.4976
0 6.0509
0 5.1853
0 5.6212
0 5.3682
0 5.7007
0 6.3960
0 5.7780
0 6.3331
0 4.3467
0 3.4765
0 6.1366
0 5.0641
0 5.9627
0 5.7780
0 5.0140
0 5.3682
0 6.6359
0 6.3490
0 5.9085
0 1.5632
0 6.2035
0 5.8533
0 6.3012
0 5.8159
0 4.8300
0 5.3902
0 6.4729
0 5.3682
0 6.0335
0 5.8533
0 5.3902
0 5.8159
0 5.7780
0 6.3490
0 6.7356
0 6.2035
0 5.6212
0 4.7748
0 5.7007
0 5.2554
0 6.3172
0 5.9627
0 5.5806
0 6.6214
0 5.3682
0 5.8902
0 5.5806
0 6.1869
0 5.0641
0 4.6896
0 5.9447
0 5.1853
0 5.3682
0 5.2322
0 5.6212
0 5.9805
0 6.0335
0 5.8159
0 6.2690
0 5.6212
0 5.1853
0 5.8718
0 6.0855
0 5.0641
0 5.9983
0 5.3902
0 2.2545
0 6.1702
0 5.0888
0 3.7675
0 5.9983
0 5.5394
0 5.7007
0 6.0509
0 6.1366
0 6.1535
0 6.2364
0 5.8346
0 6.4270
0 6.4270
1 14.7639
1 6.8324
1 17.7214
1 18.6105
1 18.4192
1 20.3676
1 19.6208
1 15.4473
1 18.3382
1 15.9535
1 20.7294
1 16.4199
1 16.1021
1 17.9475
1 15.8426
1 16.9902
1 14.9114
1 19.8528
1 13.9584
1 20.0416
1 17.8462
1 17.8041
1 19.7179
1 12.8693
1 19.3542
1 16.8029
1 16.8904
1 20.7590
1 18.6838
1 15.6397
1 18.8321
1 20.0764
1 20.8032
1 17.8382
1 17.1864
1 14.2778
1 15.9359
1 16.7916
1 19.0539
1 16.5604
1 17.5804
1 14.9684
1 13.9224
1 19.0854
1 19.7260
1 14.7668
1 13.7596
1 20.5259
1 17.5038
1 18.7961
1 20.0289
1 17.5618
1 14.1486
1 19.0574
1 14.4871
1 18.2545
1 18.5460
1 14.9968
1 19.6505
1 18.1488
1 14.4901
1 18.4249
1 19.7064
1 19.3168
1 17.5266
1 17.8681
1 18.5608
1 19.9605
1 14.1327
1 17.5783
1 19.5377
1 15.4793
1 16.0726
1 16.7735
1 19.8690
1 19.8770
1 18.7038
1 21.4299
1 17.0254
1 19.3627
1 15.2309
1 17.7739
1 13.7697
1 17.3783
1 17.8641
1 5.7396
1 5.9805
1 6.2035
1 5.0140
1 5.5394
1 5.0888
1 6.0682
1 5.3902
1 5.6413
1 6.2851
1 5.9627
1 6.3647
1 4.9628
1 5.3682
1 6.1026
1 5.6612
1 4.6604
1 5.4337
1 5.7780
1 4.5708
1 6.4115
1 6.2200
1 5.7202
1 3.0598
1 5.6212
1 5.8159
1 5.6612
1 5.8159
1 5.4120
1 3.6278
1 6.0335
1 4.9885
1 5.8346
1 5.6612
1 6.3960
1 6.7635
1 6.1702
1 4.7748
1 4.8572
1 6.3012
1 5.8159
1 4.2431
1 5.4120
1 6.8187
1 5.3682
1 5.8533
1 4.9106
1 6.2690
1 5.3682
1 6.0509
1 1.5632
1 6.1026
1 4.8840
1 6.5480
1 5.7588
1 5.5394
1 1.5632
1 5.6810
1 6.4576
1 5.4765
1 3.1264
1 5.0140
1 5.0392
1 6.2035
1 5.7780
1 5.9267
1 5.2554
1 6.3012
1 6.1197
1 4.9368
1 6.1366
1 5.7007
1 6.1026
1 6.1535
1 6.3172
1 6.0855
1 6.1535
1 6.1197
1 5.8902
1 6.4423
1 6.0159
1 6.0335
2 18.3041
2 16.7054
2 16.3536
2 18.7056
2 15.5480
2 19.1446
2 14.3863
2 16.1340
2 18.6728
2 22.9944
2 17.6399
2 18.1701
2 14.4292
2 14.2056
2 18.9817
2 18.9197
2 17.0408
2 18.1275
2 13.7898
2 18.5718
2 18.0634
2 16.7395
2 17.1972
2 20.8707
2 12.7725
2 20.1567
2 20.9999
2 15.1425
2 16.2361
2 21.7683
2 18.4342
2 19.5277
2 17.5680
2 19.0328
2 20.8590
2 15.9334
2 15.5058
2 13.3221
2 17.3105
2 15.9133
2 18.5552
2 22.3658
2 15.7302
2 17.1454
2 13.7394
2 18.5571
2 15.8477
2 19.7456
2 16.7554
2 16.1169
2 17.3508
2 15.3938
2 18.3571
2 19.7864
2 18.8858
2 20.4911
2 20.9130
2 19.5444
2 19.8464
2 15.9834
2 18.2602
2 19.4388
2 9.6052
2 20.5892
2 18.9764
2 14.4047
2 13.9126
2 19.2757
2 19.5810
2 15.1592
2 18.0341
2 16.7373
2 18.3495
2 17.6562
2 14.6964
2 18.0497
2 17.0364
2 15.7045
2 17.0276
2 17.7072
2 11.2424
2 19.6439
2 22.0036
2 6.0159
2 6.0159
2 6.0855
2 5.7202
2 6.4576
2 4.8026
2 6.3490
2 5.0888
2 6.3172
2 5.6010
2 6.2527
2 5.7396
2 6.0335
2 4.9368
2 6.0335
2 5.7396
2 5.7396
2 5.4976
2 6.0682
2 6.6647
2 5.9447
2 5.8159
2 5.1853
2 6.3331
2 5.1133
2 5.7007
2 4.2075
2 4.9885
2 5.0140
2 6.0855
2 6.0509
2 5.2089
2 5.3682
2 6.3647
2 6.7215
2 6.2364
2 5.5601
2 4.7748
2 5.6612
2 5.6212
2 6.2035
2 5.7588
2 6.2200
2 4.3801
2 5.3011
2 5.8346
2 5.3902
2 5.3236
2 5.5394
2 6.2690
2 4.6604
2 5.9983
2 5.7202
2 6.0682
2 5.8533
2 5.3236
2 5.5601
2 5.8159
2 5.7780
2 5.5806
2 6.4576
2 5.2783
2 5.8159
2 6.1702
2 5.7780
2 5.6810
2 5.9267
2 5.3236
2 3.0598
2 6.1026
2 6.0159
2 6.0855
2 6.0855
2 5.6212
2 6.1366
2 5.8159
2 6.3647
2 5.4120
2 6.1366
2 5.4551
2 5.8718
2 5.6612
2 6.2527
2 6.3490
3 10.5165
3 19.3474
3 18.9125
3 16.2746
3 14.1199
3 17.1735
3 16.2698
3 15.2254
3 15.8477
3 19.8851
3 19.8803
3 19.2276
3 15.5454
3 17.9752
3 18.1120
3 19.8931
3 16.8119
3 17.3381
3 19.6587
3 12.7647
3 15.9008
3 19.3780
3 20.2285
3 16.6205
3 19.4388
3 19.4102
3 16.6573
3 17.0386
3 14.5745
3 16.7327
3 15.6605
3 15.6656
3 15.7354
3 21.5375
3 17.8542
3 17.9535
3 18.2507
3 13.2681
3 19.9076
3 18.0007
3 13.2319
3 16.4482
3 20.2921
3 22.3019
3 17.4893
3 17.3593
3 16.3512
3 17.7477
3 20.1958
3 14.2559
3 20.3553
3 17.5349
3 14.7785
3 19.6059
3 14.8596
3 17.4392
3 19.3082
3 20.7619
3 17.4266
3 14.5234
3 18.1797
3 13.8165
3 16.7667
3 20.2549
3 20.0828
3 18.6160
3 12.6104
3 17.5494
3 21.5622
3 16.3058
3 14.5745
3 17.7699
3 19.3236
3 16.7236
3 16.9681
3 14.0558
3 14.8740
3 12.9571
3 14.7872
3 20.9768
3 19.1637
3 16.0849
3 18.1101
3 12.3321
3 20.6282
3 19.3491
3 5.4120
3 6.0682
3 6.6647
3 5.9085
3 6.4576
3 4.2075
3 6.3647
3 5.3902
3 6.2690
3 5.4976
3 5.9085
3 6.3804
3 6.3331
3 5.8902
3 5.7202
3 5.8718
3 3.9390
3 5.2554
3 5.7007
3 5.4337
3 6.3647
3 5.9983
3 5.7396
3 6.1702
3 6.3012
3 5.9627
3 5.7396
3 5.7780
3 5.9983
3 5.8159
3 6.5031
3 5.0888
3 6.1366
3 5.6010
3 4.9106
3 5.8718
3 5.6212
3 6.3647
3 6.7912
3 6.3647
3 5.5806
3 5.2783
3 5.7007
3 5.8533
3 5.9805
3 6.3331
3 6.1535
3 5.9627
3 5.6612
3 6.7912
3 5.4120
3 5.9267
3 6.4576
3 5.9267
3 6.1702
3 5.1375
3 6.1702
3 5.7396
3 2.6730
3 5.7396
3 5.8902
3 6.5031
3 5.7396
3 6.1535
3 5.0641
3 5.4551
3 5.7202
3 3.9796
3 6.0335
3 6.1366
3 6.1869
3 4.8572
3 5.9267
3 5.9447
3 6.2690
3 5.2783
3 6.0682
3 5.8718
3 5.6612
3 5.9805
3 5.7396
3 6.3804
3 4.5090
3 6.1026
3 2.3734
3 6.1869
3 5.8533
3 6.1535
3 6.2364
4 16.5882
4 16.9504
4 19.7685
4 17.2978
4 17.5701
4 20.3890
4 22.9159
4 20.1535
4 16.2602
4 17.3972
4 16.0207
4 15.8274
4 21.3422
4 15.4899
4 14.9028
4 20.5229
4 17.7658
4 17.7900
4 21.8473
4 20.0305
4 20.8896
4 12.4687
4 16.3773
4 16.6825
4 13.8198
4 15.6967
4 19.0539
4 12.7569
4 17.1713
4 17.3190
4 16.9726
4 14.6846
4 20.6595
4 22.0978
4 15.5586
4 16.7916
4 15.1592
4 21.5265
4 18.0184
4 18.0790
4 18.7147
4 11.5892
4 17.5080
4 17.8342
4 16.3583
4 18.9463
4 14.9911
4 16.6182
4 18.6618
4 19.7978
4 16.2070
4 15.7534
4 18.6874
4 17.8801
4 17.9929
4 16.3607
4 17.6562
4 19.3678
4 17.1929
4 16.6871
4 15.2254
4 15.8172
4 19.9236
4 16.5604
4 20.0258
4 15.7713
4 21.4271
4 17.5370
4 19.3168
4 17.6970
4 17.6848
4 18.2507
4 17.5184
4 19.7129
4 14.9769
4 14.0397
4 14.7141
4 16.5068
4 16.9127
4 19.6439
4 21.5499
4 16.8770
4 16.4647
4 5.9805
4 6.0335
4 5.8902
4 4.9628
4 5.4120
4 6.3647
4 5.2322
4 6.2035
4 5.7007
4 6.1702
4 4.9106
4 5.7780
4 5.8159
4 6.0335
4 4.3127
4 5.6212
4 6.0335
4 6.1535
4 5.7396
4 5.8533
4 5.8159
4 6.1869
4 6.2690
4 3.7675
4 5.3682
4 5.8346
4 5.4765
4 6.2851
4 6.5922
4 5.8533
4 5.8533
4 5.4765
4 5.7970
4 5.6612
4 6.1366
4 5.8159
4 6.2364
4 5.4976
4 5.4765
4 2.9173
4 5.1615
4 6.2364
4 6.3331
4 5.9267
4 5.6212
4 4.8026
4 6.6503
4 5.8533
4 5.3011
4 5.3682
4 6.2200
4 5.8718
4 5.5394
4 5.6612
4 6.0682
4 5.7780
4 5.8159
4 5.7202
4 5.4551
4 6.1026
4 6.0682
4 5.7780
4 6.4880
4 5.1853
4 5.7780
4 6.1197
4 5.2783
4 5.9983
4 5.9627
4 5.4120
4 6.1197
4 6.0159
4 6.0335
4 5.6212
4 3.7675
4 5.0888
4 6.3647
4 6.1026
4 5.8159
4 5.4551
4 6.2035
4 5.4551
4 5.8533
4 6.5775
4 4.8840
4 6.1869
4 6.3012
