3.485403e-02 1.698215e-02 3.333741e-03
1.774867e-02 6.154526e-02 4.171699e-02
3.209817e-02 1.042081e-02 4.273233e-02
3.492857e-02 1.155150e-02 5.650000e-02
2.028150e-02 1.426055e-02 5.616918e-02
2.003147e-02 3.098599e-02 4.437414e-02
3.300288e-02 2.117159e-02 7.649279e-02
4.999522e-03 4.826123e-02 6.415153e-02
5.504139e-03 1.520985e-02 7.676697e-02
2.008912e-02 6.941088e-02 2.130514e-02
2.966773e-02 2.474982e-02 3.615281e-02
3.593390e-02 1.333878e-02 1.169440e-02
2.793842e-02 6.162899e-02 3.813636e-02
9.433073e-03 1.482781e-02 1.429207e-02
3.716590e-03 4.285286e-02 3.011521e-03
3.308705e-02 5.362755e-02 7.155198e-02
1.809751e-02 1.060076e-02 9.109426e-03
3.312175e-02 3.807394e-02 5.830405e-02
2.940606e-03 9.949091e-03 3.821879e-02
4.108345e-03 1.218304e-02 3.409825e-03
1.437968e-02 5.344049e-02 6.022037e-02
2.457621e-02 2.308538e-02 1.378540e-02
1.188401e-02 6.656345e-02 6.741276e-02
2.733976e-02 6.059711e-02 7.589503e-03
3.661937e-02 6.414318e-02 3.597847e-03
4.015075e-03 5.901113e-02 7.482053e-02
3.682351e-02 4.898645e-02 6.674221e-02
3.521871e-02 4.524160e-02 5.032271e-02
2.312786e-02 6.116871e-02 1.566299e-02
4.604409e-03 2.121085e-02 3.038450e-02
6.492825e-03 6.557828e-02 2.743509e-02
3.181355e-02 2.000777e-02 3.123244e-02
3.377797e-03 5.677309e-02 9.842513e-03
2.934783e-03 1.184340e-02 1.058475e-02
3.294179e-02 5.165934e-02 2.529968e-02
4.822835e-03 5.886631e-02 1.902790e-02
2.907511e-02 1.630551e-02 6.211520e-02
1.809324e-02 1.375881e-02 1.822663e-02
2.544146e-02 2.317442e-02 6.988198e-02
3.472120e-02 3.056767e-02 1.805712e-02
1.903161e-02 1.650384e-02 2.865664e-02
3.493217e-02 1.109743e-02 7.070276e-02
2.589742e-02 6.383374e-02 4.797185e-02
1.394986e-02 4.366761e-02 7.614169e-02
3.543415e-02 2.255877e-02 4.543723e-02
7.398235e-03 2.078353e-02 5.830147e-02
1.602118e-02 1.584692e-02 6.773759e-02
1.329756e-02 1.862620e-02 2.951517e-03
1.205262e-02 1.905083e-02 4.953210e-02
3.196420e-03 1.197352e-02 6.740923e-02
9.031080e-03 3.573054e-02 2.732468e-02
3.072741e-02 7.100761e-02 6.226345e-02
3.617937e-03 3.030307e-02 4.327345e-02
2.355577e-02 6.012204e-02 5.992244e-02
4.353289e-03 5.789697e-02 5.421363e-02
3.565268e-02 6.555331e-02 4.168789e-02
1.282569e-02 6.497837e-02 2.042595e-02
1.221479e-02 1.724309e-02 3.880035e-02
1.944933e-02 6.609657e-02 6.868171e-02
3.790805e-03 1.016643e-02 5.460549e-02
1.650388e-02 5.282231e-02 5.242039e-02
3.613447e-02 6.590641e-02 5.641824e-02
1.815736e-02 4.431504e-02 2.331472e-02
2.355508e-02 4.126547e-02 7.593855e-02
2.839698e-02 1.670488e-02 5.150968e-02
9.467809e-03 2.987922e-02 7.225975e-02
2.960281e-02 1.435837e-02 2.390267e-02
2.060234e-02 5.618301e-02 3.187665e-02
1.684081e-02 6.784209e-02 7.660154e-03
8.762470e-03 7.386342e-02 7.787886e-02
3.743108e-02 4.920988e-02 9.991084e-03
8.000672e-03 6.193889e-02 3.617983e-02
2.978878e-02 6.787556e-02 7.591036e-02
6.569795e-03 6.586887e-02 4.509400e-02
3.298483e-02 7.032328e-02 1.455109e-02
2.811454e-02 4.653753e-02 3.840891e-03
2.235126e-02 1.640012e-02 4.054856e-02
4.812244e-03 2.393263e-02 1.923361e-02
1.089012e-02 6.172273e-02 1.319522e-02
3.537669e-02 6.051475e-02 3.144149e-02
1.071184e-02 3.958801e-02 7.938084e-03
1.245430e-02 5.939719e-02 3.962803e-03
2.573980e-02 1.682458e-02 4.317146e-03
3.850000e-02 2.450000e-02 3.350000e-02
2.450000e-02 4.850000e-02 2.950000e-02
3.350000e-02 4.450000e-02 6.750000e-02
1.050000e-02 6.050000e-02 6.950000e-02
3.900769e-02 6.942308e-02 1.751538e-02
3.647701e-02 2.446552e-02 7.522989e-03
1.836207e-03 3.618966e-02 6.568966e-03
9.500000e-03 2.950000e-02 6.150000e-02
1.130645e-02 7.715591e-02 6.284946e-03
3.508025e-02 7.003086e-02 1.240741e-03
2.550000e-02 3.750000e-02 3.750000e-02
3.050000e-02 3.150000e-02 1.850000e-02
2.943069e-02 6.056931e-02 4.844059e-02
2.350000e-02 5.350000e-02 8.500000e-03
3.894186e-02 6.822093e-02 1.127907e-03
1.900000e-02 7.763636e-02 3.809091e-02
3.423554e-02 5.516529e-03 2.203719e-02
3.901471e-02 2.185294e-02 4.539706e-02
3.629279e-02 1.486937e-02 3.479730e-02
2.250000e-02 5.520297e-02 6.446040e-02
3.892424e-02 5.389394e-02 5.146970e-02
3.872222e-02 6.587037e-02 5.850000e-02
3.333660e-02 3.368301e-02 4.186275e-03
1.796269e-02 6.691045e-02 6.956716e-02
4.194444e-03 4.893519e-02 4.842593e-02
3.950000e-02 1.900000e-02 3.750000e-02
9.972000e-03 4.094800e-02 2.364400e-02
3.527143e-02 6.640476e-02 3.574762e-02
1.710305e-02 4.443893e-02 5.006489e-02
7.500000e-03 4.150000e-02 2.750000e-02
1.076271e-03 6.755085e-02 3.156780e-02
3.475610e-03 5.063415e-02 7.895122e-02
2.011972e-02 5.732394e-03 5.369718e-02
1.750000e-02 1.450000e-02 2.950000e-02
1.967391e-02 3.506522e-02 2.148261e-02
4.500000e-03 6.850000e-02 1.150000e-02
1.280488e-03 6.276829e-02 4.113415e-02
2.750000e-02 1.850000e-02 5.550000e-02
2.650000e-02 6.850000e-02 3.550000e-02
1.325373e-02 5.810448e-02 7.373881e-02
3.740625e-02 5.758750e-02 1.747500e-02
3.050000e-02 4.050000e-02 1.450000e-02
3.450000e-02 5.050000e-02 4.150000e-02
1.043860e-03 3.567544e-02 3.858772e-02
6.500000e-03 6.250000e-02 3.500000e-03
3.886842e-02 5.381579e-03 3.038158e-02
2.051515e-02 6.447727e-02 6.649242e-02
2.550000e-02 3.950000e-02 5.150000e-02
6.500000e-03 7.350000e-02 7.050000e-02
7.486842e-03 3.394737e-02 4.832895e-02
6.500000e-03 7.050000e-02 7.450000e-02
1.950000e-02 2.450000e-02 2.650000e-02
2.142308e-02 1.450000e-02 6.913736e-02
1.321774e-02 5.166935e-02 4.279839e-02
1.058824e-03 2.325000e-02 1.650000e-02
3.494444e-02 7.744444e-02 5.651852e-02
3.251818e-02 3.898182e-02 5.450000e-02
2.425342e-02 2.787671e-03 6.147260e-02
3.873457e-02 4.893210e-02 1.436420e-02
1.838000e-02 7.671333e-02 2.984667e-02
2.966129e-02 4.147849e-02 6.532796e-02
3.549107e-02 1.049107e-02 7.837500e-02
4.500000e-03 3.250000e-02 7.050000e-02
2.247087e-02 7.430583e-02 2.490291e-03
2.149225e-02 4.353101e-02 1.662791e-03
2.290860e-02 7.406989e-02 9.145161e-03
9.513699e-03 3.380137e-02 2.329452e-02
1.969811e-02 1.366038e-02 7.860377e-02
2.010169e-02 6.865254e-02 3.351695e-02
3.867647e-02 2.592647e-02 5.500000e-03
2.500000e-03 3.250000e-02 2.150000e-02
3.878049e-02 5.484146e-02 2.241463e-02
3.950000e-02 7.500000e-02 3.850000e-02
1.150000e-02 3.550000e-02 3.650000e-02
3.892029e-02 1.007971e-02 3.647101e-02
3.950000e-02 5.146429e-02 1.667857e-02
6.977876e-03 5.101770e-03 9.561947e-03
3.841011e-02 3.094944e-02 2.938202e-03
2.050000e-02 5.550000e-02 1.350000e-02
2.168103e-02 1.756034e-02 4.922414e-03
1.005372e-02 1.379752e-02 7.029339e-02
1.422951e-02 3.950820e-02 3.956557e-02
3.450000e-02 1.150000e-02 6.050000e-02
2.999038e-02 5.613462e-02 6.820192e-02
2.322662e-02 2.524820e-02 3.742806e-02
3.203237e-02 6.912590e-02 6.335612e-02
