169
#time=1
element_id phi1 Phi phi2
1  344.4301  136.1617  13.6510  
2  323.3596  73.8468  46.5539  
3  2.2284  125.7132  15.4220  
4  21.9412  87.1950  18.8456  
5  356.7619  51.0747  15.9636  
6  354.1183  97.4733  28.7829  
7  2.4109  90.4626  19.1126  
8  322.1851  81.3021  2.2180  
9  27.9953  136.3479  343.0344  
10  348.9754  52.3431  23.8018  
11  337.1822  130.0007  17.2854  
12  346.1994  125.5694  31.2475  
13  16.6385  97.2905  350.3247  
14  346.8944  68.4862  27.0563  
15  32.5193  52.8169  348.0077  
16  41.8228  83.1826  33.5038  
17  14.2411  59.1166  319.1438  
18  32.2909  116.9991  17.6198  
19  340.5208  96.4202  333.0031  
20  348.8305  121.4562  6.3339  
21  350.7579  104.8730  348.0558  
22  38.5061  128.6021  13.1499  
23  338.2302  95.4485  23.4123  
24  340.2670  56.4536  5.2360  
25  343.6142  95.8713  33.5875  
26  20.6704  49.1145  7.2822  
27  21.3856  57.6115  347.7774  
28  341.5957  110.5367  26.4087  
29  347.0239  81.4958  5.2177  
30  4.3345  61.3707  332.6581  
31  4.3345  61.3707  332.6581  
32  346.4682  60.1525  321.5720  
33  20.8954  109.2757  43.7404  
34  32.4931  100.4555  2.2965  
35  352.5982  96.0690  3.8367  
36  22.9838  121.1021  0.5341  
37  12.7471  100.2246  5.3972  
38  352.2562  78.2592  45.3182  
39  22.3639  100.6607  1.3679  
40  39.9803  93.2678  37.0886  
41  327.1761  88.3530  334.0470  
42  344.8770  48.1937  31.4093  
43  337.7208  75.2156  357.1212  
44  9.3405  120.2793  6.8821  
45  317.8821  96.8281  319.6446  
46  5.1217  83.5785  44.0520  
47  5.4199  83.7916  38.9518  
48  29.5431  117.2885  43.1563  
49  2.3017  90.8734  359.2858  
50  13.6687  117.4288  43.6757  
51  5.1097  97.6698  324.6471  
52  19.6147  109.1187  342.2896  
53  359.3110  120.7520  348.8591  
54  30.3217  102.3790  336.9467  
55  12.7120  90.4196  319.1782  
56  18.1891  77.0800  352.1553  
57  325.2131  69.0855  31.9394  
58  33.3628  78.2849  350.5751  
59  25.4004  107.1849  18.4388  
60  359.8599  100.9517  334.3318  
61  20.4559  54.0798  8.1854  
62  29.8899  79.0023  312.7393  
63  344.4479  46.2124  5.5005  
64  31.9307  125.8359  25.6993  
65  350.5430  99.1561  338.5608  
66  330.0552  65.6971  47.5840  
67  318.1852  72.6390  21.7211  
68  353.3838  93.5972  44.1166  
69  356.8353  120.6666  358.3788  
70  12.7120  90.4196  319.1782  
71  345.8511  59.0187  39.3004  
72  35.1182  117.0541  325.0487  
73  343.7082  102.6889  12.4904  
74  38.7260  66.2471  356.0337  
75  343.7065  78.7954  345.8247  
76  348.1114  126.0484  37.0978  
77  12.7570  88.7414  334.1690  
78  26.4251  70.0779  339.1549  
79  328.3667  70.7013  20.2446  
80  35.8890  101.8427  342.3480  
81  18.1644  105.7101  37.2497  
82  41.7285  67.5088  6.4560  
83  11.9636  87.7817  28.9871  
84  80.1728  160.8207  173.4733  
85  173.0063  137.6766  292.7694  
86  351.8219  142.4092  95.5883  
87  125.8502  147.3710  229.4650  
88  137.0521  139.5599  199.1217  
89  136.0798  157.5691  199.1378  
90  22.7799  149.0361  121.2419  
91  54.1141  170.6475  182.4051  
92  20.9283  147.3321  83.5034  
93  326.1917  177.1729  89.3402  
94  257.7330  149.5191  304.8462  
95  204.9178  141.3940  277.5723  
96  88.5747  144.0783  140.4715  
97  17.8610  150.8798  152.3048  
98  314.7893  145.7221  37.9067  
99  220.9405  131.7740  325.1192  
100  294.1634  146.0154  58.5322  
101  155.1638  157.6814  273.7220  
102  192.7459  143.0515  244.5504  
103  27.8037  155.6824  105.9995  
104  38.7953  125.4348  143.2841  
105  90.0386  160.9095  193.3595  
106  285.4396  144.6025  337.3822  
107  339.4408  145.7123  36.7138  
108  190.5881  157.8470  238.2977  
109  71.1001  143.5546  122.9504  
110  112.6183  154.9937  190.8012  
111  295.8880  146.7832  19.0209  
112  344.6307  172.2987  92.8031  
113  42.0508  157.3124  160.6236  
114  223.6890  133.8859  349.1651  
115  240.6875  160.1732  313.9310  
116  74.7378  175.1246  128.1357  
117  61.4721  150.8472  108.6935  
118  310.2778  140.3139  12.4024  
119  243.6337  127.1032  311.4604  
120  304.0309  137.6038  0.6377  
121  198.9195  166.5691  302.1648  
122  190.8906  139.7782  305.2198  
123  52.8849  152.9425  161.4406  
124  89.0502  159.7888  136.8704  
125  19.2080  134.9694  107.4113  
126  285.6389  146.8181  29.2696  
127  343.9128  156.6862  77.2307  
128  323.4668  148.2482  67.0573  
129  311.3774  147.1310  3.5316  
130  120.9451  143.9923  188.5220  
131  295.1271  148.8888  43.8205  
132  63.3749  134.7333  146.2968  
133  142.3428  139.7748  193.8310  
134  191.4000  137.4090  274.3757  
135  320.4467  163.4036  48.7464  
136  17.3016  137.8387  126.4844  
137  214.6718  162.0806  272.8179  
138  348.0913  162.4272  96.4042  
139  323.4587  149.3403  41.5252  
140  31.4890  157.3611  79.1696  
141  130.8149  143.4738  213.8972  
142  25.1677  137.7259  118.6189  
143  231.6617  149.7437  304.6296  
144  31.3481  166.7886  94.6801  
145  333.7261  149.5517  31.2580  
146  147.7836  150.8850  220.7881  
147  136.4820  140.8628  181.9261  
148  186.1803  162.8873  269.4844  
149  226.0095  145.9123  298.8439  
150  116.6788  161.5603  235.0966  
151  353.0973  136.8876  81.3102  
152  306.5857  127.9019  56.3681  
153  50.1363  146.9923  133.2723  
154  130.9054  136.6258  234.8800  
155  183.7905  166.7445  317.2931  
156  100.6744  140.7557  146.9259  
157  247.7934  140.3185  330.8230  
158  286.1815  149.3076  354.0094  
159  125.7883  135.0238  203.4350  
160  250.3957  140.3483  328.2206  
161  135.8225  137.8886  181.7365  
162  305.5905  149.4389  59.3940  
163  316.4274  137.8370  18.3678  
164  6.7037  138.2398  137.0824  
165  187.3188  167.8423  270.6527  
166  167.1438  152.6302  265.5510  
167  79.3186  155.8875  177.6817  
168  165.7704  142.9209  222.8330  
169  63.5702  132.0593  135.7641  
