175
#time=1
element_id phi1 Phi phi2
1  76.0710  19.8538  353.0698  
2  312.4396  45.1691  94.0911  
3  75.5113  22.6509  44.0057  
4  64.7557  38.5151  24.4408  
5  234.9637  30.6596  244.9532  
6  30.8125  45.8275  68.9463  
7  254.6855  37.5154  151.5657  
8  202.5727  44.6570  209.4367  
9  197.3771  28.3338  287.5669  
10  181.7434  28.9658  252.2120  
11  57.8481  22.7959  26.3427  
12  142.5341  55.1819  327.0741  
13  320.9687  27.5923  92.5310  
14  145.1136  53.3154  304.0464  
15  323.3390  12.0923  100.9489  
16  23.3320  41.2973  55.4113  
17  132.0668  52.4069  306.2872  
18  142.8739  27.2092  326.6318  
19  336.0518  7.8256  143.0527  
20  254.6540  24.5561  159.0284  
21  302.2054  42.9526  167.9987  
22  252.1158  46.2931  223.6260  
23  82.4555  34.8935  356.4617  
24  2.2756  16.0790  91.9397  
25  336.4076  45.8108  118.0597  
26  107.0577  37.6834  300.3548  
27  103.4773  34.9251  309.4820  
28  15.7272  43.5490  36.4051  
29  302.1527  50.1829  120.1023  
30  310.8565  47.7735  154.2924  
31  23.8251  12.1918  65.4043  
32  35.5434  36.0609  38.1764  
33  292.4491  29.4905  136.3794  
34  201.8897  43.7193  278.9800  
35  194.2476  8.6316  284.8695  
36  165.1156  43.9539  268.2709  
37  232.4255  26.0075  181.1721  
38  149.4732  19.1379  269.5709  
39  258.5644  28.0636  226.3630  
40  343.5415  43.5352  142.6596  
41  109.8480  17.2099  319.3564  
42  130.0064  45.1158  303.3233  
43  317.1356  43.8764  116.2537  
44  147.1562  49.1158  312.7032  
45  184.7147  38.6433  274.8553  
46  28.0622  37.2970  87.0586  
47  334.6286  21.6935  149.9505  
48  141.4747  25.4418  277.2955  
49  334.5735  39.0811  109.4304  
50  296.9411  14.6417  197.5667  
51  246.0281  44.9528  234.9528  
52  41.4037  18.8707  67.8697  
53  265.4634  26.0961  214.2100  
54  59.5727  32.5765  50.1304  
55  300.6120  33.9092  153.7211  
56  79.2888  33.6781  46.0274  
57  253.4301  25.0096  180.6318  
58  80.7017  25.6142  18.6191  
59  237.7288  37.3191  190.7457  
60  200.4241  38.1806  290.5647  
61  218.6665  41.9288  235.7521  
62  103.3324  31.1269  340.7764  
63  22.2732  43.8573  72.1686  
64  195.3230  16.6279  213.6233  
65  56.6705  29.6708  32.5411  
66  25.6867  36.1001  99.8219  
67  102.6666  9.9061  26.5795  
68  312.8075  50.9195  114.8076  
69  150.5401  41.4432  282.9609  
70  23.8790  47.6401  33.5144  
71  191.0385  30.2165  242.8797  
72  187.9290  23.8361  301.9023  
73  172.8791  39.9018  291.9346  
74  266.0552  25.0413  193.2569  
75  144.3057  48.0427  283.5190  
76  52.7643  27.1285  11.0465  
77  311.4576  36.6480  106.6125  
78  144.6455  20.1420  329.7057  
79  183.3379  30.0486  235.1785  
80  291.9575  20.7191  167.2979  
81  264.9683  30.0132  189.3316  
82  179.9718  38.9372  284.8059  
83  125.9155  16.7333  288.1336  
84  245.7823  28.3065  213.5809  
85  356.6685  27.6165  128.2308  
86  115.1702  10.6226  343.9958  
87  189.0841  69.8871  314.9234  
88  170.5839  91.0367  42.1323  
89  148.0414  131.8771  11.3655  
90  143.9568  60.2362  53.4560  
91  162.4375  100.8222  20.5920  
92  158.1180  96.2071  325.5815  
93  141.0966  84.8104  338.0405  
94  190.5417  91.5397  317.1849  
95  140.2308  108.6953  313.1197  
96  209.7621  65.4874  5.9800  
97  215.7891  96.3744  4.2805  
98  133.2459  100.8268  341.6335  
99  201.5270  71.5023  29.2441  
100  147.4427  63.7501  349.1444  
101  159.5561  56.8873  34.3872  
102  149.7471  118.7593  20.5013  
103  221.3794  62.5401  341.0938  
104  159.7498  106.5719  354.1441  
105  161.1902  93.7347  36.8388  
106  186.0864  83.0084  351.8385  
107  154.4671  67.8021  27.8461  
108  207.8439  86.8954  320.5556  
109  171.2789  58.4927  14.9052  
110  133.7272  77.0107  39.9769  
111  194.4894  121.1347  335.3642  
112  167.9672  126.9250  353.0182  
113  143.9024  93.3062  330.0879  
114  162.5791  96.8929  320.7968  
115  158.2830  110.5058  348.0449  
116  153.1551  123.7652  338.2611  
117  144.5309  50.8228  342.9215  
118  169.3388  73.3839  8.7276  
119  192.3683  60.3044  317.7406  
120  184.7680  46.5555  16.1543  
121  192.0772  47.6127  357.5658  
122  169.0907  85.5162  32.5564  
123  191.9792  78.9822  346.0115  
124  135.5005  97.5856  359.1643  
125  198.8977  119.0492  351.7411  
126  164.5392  68.2060  5.1718  
127  161.6606  83.9034  338.0508  
128  157.8797  103.7890  339.2300  
129  152.2211  80.8707  333.8505  
130  168.3906  79.0212  328.1736  
131  198.5872  124.6968  23.6762  
132  150.2593  72.6453  1.7204  
133  194.8710  103.2991  353.8799  
134  156.6656  110.2674  316.9150  
135  191.5679  103.8801  43.9427  
136  188.0940  71.3865  15.8900  
137  152.4681  116.6605  329.6564  
138  155.3100  72.9484  319.7380  
139  196.8712  125.5299  18.0597  
140  227.2167  75.3583  341.9991  
141  142.9524  113.3614  15.3694  
142  181.3136  117.8173  342.2031  
143  213.2010  52.4266  356.0463  
144  188.0797  80.0806  31.4499  
145  197.2275  106.6882  334.3850  
146  220.0055  52.5739  337.4590  
147  211.1974  92.6152  18.2579  
148  152.6136  121.1668  31.2511  
149  207.2216  111.1418  7.3834  
150  185.4149  97.5730  357.5337  
151  176.5461  122.1609  345.8591  
152  191.5936  135.8775  335.2313  
153  134.4188  106.6802  328.5615  
154  180.2479  87.4901  17.0007  
155  211.1630  90.2804  331.5558  
156  164.3839  59.8982  21.8332  
157  164.4475  50.4517  346.9191  
158  225.7878  61.5351  344.7006  
159  217.6982  110.3047  9.2493  
160  166.4568  71.8082  318.6814  
161  156.2301  94.2670  31.6781  
162  202.5876  82.1971  335.3654  
163  155.2676  95.6009  350.8478  
164  209.2339  50.2619  23.6602  
165  195.9120  47.0652  1.2613  
166  143.1804  63.3611  43.0694  
167  205.4191  97.8480  358.8933  
168  149.5076  102.2844  317.6146  
169  208.2283  72.5972  18.3220  
170  215.2350  65.3361  36.7403  
171  154.4287  105.8906  34.4546  
172  218.4121  108.6849  14.0459  
173  203.3897  110.6273  346.0934  
174  176.6314  78.2219  37.5510  
175  138.2771  51.0021  1.3745  
