16.5882
16.9504
19.7685
17.2978
17.5701
20.3890
22.9159
20.1535
16.2602
17.3972
16.0207
15.8274
21.3422
15.4899
14.9028
20.5229
17.7658
17.7900
21.8473
20.0305
20.8896
12.4687
16.3773
16.6825
13.8198
15.6967
19.0539
12.7569
17.1713
17.3190
16.9726
14.6846
20.6595
22.0978
15.5586
16.7916
15.1592
21.5265
18.0184
18.0790
18.7147
11.5892
17.5080
17.8342
16.3583
18.9463
14.9911
16.6182
18.6618
19.7978
16.2070
15.7534
18.6874
17.8801
17.9929
16.3607
17.6562
19.3678
17.1929
16.6871
15.2254
15.8172
19.9236
16.5604
20.0258
15.7713
21.4271
17.5370
19.3168
17.6970
17.6848
18.2507
17.5184
19.7129
14.9769
14.0397
14.7141
16.5068
16.9127
19.6439
21.5499
16.8770
16.4647
5.9805
6.0335
5.8902
4.9628
5.4120
6.3647
5.2322
6.2035
5.7007
6.1702
4.9106
5.7780
5.8159
6.0335
4.3127
5.6212
6.0335
6.1535
5.7396
5.8533
5.8159
6.1869
6.2690
3.7675
5.3682
5.8346
5.4765
6.2851
6.5922
5.8533
5.8533
5.4765
5.7970
5.6612
6.1366
5.8159
6.2364
5.4976
5.4765
2.9173
5.1615
6.2364
6.3331
5.9267
5.6212
4.8026
6.6503
5.8533
5.3011
5.3682
6.2200
5.8718
5.5394
5.6612
6.0682
5.7780
5.8159
5.7202
5.4551
6.1026
6.0682
5.7780
6.4880
5.1853
5.7780
6.1197
5.2783
5.9983
5.9627
5.4120
6.1197
6.0159
6.0335
5.6212
3.7675
5.0888
6.3647
6.1026
5.8159
5.4551
6.2035
5.4551
5.8533
6.5775
4.8840
6.1869
6.3012
