170
#time=1
element_id phi1 Phi phi2
1  206.7593  41.8941  222.9935  
2  166.2609  27.4208  320.1293  
3  79.4498  29.5183  335.4301  
4  349.0619  26.6830  101.6250  
5  55.6199  25.0584  354.3727  
6  349.0619  26.6830  101.6250  
7  35.1122  40.0339  98.2342  
8  96.2002  18.3395  277.0125  
9  230.6550  57.8876  138.3876  
10  85.5615  36.2155  314.1493  
11  57.1489  41.1585  280.0389  
12  83.5682  13.3821  264.6813  
13  288.7037  37.0275  43.5034  
14  176.9374  10.2898  216.2154  
15  269.9124  26.6933  67.9774  
16  186.1076  25.4641  156.9051  
17  211.6254  22.7693  151.5937  
18  220.3051  43.3119  127.2992  
19  6.6811  40.1985  356.6513  
20  158.3925  21.4462  204.8210  
21  278.5589  39.1659  53.5015  
22  1.4917  20.2264  341.6467  
23  192.6439  16.0158  145.5576  
24  251.1228  36.5343  86.3270  
25  137.8147  45.5620  252.1238  
26  238.7773  50.3651  146.1919  
27  187.6798  29.7155  201.1282  
28  286.4405  25.8170  36.1118  
29  178.5411  4.9851  144.7584  
30  251.0707  26.6850  91.9082  
31  128.6668  29.6605  270.4951  
32  213.7087  25.6065  134.3661  
33  329.9074  25.7703  48.5112  
34  131.8187  30.6180  231.4429  
35  19.0590  20.2188  359.2142  
36  197.2774  29.4224  130.2190  
37  24.1118  20.1462  4.2670  
38  326.2427  32.8557  47.2801  
39  282.2545  36.2388  117.4586  
40  8.7610  42.3979  24.4547  
41  332.5808  43.8505  46.5914  
42  91.3524  14.0915  231.7477  
43  179.3742  41.0762  147.2513  
44  221.4791  54.2913  136.5645  
45  23.2411  10.6170  344.9068  
46  171.4662  34.9383  150.4157  
47  202.8609  40.7848  139.5966  
48  342.0105  22.9028  41.3918  
49  196.7795  45.1116  140.1541  
50  155.7855  15.0867  182.4349  
51  24.1195  46.4956  323.3688  
52  245.7187  46.8761  144.3401  
53  139.7742  25.7499  177.6037  
54  49.8468  23.7392  308.3412  
55  165.3579  34.6915  228.9642  
56  309.6900  29.2532  43.3986  
57  242.4471  32.8596  136.2138  
58  199.2289  36.3616  127.7891  
59  102.4695  33.7029  265.9418  
60  183.6714  30.3252  159.1963  
61  349.6887  25.7608  18.5988  
62  47.8310  20.8262  285.1886  
63  50.2723  37.8974  313.0412  
64  275.7864  31.7177  77.2697  
65  306.6275  22.1746  41.5079  
66  237.8938  32.4125  156.2611  
67  76.9288  39.7382  286.3993  
68  65.8689  38.9469  307.8428  
69  34.6598  23.5532  293.1544  
70  305.0404  34.6898  73.6938  
71  46.0595  17.0686  347.2852  
72  50.7614  45.9708  350.0107  
73  193.6930  25.5193  164.4905  
74  88.5483  13.3959  269.6614  
75  214.0009  25.5868  103.3879  
76  290.6477  42.5918  83.1958  
77  322.4223  8.1335  65.6587  
78  105.8259  23.8308  262.4370  
79  189.7653  14.7981  178.4087  
80  197.6785  33.8331  139.9077  
81  259.8673  43.9223  119.3093  
82  95.1769  34.6674  242.3686  
83  64.5380  34.7969  278.1710  
84  163.2517  87.8132  209.8000  
85  213.8485  99.5818  177.1557  
86  209.1302  98.2405  181.5268  
87  216.2028  62.2622  196.5497  
88  214.4827  89.8965  158.7557  
89  198.2973  127.3456  159.4169  
90  167.7787  88.1662  224.7903  
91  193.7589  78.1812  182.9615  
92  206.0872  70.5036  169.7107  
93  153.4524  58.3684  160.8751  
94  170.7185  56.1547  156.4089  
95  140.4927  60.5267  190.1464  
96  217.3624  63.8086  191.4773  
97  131.8949  59.3057  215.1571  
98  162.1597  107.1620  201.9590  
99  224.3863  104.2628  179.9082  
100  179.1742  103.7827  139.1296  
101  213.0939  115.7541  213.3059  
102  146.9385  91.4378  137.6107  
103  212.1456  54.0456  173.9763  
104  195.7539  93.8012  215.0511  
105  154.3399  62.0668  154.6877  
106  182.1118  110.0921  139.3233  
107  213.0183  65.6495  187.6826  
108  194.8395  65.4180  201.5837  
109  198.3162  129.5091  175.4981  
110  194.9048  86.2164  158.9167  
111  182.0568  63.4465  189.0211  
112  201.4187  64.5511  131.0395  
113  174.2210  47.2085  222.2813  
114  168.0457  50.2253  209.8888  
115  200.8137  116.7487  163.8373  
116  227.5009  61.2813  139.2471  
117  146.1501  101.9303  206.7684  
118  193.8098  118.7472  177.8301  
119  166.9845  61.9900  167.3358  
120  150.3063  123.6334  154.4156  
121  153.1843  92.3413  153.4347  
122  158.9998  84.4752  185.4366  
123  179.4206  88.3879  159.5670  
124  181.6574  98.2159  214.4380  
125  158.9654  59.1877  159.3292  
126  159.2582  93.2850  178.7898  
127  154.2752  89.5189  184.5480  
128  226.6684  115.1175  206.4997  
129  159.1052  98.1379  177.8868  
130  215.8957  73.0854  210.4411  
131  219.8141  91.3724  200.7094  
132  203.8899  87.6528  183.9298  
133  162.7435  73.8285  151.5061  
134  177.9091  72.8464  154.6516  
135  153.8724  116.6834  141.9463  
136  213.3087  67.8359  141.3338  
137  203.2986  72.1560  185.8389  
138  163.6860  72.4895  212.2654  
139  171.2714  132.6718  160.1749  
140  176.9546  128.7098  188.6784  
141  144.6598  55.3200  190.7147  
142  154.9971  84.0919  160.4511  
143  141.8283  66.3164  208.7383  
144  224.7542  94.1908  191.6360  
145  157.1893  64.9551  163.9696  
146  145.9112  84.1537  217.3515  
147  203.8635  74.0153  150.5235  
148  180.4748  63.6711  174.2187  
149  137.7797  109.3181  150.6472  
150  204.2640  120.7789  196.5119  
151  222.4921  122.7362  186.9876  
152  221.9220  104.8473  222.1466  
153  196.4036  128.0469  185.0568  
154  215.7622  63.5760  139.0213  
155  170.6578  59.4020  192.1586  
156  193.8133  83.0926  183.5424  
157  213.5763  81.2133  186.9974  
158  184.8574  133.4487  181.2987  
159  194.9586  120.9594  162.9721  
160  146.4154  78.1010  146.6990  
161  151.0483  117.7233  151.2586  
162  184.4294  60.8097  219.2383  
163  189.3454  131.7688  151.3279  
164  179.2722  93.4901  184.3280  
165  139.9575  113.2755  144.2748  
166  159.6478  118.5541  205.1057  
167  217.9726  93.2076  137.6010  
168  181.8373  129.4885  216.6462  
169  143.9247  55.7488  220.5928  
170  178.1435  93.0042  144.4690  
