167
#time=1
element_id phi1 Phi phi2
1  54.6855  130.0820  257.8299  
2  84.6889  51.2602  257.3216  
3  56.7263  101.0749  283.1500  
4  51.1808  120.2088  276.1760  
5  63.5634  68.1682  301.9482  
6  68.9079  105.1080  227.4534  
7  126.5979  111.6993  273.0723  
8  133.0609  65.4524  277.4903  
9  55.7980  51.6690  293.9829  
10  68.8054  62.8225  276.2052  
11  71.5195  66.0156  264.7970  
12  82.3186  52.9312  231.8737  
13  119.9527  125.2239  280.7631  
14  89.3665  67.1163  276.1651  
15  58.9648  95.0984  244.0170  
16  55.3088  93.0993  306.2998  
17  136.1995  124.5530  297.1256  
18  62.2249  62.5601  236.1520  
19  91.6738  87.4517  225.9705  
20  71.3178  122.0750  223.9921  
21  52.4093  65.0794  300.7507  
22  115.7243  66.4740  270.7168  
23  80.6192  115.4710  248.6052  
24  96.7084  95.7137  291.2161  
25  67.6222  69.5863  285.2803  
26  52.4455  95.2095  232.8071  
27  119.6324  65.2782  254.0466  
28  125.0618  69.8115  275.0100  
29  70.7351  96.9147  269.8282  
30  58.6411  109.7976  260.2649  
31  109.5249  75.4075  278.5686  
32  54.7817  115.4974  294.4379  
33  112.4447  104.2543  314.6799  
34  43.9998  103.7271  259.8988  
35  111.5944  71.1579  297.9925  
36  92.0348  129.4650  229.8432  
37  92.1666  131.9751  287.5927  
38  99.3142  98.9590  311.8724  
39  69.9249  93.5124  250.2966  
40  47.8902  115.0671  81.2815  
41  109.7695  121.4206  88.3512  
42  109.9878  111.5325  61.1128  
43  101.4714  64.2847  105.6208  
44  64.6044  94.1862  81.9479  
45  121.3559  115.1834  95.0606  
46  105.0570  88.2046  72.7576  
47  93.3950  107.9768  48.1146  
48  75.7674  124.7616  78.2523  
49  97.2143  62.1184  60.6499  
50  81.7118  79.3283  68.7899  
51  109.6492  55.8220  45.1803  
52  97.2842  79.0384  117.2358  
53  129.3326  98.8318  127.6911  
54  63.2385  53.7444  107.2852  
55  112.6372  127.0236  63.9083  
56  53.4593  59.2639  124.7656  
57  97.5403  102.4019  68.8162  
58  129.7016  89.8730  93.0369  
59  128.5310  130.6888  80.7922  
60  132.5990  74.0536  49.7539  
61  123.4684  98.6794  64.7391  
62  113.5683  107.8541  81.5136  
63  106.9758  125.8920  62.0720  
64  63.5353  96.7158  71.1413  
65  72.0867  108.4512  105.2380  
66  122.6554  106.5455  72.1004  
67  88.2212  45.9826  93.8379  
68  78.4964  76.8915  54.0658  
69  127.7461  78.4018  125.7780  
70  41.5374  117.8666  64.1678  
71  71.2633  119.2829  77.8398  
72  99.8219  60.9816  90.4723  
73  63.4700  116.4067  66.0563  
74  100.1805  117.9061  70.0704  
75  129.0049  72.7485  97.4263  
76  112.0350  48.3415  100.5793  
77  80.2869  125.2480  126.3853  
78  69.2672  90.0724  57.6860  
79  57.3279  113.8593  59.9423  
80  55.6026  77.9824  81.3153  
81  119.3454  84.1394  96.5703  
82  126.6019  61.3655  67.6371  
83  51.7055  63.4132  118.3886  
84  99.9542  60.9902  131.6336  
85  106.3301  52.8042  71.9349  
86  260.1120  89.1442  83.4106  
87  235.7223  98.2903  101.1202  
88  224.4877  83.5252  114.1131  
89  311.9234  47.1402  90.9393  
90  252.9712  57.6842  77.7177  
91  289.9688  119.1053  67.6743  
92  274.8106  88.9465  108.1017  
93  221.6178  107.4279  54.4375  
94  246.0917  56.2971  100.7655  
95  308.8924  116.6267  103.0310  
96  240.1197  70.1856  114.1893  
97  249.3547  69.0065  117.5967  
98  291.8406  113.4399  97.9420  
99  246.1261  72.8201  81.7513  
100  254.0518  56.7216  108.5176  
101  273.9271  70.3254  67.5110  
102  284.3578  130.1657  56.5427  
103  274.5390  49.7010  91.7609  
104  311.6701  132.4484  88.4572  
105  271.3127  119.8083  114.1120  
106  255.2430  134.6565  119.4256  
107  289.7476  79.4360  91.4624  
108  259.2199  91.2836  53.1617  
109  299.8695  87.2437  118.1783  
110  233.9284  122.0583  109.4550  
111  309.2517  94.2309  46.9813  
112  252.8566  93.5428  47.4144  
113  245.6081  110.6920  68.3974  
114  282.7403  44.5915  98.3585  
115  279.2189  93.2008  48.4848  
116  224.5828  75.5565  120.8792  
117  289.2245  114.6706  128.3844  
118  223.3212  118.5662  53.8983  
119  270.1731  134.9379  77.7114  
120  246.7855  106.7409  43.8156  
121  273.5822  131.9161  58.0045  
122  229.8718  105.8706  61.3598  
123  274.5150  88.1415  128.1340  
124  302.0232  103.8073  133.6350  
125  250.6627  81.7788  135.2616  
126  225.0028  90.2179  85.1180  
127  233.7370  101.7120  79.2063  
128  299.1613  118.3628  121.8154  
129  275.9640  60.0105  86.6587  
130  295.1684  90.6127  108.6276  
131  289.7917  94.8726  89.1356  
132  297.0792  100.0126  111.0197  
133  249.2985  81.4557  99.8975  
134  236.0248  80.1906  75.7886  
135  270.2550  99.6144  93.2867  
136  279.5289  77.3780  52.0762  
137  309.7736  86.9744  97.5306  
138  230.0202  84.5697  90.1956  
139  301.2853  101.7888  101.8049  
140  273.8079  68.0708  122.9103  
141  240.4927  106.0912  94.2304  
142  231.1621  99.8178  58.6348  
143  233.9593  90.5245  124.3507  
144  287.6884  55.5466  82.7036  
145  295.3431  69.8722  63.1950  
146  298.0435  95.1809  130.4625  
147  243.9356  128.9745  105.3320  
148  306.2809  103.5386  129.1716  
149  261.1387  110.1414  96.7525  
150  245.6173  101.0961  95.9842  
151  282.1359  99.4752  49.0513  
152  286.1896  52.5103  103.5570  
153  307.7946  104.2325  108.7359  
154  288.4516  99.4345  125.1116  
155  293.6546  57.9060  96.9158  
156  242.3600  100.4510  131.8817  
157  255.8440  85.7311  58.7711  
158  246.7855  106.7409  43.8156  
159  270.8830  74.8821  83.1923  
160  239.8058  108.3841  62.6266  
161  310.4423  121.1909  105.2569  
162  303.1588  133.9243  80.1304  
163  285.3794  89.5321  128.3993  
164  304.7958  84.0873  91.5294  
165  305.2897  74.7194  88.5197  
166  265.5889  58.6588  69.0179  
167  283.2274  118.6962  60.8636  
