14.7639
6.8324
17.7214
18.6105
18.4192
20.3676
19.6208
15.4473
18.3382
15.9535
20.7294
16.4199
16.1021
17.9475
15.8426
16.9902
14.9114
19.8528
13.9584
20.0416
17.8462
17.8041
19.7179
12.8693
19.3542
16.8029
16.8904
20.7590
18.6838
15.6397
18.8321
20.0764
20.8032
17.8382
17.1864
14.2778
15.9359
16.7916
19.0539
16.5604
17.5804
14.9684
13.9224
19.0854
19.7260
14.7668
13.7596
20.5259
17.5038
18.7961
20.0289
17.5618
14.1486
19.0574
14.4871
18.2545
18.5460
14.9968
19.6505
18.1488
14.4901
18.4249
19.7064
19.3168
17.5266
17.8681
18.5608
19.9605
14.1327
17.5783
19.5377
15.4793
16.0726
16.7735
19.8690
19.8770
18.7038
21.4299
17.0254
19.3627
15.2309
17.7739
13.7697
17.3783
17.8641
5.7396
5.9805
6.2035
5.0140
5.5394
5.0888
6.0682
5.3902
5.6413
6.2851
5.9627
6.3647
4.9628
5.3682
6.1026
5.6612
4.6604
5.4337
5.7780
4.5708
6.4115
6.2200
5.7202
3.0598
5.6212
5.8159
5.6612
5.8159
5.4120
3.6278
6.0335
4.9885
5.8346
5.6612
6.3960
6.7635
6.1702
4.7748
4.8572
6.3012
5.8159
4.2431
5.4120
6.8187
5.3682
5.8533
4.9106
6.2690
5.3682
6.0509
1.5632
6.1026
4.8840
6.5480
5.7588
5.5394
1.5632
5.6810
6.4576
5.4765
3.1264
5.0140
5.0392
6.2035
5.7780
5.9267
5.2554
6.3012
6.1197
4.9368
6.1366
5.7007
6.1026
6.1535
6.3172
6.0855
6.1535
6.1197
5.8902
6.4423
6.0159
6.0335
