10.5165
19.3474
18.9125
16.2746
14.1199
17.1735
16.2698
15.2254
15.8477
19.8851
19.8803
19.2276
15.5454
17.9752
18.1120
19.8931
16.8119
17.3381
19.6587
12.7647
15.9008
19.3780
20.2285
16.6205
19.4388
19.4102
16.6573
17.0386
14.5745
16.7327
15.6605
15.6656
15.7354
21.5375
17.8542
17.9535
18.2507
13.2681
19.9076
18.0007
13.2319
16.4482
20.2921
22.3019
17.4893
17.3593
16.3512
17.7477
20.1958
14.2559
20.3553
17.5349
14.7785
19.6059
14.8596
17.4392
19.3082
20.7619
17.4266
14.5234
18.1797
13.8165
16.7667
20.2549
20.0828
18.6160
12.6104
17.5494
21.5622
16.3058
14.5745
17.7699
19.3236
16.7236
16.9681
14.0558
14.8740
12.9571
14.7872
20.9768
19.1637
16.0849
18.1101
12.3321
20.6282
19.3491
5.4120
6.0682
6.6647
5.9085
6.4576
4.2075
6.3647
5.3902
6.2690
5.4976
5.9085
6.3804
6.3331
5.8902
5.7202
5.8718
3.9390
5.2554
5.7007
5.4337
6.3647
5.9983
5.7396
6.1702
6.3012
5.9627
5.7396
5.7780
5.9983
5.8159
6.5031
5.0888
6.1366
5.6010
4.9106
5.8718
5.6212
6.3647
6.7912
6.3647
5.5806
5.2783
5.7007
5.8533
5.9805
6.3331
6.1535
5.9627
5.6612
6.7912
5.4120
5.9267
6.4576
5.9267
6.1702
5.1375
6.1702
5.7396
2.6730
5.7396
5.8902
6.5031
5.7396
6.1535
5.0641
5.4551
5.7202
3.9796
6.0335
6.1366
6.1869
4.8572
5.9267
5.9447
6.2690
5.2783
6.0682
5.8718
5.6612
5.9805
5.7396
6.3804
4.5090
6.1026
2.3734
6.1869
5.8533
6.1535
6.2364
