18.3041
16.7054
16.3536
18.7056
15.5480
19.1446
14.3863
16.1340
18.6728
22.9944
17.6399
18.1701
14.4292
14.2056
18.9817
18.9197
17.0408
18.1275
13.7898
18.5718
18.0634
16.7395
17.1972
20.8707
12.7725
20.1567
20.9999
15.1425
16.2361
21.7683
18.4342
19.5277
17.5680
19.0328
20.8590
15.9334
15.5058
13.3221
17.3105
15.9133
18.5552
22.3658
15.7302
17.1454
13.7394
18.5571
15.8477
19.7456
16.7554
16.1169
17.3508
15.3938
18.3571
19.7864
18.8858
20.4911
20.9130
19.5444
19.8464
15.9834
18.2602
19.4388
9.6052
20.5892
18.9764
14.4047
13.9126
19.2757
19.5810
15.1592
18.0341
16.7373
18.3495
17.6562
14.6964
18.0497
17.0364
15.7045
17.0276
17.7072
11.2424
19.6439
22.0036
6.0159
6.0159
6.0855
5.7202
6.4576
4.8026
6.3490
5.0888
6.3172
5.6010
6.2527
5.7396
6.0335
4.9368
6.0335
5.7396
5.7396
5.4976
6.0682
6.6647
5.9447
5.8159
5.1853
6.3331
5.1133
5.7007
4.2075
4.9885
5.0140
6.0855
6.0509
5.2089
5.3682
6.3647
6.7215
6.2364
5.5601
4.7748
5.6612
5.6212
6.2035
5.7588
6.2200
4.3801
5.3011
5.8346
5.3902
5.3236
5.5394
6.2690
4.6604
5.9983
5.7202
6.0682
5.8533
5.3236
5.5601
5.8159
5.7780
5.5806
6.4576
5.2783
5.8159
6.1702
5.7780
5.6810
5.9267
5.3236
3.0598
6.1026
6.0159
6.0855
6.0855
5.6212
6.1366
5.8159
6.3647
5.4120
6.1366
5.4551
5.8718
5.6612
6.2527
6.3490
