      -0.0000000000107963       0.0000000000000000      -0.0000007853345129
      -0.0000001999930348       0.0000000000000000      -0.0145485718300667
      -0.0000003499895044       0.0000000000000000      -0.0254599595257971
      -0.0000005749840354       0.0000000000000000      -0.0418270445461339
      -0.0000009124757557       0.0000000000000000      -0.0663776578124445
      -0.0000014187131991       0.0000000000000000      -0.1032035194310708
      -0.0000021780689491       0.0000000000000000      -0.1584421659711701
      -0.0000033171015200       0.0000000000000000      -0.2412998061652361
      -0.0000050256479379       0.0000000000000000      -0.3655855309480990
      -0.0000075884620717       0.0000000000000000      -0.5520124702375622
      -0.0000114326709407       0.0000000000000000      -0.8316491754004883
      -0.0000171989565301       0.0000000000000000      -1.2510959000334199
      -0.0000258483225774       0.0000000000000000      -1.8802472359049300
      -0.0000388222313934       0.0000000000000000      -2.8239320487908564
      -0.0000582827790357       0.0000000000000000      -4.2393643415216724
      -0.0000782813754789       0.0000000000000000      -5.6938093081003460
      -0.0000982796099458       0.0000000000000000      -7.1481339886579223
      -0.0001182774444328       0.0000000000000000      -8.6023383913838032
      -0.0001382748789405       0.0000000000000000     -10.0564225239602543
      -0.0001582719134704       0.0000000000000000     -11.5103863938415127
      -0.0001782685480231       0.0000000000000000     -12.9642300083851296
      -0.0001982647825992       0.0000000000000000     -14.4179533749465687
      -0.0002182606171983       0.0000000000000000     -15.8715565008738224
      -0.0002382560518203       0.0000000000000000     -17.3250393935511724
      -0.0002582510864650       0.0000000000000000     -18.7784020603638595
      -0.0002782457211325       0.0000000000000000     -20.2316445087052337
      -0.0002982399558226       0.0000000000000000     -21.6847667459629356
      -0.0003182337905354       0.0000000000000000     -23.1377687795171809
      -0.0003382272252710       0.0000000000000000     -24.5906506167582002
      -0.0003582202600293       0.0000000000000000     -26.0434122650688700
      -0.0003782128948102       0.0000000000000000     -27.4960537318138769
      -0.0003982051296139       0.0000000000000000     -28.9485750243939854
      -0.0004181969644403       0.0000000000000000     -30.4009761501749090
      -0.0004381883992893       0.0000000000000000     -31.8532571165416130
      -0.0004581794341609       0.0000000000000000     -33.3054179308655804
      -0.0004781700690552       0.0000000000000000     -34.7574586005344131
      -0.0004981603039721       0.0000000000000000     -36.2093791329253136
      -0.0005181501389117       0.0000000000000000     -37.6611795354204446
      -0.0005381395738739       0.0000000000000000     -39.1128598153777318
      -0.0005581286088586       0.0000000000000000     -40.5644199801762255
      -0.0005781172438659       0.0000000000000000     -42.0158600372026214
      -0.0005981054788958       0.0000000000000000     -43.4671799938313299
      -0.0006180933139482       0.0000000000000000     -44.9183798574181168
      -0.0006380807490232       0.0000000000000000     -46.3694596353538770
      -0.0006580677841207       0.0000000000000000     -47.8204193350032156
      -0.0006780544192407       0.0000000000000000     -49.2712589637443443
      -0.0006980406543833       0.0000000000000000     -50.7219785289291138
      -0.0007180264895483       0.0000000000000000     -52.1725780379458399
      -0.0007380119247358       0.0000000000000000     -53.6230574981671069
      -0.0007579969599458       0.0000000000000000     -55.0734169169411842
      -0.0007779815951782       0.0000000000000000     -56.5236563016468168
      -0.0007979658304332       0.0000000000000000     -57.9737756596652076
      -0.0008179496657105       0.0000000000000000     -59.4237749983427079
      -0.0008379331010102      -0.0000000000000003     -60.8736543250327244
      -0.0008579161363324      -0.0000000000000017     -62.3234136470338385
      -0.0008778987716770      -0.0000000000000096     -63.7730529713381813
      -0.0008978810070441      -0.0000000000000523     -65.2225723032213125
      -0.0009178628424339      -0.0000000000002745     -66.6719716395757587
      -0.0009378442778480      -0.0000000000013888     -68.1212509360710214
      -0.0009578253132937      -0.0000000000067918     -69.5704099531312750
      -0.0009778059488033      -0.0000000000321371     -71.0194475611114342
      -0.0009977861845119      -0.0000000001472022     -72.4683586991965996
      -0.0010177660208684      -0.0000000006517009     -73.9171216137062856
      -0.0010377454587539      -0.0000000027767601     -75.3656470005726078
      -0.0010577244989263      -0.0000000112829492     -76.8135897549750410
      -0.0010777031417590      -0.0000000422734247     -78.2597823940203199
      -0.0010976813864246      -0.0000001341053483     -79.7014544810237027
      -0.0011176592287166      -0.0000003297116645     -81.1354990178524247
      -0.0011376366646817      -0.0000006304881472     -82.5618244949101268
      -0.0011576136961489      -0.0000010024736836     -83.9828848645915542
      -0.0011775903271273      -0.0000014123305150     -85.4011035600742616
      -0.0011975665594323      -0.0000018401232929     -86.8178903791023089
      -0.0012175423929450      -0.0000022757515720     -88.2340124195098667
      -0.0012375178269900      -0.0000027149170856     -89.6497678615904761
      -0.0012574928613067      -0.0000031556268594     -91.0652989817153298
      -0.0012774674961002      -0.0000035969924736     -92.4806919940999990
      -0.0012974417312702      -0.0000040388020459     -93.8959169037778878
      -0.0013174155667158      -0.0000044806047062     -95.3110282258763846
      -0.0013373890023697      -0.0000049223762297     -96.7260282439889068
      -0.0013573620381214      -0.0000053641143743     -98.1409180402428376
      -0.0013773346739314      -0.0000058058243124     -99.5556965838553225
      -0.0013973069097911      -0.0000062475025767    -100.9703641100359022
      -0.0014172787456844      -0.0000066891480096    -102.3849204379956319
      -0.0014372501816686      -0.0000071307599163    -103.7993657597669142
      -0.0014572212178112      -0.0000075723365955    -105.2137003025463997
      -0.0014771918542221      -0.0000080138850915    -106.6279237630240146
      -0.0014971620909600      -0.0000084554115122    -108.0420362239513565
      -0.0015171319278656      -0.0000088969243980    -109.4560367568419395
      -0.0015371013646811      -0.0000093384264079    -110.8699252955318144
      -0.0015570704012843      -0.0000097799288599    -112.2837013762097200
      -0.0015770390377500      -0.0000102214675560    -113.6973633903782286
      -0.0015970072742237      -0.0000106631373698    -115.1109070031554609
      -0.0016169751108758      -0.0000111051723487    -116.5243214902892532
      -0.0016369425479205      -0.0000115481303830    -117.9375812701548938
      -0.0016569095855666      -0.0000119933042512    -119.3506270887117182
      -0.0016768762240015      -0.0000124435649582    -120.7633274390372122
      -0.0016968424633522      -0.0000129047820070    -122.1754188146510955
      -0.0017168083034292      -0.0000133871965465    -123.5864330363270369
      -0.0017367737435025      -0.0000139041481194    -124.9957639513332452
      -0.0017567387823845      -0.0000144658865193    -126.4029473131119943
      -0.0017767034192046      -0.0000150731074747    -127.8079459437242775
      -0.0017966676541571      -0.0000157175576294    -129.2111523089930358
      -0.0018166314881912      -0.0000163881181479    -130.6130685491100678
      -0.0018365949221939      -0.0000170751501759    -132.0141142656528643
      -0.0018565579565051      -0.0000177717408672    -133.4146309808432420
      -0.0018765205912916      -0.0000184738723891    -134.8147936531965740
      -0.0018964828263967      -0.0000191791198956    -136.2147090137747227
      -0.0019164446616639      -0.0000198860807185    -137.6144394090952403
      -0.0019364060969535      -0.0000205939679389    -139.0140377899618898
      -0.0019563671323723      -0.0000213025222930    -140.4134868346736766
      -0.0019763277678131      -0.0000220113069661    -141.8128122750349007
      -0.0019962880034444      -0.0000227201431904    -143.2120252382197805
      -0.0019979999885659      -0.0000227808953725    -143.3319428945551124
      -0.0019979003142693      -0.0000227843991896    -143.3245108142486401
      -0.0019978005141214      -0.0000227878633647    -143.3170815349183158
      -0.0019976508176024      -0.0000227929724768    -143.3059430347776697
      -0.0019974262728330      -0.0000228004466416    -143.2892474205437736
      -0.0019970894555785      -0.0000228112522918    -143.2642298829038054
      -0.0019965842294432      -0.0000228266118585    -143.2267575121432799
      -0.0019958263897048      -0.0000228479284697    -143.1706577296031639
      -0.0019946896289449      -0.0000228765482228    -143.0867245327854107
      -0.0019929844852803      -0.0000229132898237    -142.9612150564510102
      -0.0019904267641748      -0.0000229577191834    -142.7736189367435315
      -0.0019865901700216      -0.0000230073507706    -142.4932763980481241
      -0.0019808352508819      -0.0000230572111045    -142.0742675164022444
      -0.0019722028096906      -0.0000231005050250    -141.4476375725703008
      -0.0019592540076585      -0.0000231310677832    -140.5096794822032393
      -0.0019398304893649      -0.0000231469297480    -139.1040462400208639
      -0.0019198691591917      -0.0000231527452355    -137.6602098541907253
      -0.0018999073914385      -0.0000231549002162    -136.2165097785778585
      -0.0018799452237603      -0.0000231557163588    -134.7727788057744078
      -0.0018599826561039      -0.0000231560284839    -133.3289602256730291
      -0.0018400196884590      -0.0000231561480070    -131.8850339188583405
      -0.0018200563208277      -0.0000231561935780    -130.4409924675653656
      -0.0018000925532156      -0.0000231562108155    -128.9968330724025805
      -0.0017801283856259      -0.0000231562172692    -127.5525546632251093
      -0.0017601638180592      -0.0000231562196574    -126.1081568275174618
      -0.0017401988505151      -0.0000231562205300    -124.6636394041979656
      -0.0017202334829931      -0.0000231562208446    -123.2190023281254554
      -0.0017002677154927      -0.0000231562209564    -121.7742455704719191
      -0.0016803015480140      -0.0000231562209956    -120.3293691160160819
      -0.0016603349805572      -0.0000231562210091    -118.8843729545753405
      -0.0016403680131221      -0.0000231562210137    -117.4392570777758493
      -0.0016204006457091      -0.0000231562210153    -115.9940214779244485
      -0.0016004328783181      -0.0000231562210158    -114.5486661475585777
      -0.0015804647109490      -0.0000231562210159    -113.1031910792580248
      -0.0015604961436019      -0.0000231562210160    -111.6575962657052941
      -0.0015405271762768      -0.0000231562210160    -110.2118816995426158
      -0.0015205578089737      -0.0000231562210160    -108.7660473734198376
      -0.0015005880416926      -0.0000231562210160    -107.3200932799887255
      -0.0014806178744335      -0.0000231562210160    -105.8740194119044844
      -0.0014606473071964      -0.0000231562210160    -104.4278257618277337
      -0.0014406763399814      -0.0000231562210160    -102.9815123224196611
      -0.0014207049727885      -0.0000231562210160    -101.5350790863247283
      -0.0014007332056176      -0.0000231562210160    -100.0885260461940902
      -0.0013807610384688      -0.0000231562210160     -98.6418531946866750
      -0.0013607884713421      -0.0000231562210160     -97.1950605244588814
      -0.0013408155042375      -0.0000231562210160     -95.7481480281447972
      -0.0013208421371550      -0.0000231562210160     -94.3011156984023131
      -0.0013008683700946      -0.0000231562210160     -92.8539635278918496
      -0.0012808942030564      -0.0000231562210160     -91.4066915092473522
      -0.0012609196360403      -0.0000231562210160     -89.9592996351320693
      -0.0012409446690464      -0.0000231562210160     -88.5117878981803443
      -0.0012209693020747      -0.0000231562210160     -87.0641562910490023
      -0.0012009935351251      -0.0000231562210160     -85.6164048063778580
      -0.0011810173681978      -0.0000231562210160     -84.1685334368138456
      -0.0011610408012926      -0.0000231562210160     -82.7205421750131080
      -0.0011410638344097      -0.0000231562210160     -81.2724310136014054
      -0.0011210864675490      -0.0000231562210160     -79.8241999452342270
      -0.0011011087007106      -0.0000231562210160     -78.3758489625576971
      -0.0010811305338944      -0.0000231562210160     -76.9273780582050364
      -0.0010611519671005      -0.0000231562210160     -75.4787872248269593
      -0.0010411730003288      -0.0000231562210160     -74.0300764550511872
      -0.0010211936335795      -0.0000231562210160     -72.5812457415446488
      -0.0010012138668525      -0.0000231562210160     -71.1322950769243079
      -0.0009812337001478      -0.0000231562210160     -69.6832244538307890
      -0.0009612531334654      -0.0000231562210160     -68.2340338649121492
      -0.0009412721668054      -0.0000231562210160     -66.7847233027995486
      -0.0009212908001677      -0.0000231562210160     -65.3352927601318072
      -0.0009013090335524      -0.0000231562210160     -63.8857422295497557
      -0.0008813268669594      -0.0000231562210160     -62.4360717036841848
      -0.0008613443003889      -0.0000231562210160     -60.9862811751726142
      -0.0008413613338407      -0.0000231562210160     -59.5363706366455077
      -0.0008213779673150      -0.0000231562210160     -58.0863400807478953
      -0.0008013942008117      -0.0000231562210160     -56.6361895001109303
      -0.0007814100343308      -0.0000231562210160     -55.1859188873526563
      -0.0007614254678724      -0.0000231562210160     -53.7355282351259831
      -0.0007414405014364      -0.0000231562210160     -52.2850175360390779
      -0.0007214551350229      -0.0000231562210160     -50.8343867827404807
      -0.0007014693686319      -0.0000231562210160     -49.3836359678530172
      -0.0006814832022634      -0.0000231562210160     -47.9327650840052257
      -0.0006614966359174      -0.0000231562210160     -46.4817741238385835
      -0.0006415096695939      -0.0000231562210160     -45.0306630799680221
      -0.0006215223032929      -0.0000231562210160     -43.5794319450226197
      -0.0006015345370145      -0.0000231562210160     -42.1280807116262253
      -0.0005815463707586      -0.0000231562210160     -40.6766093724141484
      -0.0005615578045253      -0.0000231562210160     -39.2250179200026494
      -0.0005415688383146      -0.0000231562210160     -37.7733063470287149
      -0.0005215794721265      -0.0000231562210160     -36.3214746460968527
      -0.0005015897059610      -0.0000231562210160     -34.8695228098553969
      -0.0004815995398181      -0.0000231562210160     -33.4174508309117115
      -0.0004616089736978      -0.0000231562210160     -31.9652587018862135
      -0.0004416180076001      -0.0000231562210160     -30.5129464154013945
      -0.0004216266415251      -0.0000231562210160     -29.0605139640843646
      -0.0004016348754728      -0.0000231562210160     -27.6079613405560060
      -0.0003816427094431      -0.0000231562210160     -26.1552885374296054
      -0.0003616501434361      -0.0000231562210160     -24.7024955473286489
      -0.0003416571774518      -0.0000231562210160     -23.2495823628674856
      -0.0003216638114902      -0.0000231562210160     -21.7965489766617999
      -0.0003016700455514      -0.0000231562210160     -20.3433953813418427
      -0.0002816758796353      -0.0000231562210160     -18.8901215695034388
      -0.0002616813137419      -0.0000231562210160     -17.4367275337806760
      -0.0002416863478713      -0.0000231562210160     -15.9832132667745377
      -0.0002216909820235      -0.0000231562210160     -14.5295787611115514
      -0.0002016952161984      -0.0000231562210160     -13.0758240093879898
      -0.0001816990503961      -0.0000231562210160     -11.6219490042360185
      -0.0001617024846166      -0.0000231562210160     -10.1679537382594596
      -0.0001417055188600      -0.0000231562210160      -8.7138382040676223
      -0.0001217081531261      -0.0000231562210160      -7.2596023942705861
      -0.0001017103874151      -0.0000231562210159      -5.8052463014902385
      -0.0000817122217270      -0.0000231562210157      -4.3507699183368755
      -0.0000617136560616      -0.0000231562210144      -2.8961732374997040
      -0.0000417146904189      -0.0000231562210073      -1.4414562519307910
      -0.0000217153247976      -0.0000231562209709       0.0133810439186975
      -0.0000017155591923      -0.0000231562207906       1.4683386486249259
       0.0000182846064213      -0.0000231562199307       2.9234165282464009
       0.0000382851721449      -0.0000231562160529       4.3786145100346019
       0.0000582861383040      -0.0000231562004591       5.8339319336180049
       0.0000782875053991      -0.0000231561492233       7.2893669907827592
       0.0000982892733797      -0.0000231560054950       8.7449154632587742
       0.0001182914419088      -0.0000231555913834      10.2005643112382316
       0.0001382940111985      -0.0000231542481726      11.6562654619931241
       0.0001582969815783      -0.0000231494415816      13.1118341241210636
       0.0001783003534821      -0.0000231318850057      14.5665932136507994
       0.0001983041275014      -0.0000230743341861      16.0185535732969591
       0.0002183083013663      -0.0000229302548757      17.4643365337817649
       0.0002383128699544      -0.0000226746718793      18.9021128362496462
       0.0002583178321940      -0.0000223296440571      20.3334667717052398
       0.0002783231913673      -0.0000219323812472      21.7611594711918173
       0.0002983289507164      -0.0000215090250126      23.1870642843653627
       0.0003183351113534      -0.0000210737266566      24.6122089353248370
       0.0003383416736659      -0.0000206331759517      26.0370915844851929
       0.0003583486372208      -0.0000201902701451      27.4619179049702922
       0.0003783560016112      -0.0000197463203551      28.8868178828825393
       0.0003983637664997      -0.0000193016209052      30.3117439590354998
       0.0004183719314342      -0.0000188568399996      31.7367765835521247
       0.0004383804962076      -0.0000184120124404      33.1619194890511437
       0.0004583894605213      -0.0000179671351133      34.5871727277197394
       0.0004783988244273      -0.0000175222030553      36.0125360289526526
       0.0004984085883595      -0.0000170772176456      37.4380094801157384
       0.0005184187526300      -0.0000166321850511      38.8635935026972064
       0.0005384293172286      -0.0000161871108372      40.2892884689318294
       0.0005584402820199      -0.0000157419984315      41.7150946035656531
       0.0005784516469104      -0.0000152968496592      43.1410120375396176
       0.0005984634118273      -0.0000148516653476      44.5670408285967596
       0.0006184755767441      -0.0000144064458999      45.9931810086274382
       0.0006384881416537      -0.0000139611915043      47.4194326013808194
       0.0006585011065343      -0.0000135159022007      48.8457956049221025
       0.0006785144714026      -0.0000130705780929      50.2722700363119586
       0.0006985282362507      -0.0000126252191908      51.6988559024655174
       0.0007185424010771      -0.0000121798254937      53.1255532093827298
       0.0007385569658820      -0.0000117343969985      54.5523619624773204
       0.0007585719306648      -0.0000112889337043      55.9792821675816086
       0.0007785872954255      -0.0000108434356093      57.4063138304342360
       0.0007986030601644      -0.0000103979027109      58.8334569566007062
       0.0008186192248813      -0.0000099523350059      60.2607115518777121
       0.0008386357895767      -0.0000095067324847      61.6880776215619306
       0.0008586527542516      -0.0000090610951240      63.1155551701821764
       0.0008786701189090      -0.0000086154228598      64.5431442000788849
       0.0008986878835572      -0.0000081697155145      65.9708447070494515
       0.0009187060482182      -0.0000077239726075      67.3986566710066484
       0.0009387246129465      -0.0000072781929059      68.8265800302290955
       0.0009587435778454      -0.0000068323737025      70.2546146449042368
       0.0009787629430372      -0.0000063865105992      71.6827602799846915
       0.0009987827084859      -0.0000059405995810      73.1110167248531724
       0.0010188028739412      -0.0000054946401285      74.5393839524443678
       0.0010388234391439      -0.0000050486352185      75.9678621401341445
       0.0010588444040750      -0.0000046025885872      77.3964514905958509
       0.0010788657688032      -0.0000041565031791      78.8251520918671247
       0.0010988875333761      -0.0000037103814319      80.2539635410807222
       0.0011189096978679      -0.0000032642291591      81.6828868511460229
       0.0011389322622996      -0.0000028180436617      83.1119218546381973
       0.0011589552266910      -0.0000023718236524      84.5410690335145034
       0.0011789785910562      -0.0000019255634731      85.9703273431977237
       0.0011990023554429      -0.0000014792648888      87.3996970002497875
       0.0012190265198725      -0.0000010329257030      88.8291779096133212
       0.0012390510844101      -0.0000005865405725      90.2587694539409284
       0.0012590760490987      -0.0000001401033756      91.6884718195667716
       0.0012791014139431       0.0000003064031050      93.1182841481299732
       0.0012991271789475       0.0000007530102028      94.5482049485978848
       0.0013191533441727       0.0000011997867803      95.9782309723982650
       0.0013391799096831       0.0000016468898594      97.4083548255092637
       0.0013592068755007       0.0000020946838757      98.8385593969561853
       0.0013792342416766       0.0000025440182599     100.2688048070784532
       0.0013992620083625       0.0000029968330373     101.6989999666599545
       0.0014192901757384       0.0000034573289820     103.1289479064364798
       0.0014393187438423       0.0000039336333076     104.5582742991069409
       0.0014593477122585       0.0000044384106746     105.9863849014438273
       0.0014793770799983       0.0000049849664749     107.4126591565431568
       0.0014994068459771       0.0000055793929704     108.8368002496079612
       0.0015194370097541       0.0000062169355382     110.2590534291634299
       0.0015394675719015       0.0000068867875766     111.6799180843581638
       0.0015594985331633       0.0000075779045683     113.0999056780480316
       0.0015795298941928       0.0000082819318759     114.5193941327165561
       0.0015995616555069       0.0000089933459891     115.9386573856080958
       0.0016195938173779       0.0000097090145721     117.3578359916652403
       0.0016396263798069       0.0000104270941022     118.7770135981553068
       0.0016596593426511       0.0000111465367993     120.1962382785934267
       0.0016796927057560       0.0000118667637809     121.6155528864071869
       0.0016997264690002       0.0000125876143181     123.0349378737612227
       0.0017197606322739       0.0000133087388241     124.4544163032777107
       0.0017397951955700       0.0000140300139973     125.8739960930555100
       0.0017598301589031       0.0000147513942411     127.2936801229878370
       0.0017798655222813       0.0000154728612575     128.7134695145568060
       0.0017999012856728       0.0000161944072043     130.1333647065261232
       0.0018199374490275       0.0000169160291860     131.5533658703994888
       0.0018399740122618       0.0000176377278031     132.9734730155135765
       0.0018600109752954       0.0000183595060422     134.3936860274166349
       0.0018800483381388       0.0000190813669279     135.8140047897863099
       0.0019000861009165       0.0000198033112110     137.2344292728577955
       0.0019201242637732       0.0000205253366616     138.6549595810683684
       0.0019401628267833       0.0000212474395561     140.0755958794621279
       0.0019602017899358       0.0000219696162498     141.4963383140328119
       0.0019802411532119       0.0000226918638042     142.9171870182865121
       0.0020002809165568       0.0000234141803014     144.3381420792320569
       0.0020019997693629       0.0000234760905697     144.4599333553096585
       0.0020018996965089       0.0000234796604533     144.4523735792746493
       0.0020017994964238       0.0000234831892371     144.4448167489979085
       0.0020016492000608       0.0000234883920917     144.4334872727101242
       0.0020014237556069       0.0000234960000823     144.4165059094617050
       0.0020010855890157       0.0000235069922707     144.3910612770841624
       0.0020005783393035       0.0000235226028860     144.3529513941391826
       0.0019998174651608       0.0000235442403837     144.2959015246001115
       0.0019986761549562       0.0000235732399070     144.2105552241896476
       0.0019969641919881       0.0000236103803510     144.0829470747619609
       0.0019943962528716       0.0000236551482128     143.8922375449886886
       0.0019905443563290       0.0000237049420451     143.6072777306536636
       0.0019847665390191       0.0000237546674418     143.1814180492763171
       0.0019760998752553       0.0000237974752796     142.5446113102694596
       0.0019631000198978       0.0000238273076184     141.5915210471608816
       0.0019436005527905       0.0000238424857370     140.1633968182362935
       0.0019235619586496       0.0000238479336939     138.6966829023394325
       0.0019035237264537       0.0000238499085995     137.2303401036664070
       0.0018834858942779       0.0000238506397773     135.7642027713644950
       0.0018634484620760       0.0000238509129734     134.2982163752481597
       0.0018434114298392       0.0000238510151265     132.8323618882788821
       0.0018233747975694       0.0000238510531394     131.3666324242268217
       0.0018033385652727       0.0000238510671660     129.9010254369624420
       0.0017833027329524       0.0000238510722869     128.4355399741575354
       0.0017632673006092       0.0000238510741337     126.9701756765775684
       0.0017432322682427       0.0000238510747912     125.5049324065585523
       0.0017231976358526       0.0000238510750219     124.0398101089201219
       0.0017031634034383       0.0000238510751018     122.5748087589292084
       0.0016831295709999       0.0000238510751290     121.1099283429819593
       0.0016630961385375       0.0000238510751382     119.6451688514610225
       0.0016430631060511       0.0000238510751412     118.1805302761383700
       0.0016230304735410       0.0000238510751422     116.7160126093234993
       0.0016029982410070       0.0000238510751425     115.2516158434818294
       0.0015829664084492       0.0000238510751426     113.7873399711428988
       0.0015629349758675       0.0000238510751426     112.3231849848099415
       0.0015429039432620       0.0000238510751426     110.8591508770774539
       0.0015228733106327       0.0000238510751426     109.3952376404843108
       0.0015028430779797       0.0000238510751426     107.9314452676035785
       0.0014828132453028       0.0000238510751426     106.4677737509735636
       0.0014627838126021       0.0000238510751426     105.0042230831679007
       0.0014427547798777       0.0000238510751426     103.5407932567378708
       0.0014227261471296       0.0000238510751426     102.0774842642505860
       0.0014026979143576       0.0000238510751426     100.6142960982580661
       0.0013826700815620       0.0000238510751426      99.1512287513319137
       0.0013626426487426       0.0000238510751426      97.6882822160224009
       0.0013426156158996       0.0000238510751426      96.2254564849047824
       0.0013225889830329       0.0000238510751426      94.7627515505324141
       0.0013025627501424       0.0000238510751426      93.3001674054771399
       0.0012825369172283       0.0000238510751426      91.8377040422952291
       0.0012625114842906       0.0000238510751426      90.3753614535594494
       0.0012424864513292       0.0000238510751426      88.9131396318345395
       0.0012224618183442       0.0000238510751426      87.4510385696843571
       0.0012024375853355       0.0000238510751426      85.9890582596798509
       0.0011824137523032       0.0000238510751426      84.5271986943830314
       0.0011623903192474       0.0000238510751426      83.0654598663747095
       0.0011423672861680       0.0000238510751426      81.6038417682108843
       0.0011223446530650       0.0000238510751426      80.1423443924706049
       0.0011023224199383       0.0000238510751426      78.6809677317162226
       0.0010823005867883       0.0000238510751426      77.2197117785301828
       0.0010622791536146       0.0000238510751426      75.7585765254750356
       0.0010422581204174       0.0000238510751426      74.2975619651285086
       0.0010222374871967       0.0000238510751426      72.8366680900630143
       0.0010022172539525       0.0000238510751426      71.3758948928542623
       0.0009821974206847       0.0000238510751426      69.9152423660717233
       0.0009621779873936       0.0000238510751426      68.4547105022985818
       0.0009421589540789       0.0000238510751426      66.9942992941050903
       0.0009221403207408       0.0000238510751426      65.5340087340662478
       0.0009021220873792       0.0000238510751426      64.0738388147667308
       0.0008821042539942       0.0000238510751426      62.6137895287776516
       0.0008620868205858       0.0000238510751426      61.1538608686872678
       0.0008420697871540       0.0000238510751426      59.6940528270641266
       0.0008220531536988       0.0000238510751426      58.2343653964910573
       0.0008020369202202       0.0000238510751426      56.7747985695583210
       0.0007820210867183       0.0000238510751426      55.3153523388377977
       0.0007620056531929       0.0000238510751426      53.8560266969075627
       0.0007419906196442       0.0000238510751426      52.3968216363631001
       0.0007219759860722       0.0000238510751426      50.9377371497782647
       0.0007019617524769       0.0000238510751426      49.4787732297374916
       0.0006819479188582       0.0000238510751426      48.0199298688321861
       0.0006619344852163       0.0000238510751426      46.5612070596470176
       0.0006419214515510       0.0000238510751426      45.1026047947628328
       0.0006219088178625       0.0000238510751426      43.6441230667617575
       0.0006018965841507       0.0000238510751426      42.1857618682423876
       0.0005818847504156       0.0000238510751426      40.7275211917950628
       0.0005618733166573       0.0000238510751426      39.2694010299952367
       0.0005418622828758       0.0000238510751426      37.8114013754393241
       0.0005218516490710       0.0000238510751426      36.3535222207171600
       0.0005018414152431       0.0000238510751426      34.8957635584209029
       0.0004818315813919       0.0000238510751426      33.4381253811421786
       0.0004618221475176       0.0000238510751426      31.9806076814675748
       0.0004418131136201       0.0000238510751426      30.5232104519977945
       0.0004218044796994       0.0000238510751426      29.0659336853167680
       0.0004017962457556       0.0000238510751426      27.6087773740313587
       0.0003817884117886       0.0000238510751426      26.1517415107246904
       0.0003617809777986       0.0000238510751426      24.6948260879944321
       0.0003417739437853       0.0000238510751426      23.2380310984415885
       0.0003217673097490       0.0000238510751426      21.7813565346610005
       0.0003017610756897       0.0000238510751426      20.3248023892494984
       0.0002817552416072       0.0000238510751426      18.8683686548023850
       0.0002617498075017       0.0000238510751426      17.4120553239220719
       0.0002417447733731       0.0000238510751426      15.9558623892199378
       0.0002217401392215       0.0000238510751426      14.4997898432648764
       0.0002017359050468       0.0000238510751426      13.0438376786764785
       0.0001817320708491       0.0000238510751426      11.5880058880659274
       0.0001617286366285       0.0000238510751426      10.1322944640201236
       0.0001417256023848       0.0000238510751426       8.6767033991429976
       0.0001217229681181       0.0000238510751426       7.2212326860459113
       0.0001017207338285       0.0000238510751424       5.7658823173396883
       0.0000817188995158       0.0000238510751414       4.3106522856906970
       0.0000617174651800       0.0000238510751359       2.8555425839765225
       0.0000417164308201       0.0000238510751079       1.4005532061997021
       0.0000217157964319       0.0000238510749682      -0.0543158481541637
       0.0000017155619958       0.0000238510742991      -1.5090645542308652
       0.0000000001210795       0.0000238510742336      -1.6337416802201530
