      -0.0000000000141615       0.0000000000000000      -0.0090044876068888
      -0.0000001000141665       0.0000000000000000      -0.0353817276545927
      -0.0000002000212623       0.0000000000000000      -0.0619180280366438
      -0.0000003500319247       0.0000000000000000      -0.1017224860686667
      -0.0000005750479605       0.0000000000000000      -0.1614291898993242
      -0.0000009125721090       0.0000000000000000      -0.2509892834062282
      -0.0000014188585454       0.0000000000000000      -0.3853295086287786
      -0.0000021782886803       0.0000000000000000      -0.5868400376277573
      -0.0000033174349636       0.0000000000000000      -0.8891062612489301
      -0.0000050261568207       0.0000000000000000      -1.3425065644601848
      -0.0000075892450784       0.0000000000000000      -2.0226091967924842
      -0.0000114338897776       0.0000000000000000      -3.0427680447399332
      -0.0000172008845296       0.0000000000000000      -4.5730173405537311
      -0.0000258514389908       0.0000000000000000      -6.8684160884796643
      -0.0000388274109349       0.0000000000000000     -10.3115700213384862
      -0.0000582903825151       0.0000000000000000     -13.8499839143942793
      -0.0000782917478519       0.0000000000000000     -17.3884685402621955
      -0.0000982935131049       0.0000000000000000     -20.9270239017709052
      -0.0001182956782902       0.0000000000000000     -24.4656500017488234
      -0.0001382982434235       0.0000000000000000     -28.0043468430250471
      -0.0001583012085211       0.0000000000000000     -31.5431144284282361
      -0.0001783045735988       0.0000000000000000     -35.0819527607876367
      -0.0001983083386726       0.0000000000000000     -38.6208618429324417
      -0.0002183125037585       0.0000000000000000     -42.1598416776922136
      -0.0002383170688726       0.0000000000000000     -45.6988922678966318
      -0.0002583220340307       0.0000000000000000     -49.2380136163752482
      -0.0002783273992490       0.0000000000000000     -52.7772057259586092
      -0.0002983331645434       0.0000000000000000     -56.3164685994758685
      -0.0003183393299298       0.0000000000000000     -59.8558022397577645
      -0.0003383458954243       0.0000000000000000     -63.3952066496356679
      -0.0003583528610429       0.0000000000000000     -66.9346818319388319
      -0.0003783602268016       0.0000000000000000     -70.4742277894990110
      -0.0003983679927164       0.0000000000000000     -74.0138445251464816
      -0.0004183761588033       0.0000000000000000     -77.5535320417135523
      -0.0004383847250782       0.0000000000000000     -81.0932903420301727
      -0.0004583936915572       0.0000000000000000     -84.6331194289290920
      -0.0004784030582563       0.0000000000000000     -88.1730193052404729
      -0.0004984128251915       0.0000000000000000     -91.7129899737974768
      -0.0005184229923787       0.0000000000000000     -95.2530314374319005
      -0.0005384335598341       0.0000000000000000     -98.7931436989752001
      -0.0005584445275736       0.0000000000000000    -102.3333267612605226
      -0.0005784558956132       0.0000000000000000    -105.8735806271201199
      -0.0005984676639689       0.0000000000000000    -109.4139052993858314
      -0.0006184798326567       0.0000000000000000    -112.9543007808924244
      -0.0006384924016927       0.0000000000000000    -116.4947670744709711
      -0.0006585053710929       0.0000000000000000    -120.0353041829565797
      -0.0006785187408732       0.0000000000000000    -123.5759121091807913
      -0.0006985325110497       0.0000000000000000    -127.1165908559779183
      -0.0007185466816383       0.0000000000000000    -130.6573404261810936
      -0.0007385612526552       0.0000000000000000    -134.1981608226257379
      -0.0007585762241163       0.0000000000000000    -137.7390520481414171
      -0.0007785915960377      -0.0000000000000003    -141.2800141055492702
      -0.0007986073684356      -0.0000000000000017    -144.8210469975983301
      -0.0008186235413267      -0.0000000000000103    -148.3621507266042272
      -0.0008386401147324      -0.0000000000000608    -151.9033252924359942
      -0.0008586570886960      -0.0000000000003413    -155.4445706817796520
      -0.0008786744633676      -0.0000000000017916    -158.9858868169111474
      -0.0008986922392510      -0.0000000000080838    -162.5272733858012373
      -0.0009187104170524      -0.0000000000267531    -166.0687297451149789
      -0.0009387289960943      -0.0000000000614629    -169.6102555835767021
      -0.0009587479749434      -0.0000000001077891    -173.1518512815091810
      -0.0009787673533692      -0.0000000001600293    -176.6935173386372639
      -0.0009987871318531      -0.0000000002148609    -180.2352540338720530
      -0.0010188073106912      -0.0000000002707092    -183.7770615123893094
      -0.0010388278900959      -0.0000000003269796    -187.3189398252063427
      -0.0010588488701390      -0.0000000003834156    -190.8608889967570406
      -0.0010788702508632      -0.0000000004399135    -194.4029090386742666
      -0.0010988920322957      -0.0000000004964323    -197.9449999573274965
      -0.0011189142144569      -0.0000000005529560    -201.4871617570138369
      -0.0011389367973653      -0.0000000006094797    -205.0293944407796971
      -0.0011589597810364      -0.0000000006660002    -208.5716980119607911
      -0.0011789831654880      -0.0000000007225203    -212.1140724731482408
      -0.0011990069507370      -0.0000000007790494    -215.6565178266498606
      -0.0012190311368035      -0.0000000008356187    -219.1990340734349445
      -0.0012390557237157      -0.0000000008923281    -222.7416212103857731
      -0.0012590807115260      -0.0000000009494810    -226.2842792222249955
      -0.0012791061003473      -0.0000000010079241    -229.8270080612298329
      -0.0012991318903874      -0.0000000010695989    -233.3698076155679644
      -0.0013191580818457      -0.0000000011374637    -236.9126777119479641
      -0.0013391846745634      -0.0000000012135151    -240.4556182350557663
      -0.0013592116680788      -0.0000000012970455    -243.9986292283877560
      -0.0013792390620989      -0.0000000013857129    -247.5417108382910101
      -0.0013992668566931      -0.0000000014773643    -251.0848631937628568
      -0.0014192950520100      -0.0000000015705808    -254.6280863800002408
      -0.0014393236481632      -0.0000000016645612    -258.1713804499601110
      -0.0014593526452533      -0.0000000017589191    -261.7147454284726109
      -0.0014793820433283      -0.0000000018534565    -265.2581813298869520
      -0.0014994118424145      -0.0000000019480751    -268.8016881650922869
      -0.0015194420425612      -0.0000000020427486    -272.3452659341777462
      -0.0015394726437614      -0.0000000021374249    -275.8889146446409200
      -0.0015595036460429      -0.0000000022320934    -279.4326343002486510
      -0.0015795350494238      -0.0000000023267523    -282.9764249040302957
      -0.0015995668539206      -0.0000000024214010    -286.5202864588659963
      -0.0016195990595496      -0.0000000025160395    -290.0642189675994018
      -0.0016396316663268      -0.0000000026106678    -293.6082224330753547
      -0.0016596646742683      -0.0000000027052859    -297.1522968581350597
      -0.0016796980833901      -0.0000000027998938    -300.6964422456221087
      -0.0016997318937083      -0.0000000028944914    -304.2406585983764558
      -0.0017197661052389      -0.0000000029890789    -307.7849459192358950
      -0.0017398007179981      -0.0000000030836561    -311.3293042110506121
      -0.0017598357320018      -0.0000000031782231    -314.8737334766592539
      -0.0017798711472662      -0.0000000032727799    -318.4182337189010354
      -0.0017999069638074      -0.0000000033673265    -321.9628049406231298
      -0.0018199431816413      -0.0000000034618628    -325.5074471446678217
      -0.0018399798007840      -0.0000000035563890    -329.0521603338748946
      -0.0018600168212517      -0.0000000036509049    -332.5969445110908396
      -0.0018800542430604      -0.0000000037454106    -336.1417996791561222
      -0.0019000920662262      -0.0000000038399061    -339.6867258409187116
      -0.0019201302907651      -0.0000000039343913    -343.2317229992152079
      -0.0019401689166932      -0.0000000040288663    -346.7767911568970476
      -0.0019602079440266      -0.0000000041233311    -350.3219303167991825
      -0.0019802473727814      -0.0000000042177857    -353.8671404817760049
      -0.0020002845960063      -0.0000000042258808    -354.1709945222830243
      -0.0020020019179032      -0.0000000042263466    -354.1532681944170236
      -0.0020019017175792      -0.0000000042268060    -354.1355418688556824
      -0.0020018015102188      -0.0000000042274814    -354.1089523848659155
      -0.0020016511991937      -0.0000000042284645    -354.0690681686506878
      -0.0020014257326926      -0.0000000042298757    -354.0092418660017302
      -0.0020010875330244      -0.0000000042318613    -353.9195024598628834
      -0.0020005802337127      -0.0000000042345777    -353.7848934561305327
      -0.0019998192851865      -0.0000000042381540    -353.5829801802458974
      -0.0019986778634131      -0.0000000042426240    -353.2801107657056718
      -0.0019969657330902      -0.0000000042478387    -352.8258077272396918
      -0.0019943975429632      -0.0000000042533869    -352.1443555247066115
      -0.0019905452699843      -0.0000000042585937    -351.1221823706665646
      -0.0019847668882272      -0.0000000042626859    -349.5889339778426006
      -0.0019760993783018      -0.0000000042651391    -347.2890865036549144
      -0.0019630982541660      -0.0000000042661390    -343.8393715475349381
      -0.0019435981878965      -0.0000000042664208    -340.2943551376458231
      -0.0019235594930750      -0.0000000042665000    -336.7494097410819904
      -0.0019035211996845      -0.0000000042665224    -333.2045353410263715
      -0.0018834833076818      -0.0000000042665288    -329.6597319309277054
      -0.0018634458170434      -0.0000000042665306    -326.1149995069239935
      -0.0018434087277513      -0.0000000042665311    -322.5703380658873130
      -0.0018233720397888      -0.0000000042665312    -319.0257476048856802
      -0.0018033357531397      -0.0000000042665312    -315.4812281210651577
      -0.0017832998677878      -0.0000000042665313    -311.9367796115673741
      -0.0017632643837172      -0.0000000042665313    -308.3924020735519775
      -0.0017432293009116      -0.0000000042665313    -304.8480955041750349
      -0.0017231946193550      -0.0000000042665313    -301.3038599005945457
      -0.0017031603390315      -0.0000000042665313    -297.7596952599662359
      -0.0016831264599248      -0.0000000042665313    -294.2156015794514019
      -0.0016630929820190      -0.0000000042665313    -290.6715788562050307
      -0.0016430599052980      -0.0000000042665313    -287.1276270873859744
      -0.0016230272297457      -0.0000000042665313    -283.5837462701554159
      -0.0016029949553461      -0.0000000042665313    -280.0399364016676600
      -0.0015829630820831      -0.0000000042665313    -276.4961974790850832
      -0.0015629316099406      -0.0000000042665313    -272.9525294995636955
      -0.0015429005389027      -0.0000000042665313    -269.4089324602659303
      -0.0015228698689531      -0.0000000042665313    -265.8654063583474567
      -0.0015028396000760      -0.0000000042665313    -262.3219511909691732
      -0.0014828097322552      -0.0000000042665313    -258.7785669552918648
      -0.0014627802654746      -0.0000000042665313    -255.2352536484740710
      -0.0014427511997183      -0.0000000042665313    -251.6920112676760937
      -0.0014227225349701      -0.0000000042665313    -248.1488398100578081
      -0.0014026942712141      -0.0000000042665313    -244.6057392727804256
      -0.0013826664084342      -0.0000000042665313    -241.0627096530034805
      -0.0013626389466142      -0.0000000042665313    -237.5197509478884115
      -0.0013426118857383      -0.0000000042665313    -233.9768631545932749
      -0.0013225852257903      -0.0000000042665313    -230.4340462702819821
      -0.0013025589667541      -0.0000000042665313    -226.8913002921170232
      -0.0012825331086139      -0.0000000042665313    -223.3486252172550621
      -0.0012625076513534      -0.0000000042665313    -219.8060210428611754
      -0.0012424825949566      -0.0000000042665313    -216.2634877660958068
      -0.0012224579394076      -0.0000000042665313    -212.7210253841225835
      -0.0012024336846903      -0.0000000042665313    -209.1786338940996473
      -0.0011824098307886      -0.0000000042665313    -205.6363132931927282
      -0.0011623863776865      -0.0000000042665313    -202.0940635785619008
      -0.0011423633253679      -0.0000000042665313    -198.5518847473709627
      -0.0011223406738169      -0.0000000042665313    -195.0097767967831430
      -0.0011023184230173      -0.0000000042665313    -191.4677397239604204
      -0.0010822965729532      -0.0000000042665313    -187.9257735260651998
      -0.0010622751236086      -0.0000000042665313    -184.3838782002619041
      -0.0010422540749673      -0.0000000042665313    -180.8420537437125688
      -0.0010222334270133      -0.0000000042665313    -177.3003001535817305
      -0.0010022131797307      -0.0000000042665313    -173.7586174270325330
      -0.0009821933331034      -0.0000000042665313    -170.2170055612299109
      -0.0009621738871154      -0.0000000042665313    -166.6754645533376618
      -0.0009421548417505      -0.0000000042665313    -163.1339944005193843
      -0.0009221361969929      -0.0000000042665313    -159.5925950999391034
      -0.0009021179528265      -0.0000000042665313    -156.0512666487613842
      -0.0008821001092352      -0.0000000042665313    -152.5100090441519285
      -0.0008620826662031      -0.0000000042665313    -148.9688222832749886
      -0.0008420656237141      -0.0000000042665313    -145.4277063632970339
      -0.0008220489817522      -0.0000000042665313    -141.8866612813804693
      -0.0008020327403013      -0.0000000042665313    -138.3456870346933272
      -0.0007820168993455      -0.0000000042665313    -134.8047836203991494
      -0.0007620014588687      -0.0000000042665313    -131.2639510356661106
      -0.0007419864188549      -0.0000000042665313    -127.7231892776579798
      -0.0007219717792881      -0.0000000042665313    -124.1824983435422354
      -0.0007019575401523      -0.0000000042665313    -120.6418782304840533
      -0.0006819437014314      -0.0000000042665313    -117.1013289356497609
      -0.0006619302631095      -0.0000000042665313    -113.5608504562074330
      -0.0006419172251705      -0.0000000042665313    -110.0204427893228711
      -0.0006219045875985      -0.0000000042665313    -106.4801059321626724
      -0.0006018923503773      -0.0000000042665313    -102.9398398818948834
      -0.0005818805134911      -0.0000000042665313     -99.3996446356864567
      -0.0005618690769237      -0.0000000042665313     -95.8595201907038330
      -0.0005418580406592      -0.0000000042665313     -92.3194665441161249
      -0.0005218474046816      -0.0000000042665313     -88.7794836930903273
      -0.0005018371689748      -0.0000000042665313     -85.2395716347946433
      -0.0004818273335230      -0.0000000042665313     -81.6997303663972332
      -0.0004618178983099      -0.0000000042665313     -78.1599598850659731
      -0.0004418088633197      -0.0000000042665313     -74.6202601879699046
      -0.0004218002285364      -0.0000000042665313     -71.0806312722770315
      -0.0004017919939439      -0.0000000042665313     -67.5410731351569780
      -0.0003817841595262      -0.0000000042665313     -64.0015857737782881
      -0.0003617767252674      -0.0000000042665313     -60.4621691853102945
      -0.0003417696911514      -0.0000000042665313     -56.9228233669219819
      -0.0003217630571623      -0.0000000042665313     -53.3835483157835569
      -0.0003017568232840      -0.0000000042665312     -49.8443440290662210
      -0.0002817509895006      -0.0000000042665310     -46.3052105039535249
      -0.0002617455557958      -0.0000000042665296     -42.7661477376997112
      -0.0002417405221528      -0.0000000042665212     -39.2271557279811418
      -0.0002217358885506      -0.0000000042664719     -35.6882344748886737
      -0.0002017316549458      -0.0000000042661960     -32.1493839915977162
      -0.0001817278211878      -0.0000000042647602     -28.6106043557049858
      -0.0001617243867659      -0.0000000042584889     -25.0718958812496879
      -0.0001417213509554      -0.0000000042397853     -21.5332592207437230
      -0.0001217187144390      -0.0000000042049330     -17.9946946926214935
      -0.0001017164786759      -0.0000000041583927     -14.4562019122436904
      -0.0000817146438994      -0.0000000041059109     -10.9177803737449963
      -0.0000617132096219      -0.0000000040508264      -7.3794297955358061
      -0.0000417121755465      -0.0000000039947175      -3.8411500312775990
      -0.0000217115414584      -0.0000000039381784      -0.3029410297534646
      -0.0000017113072858      -0.0000000038814646       3.2351972335091848
       0.0000182885270076      -0.0000000038246795       6.7732647733136320
       0.0000382879614733      -0.0000000037678416      10.3112615876230826
       0.0000582869960994      -0.0000000037110035      13.8491876875404145
       0.0000782856309216      -0.0000000036541599      17.3870430749731497
       0.0000982838659534      -0.0000000035973112      20.9248277528681434
       0.0001182817012111      -0.0000000035404574      24.4625417240389815
       0.0001382791367107      -0.0000000034835986      28.0001849913133505
       0.0001582761724682      -0.0000000034267347      31.5377575575175548
       0.0001782728084995      -0.0000000033698657      35.0752594254775545
       0.0001982690448206      -0.0000000033129917      38.6126905980195545
       0.0002182648814475      -0.0000000032561125      42.1500510779690956
       0.0002382603183962      -0.0000000031992283      45.6873408681515940
       0.0002582553556826      -0.0000000031423390      49.2245599713929067
       0.0002782499933227      -0.0000000030854447      52.7617083905173345
       0.0002982442313325      -0.0000000030285452      56.2987861283510043
       0.0003182380697279      -0.0000000029716407      59.8357931877181528
       0.0003382315085249      -0.0000000029147311      63.3727295714438696
       0.0003582245477399      -0.0000000028578164      66.9095952822065954
       0.0003782171873877      -0.0000000028008976      70.4463903230758319
       0.0003982094274853      -0.0000000027439739      73.9831146968050604
       0.0004182012680481      -0.0000000026870454      77.5197684063197698
       0.0004381927090928      -0.0000000026301110      81.0563514542141377
       0.0004581837506348      -0.0000000025731713      84.5928638433947242
       0.0004781743926901      -0.0000000025162263      88.1293055766827962
       0.0004981646352751      -0.0000000024592750      91.6656766567586772
       0.0005181544784054      -0.0000000024023153      95.2019770864283146
       0.0005381439220989      -0.0000000023453371      98.7382068678916340
       0.0005581329663754      -0.0000000022883089     102.2743660020395140
       0.0005781216112636      -0.0000000022311285     105.8104544855015803
       0.0005981098568183      -0.0000000021734817     109.3464723019887401
       0.0006180977031606      -0.0000000021144800     112.8824194002900612
       0.0006380851505146      -0.0000000020520763     116.4182956599677397
       0.0006580721990881      -0.0000000019831919     119.9541008969692228
       0.0006780588486924      -0.0000000019058673     123.4898349957013863
       0.0006980450988334      -0.0000000018209820     127.0254980104920577
       0.0007180309492244      -0.0000000017309938     130.5610900967299415
       0.0007380163999499      -0.0000000016380788     134.0966113869332901
       0.0007580014511648      -0.0000000015436384     137.6320619668121594
       0.0007779861029846      -0.0000000014484511     141.1674418886870797
       0.0007979703555088      -0.0000000013528879     144.7027511769329351
       0.0008179542087845      -0.0000000012571373     148.2379898455397722
       0.0008379376628357      -0.0000000011612918     151.7731579058159355
       0.0008579207177167      -0.0000000010653703     155.3082553563882584
       0.0008779033734147      -0.0000000009694271     158.8432822053678990
       0.0008978856299594      -0.0000000008734717     162.3782384563788241
       0.0009178674873685      -0.0000000007775057     165.9131241124183589
       0.0009378489456584      -0.0000000006815295     169.4479391763381102
       0.0009578300048451      -0.0000000005855431     172.9826836509637928
       0.0009778106649446      -0.0000000004895466     176.5173575391135898
       0.0009977909259729      -0.0000000003935399     180.0519608436089811
       0.0010177707879458      -0.0000000002975231     183.5864935672668423
       0.0010377502508792      -0.0000000002014961     187.1209557129064365
       0.0010577293147892      -0.0000000001054590     190.6553472833485046
       0.0010777079796916      -0.0000000000094117     194.1896682814065400
       0.0010976862456025       0.0000000000866457     197.7239187099022217
       0.0011176641125376       0.0000000001827132     201.2580985716546991
       0.0011376415805130       0.0000000002787909     204.7922078694781476
       0.0011576186495445       0.0000000003748788     208.3262466061913756
       0.0011775953196482       0.0000000004709767     211.8602147846135608
       0.0011975715908399       0.0000000005670849     215.3941124075619769
       0.0012175474631355       0.0000000006632031     218.9279394778512824
       0.0012375229365510       0.0000000007593315     222.4616959982991773
       0.0012574980111023       0.0000000008554701     225.9953819717248678
       0.0012774726868054       0.0000000009516188     229.5289974009434957
       0.0012974469636760       0.0000000010477776     233.0625422887706577
       0.0013174208417303       0.0000000011439466     236.5960166380233431
       0.0013373943209840       0.0000000012401257     240.1294204515178023
       0.0013573674014531       0.0000000013363149     243.6627537320688077
       0.0013773400831536       0.0000000014325143     247.1960164824935191
       0.0013973123661013       0.0000000015287238     250.7292087056077605
       0.0014172842503121       0.0000000016249435     254.2623304042273560
       0.0014372557358020       0.0000000017211733     257.7953815811653158
       0.0014572268225869       0.0000000018174132     261.3283622392394818
       0.0014771975106827       0.0000000019136633     264.8612723812626655
       0.0014971678001053       0.0000000020099235     268.3941120100504349
       0.0015171376908707       0.0000000021061938     271.9268811284179606
       0.0015371071829946       0.0000000022024742     275.4595797391787073
       0.0015570762764931       0.0000000022987648     278.9922078451472203
       0.0015770449713820       0.0000000023950656     282.5247654491390108
       0.0015970132676773       0.0000000024913764     286.0572525539665207
       0.0016169811653949       0.0000000025876974     289.5896691624408845
       0.0016369486645506       0.0000000026840285     293.1220152773834684
       0.0016569157651604       0.0000000027803698     296.6542909016005183
       0.0016768824672402       0.0000000028767212     300.1864960379063518
       0.0016968487708059       0.0000000029730827     303.7186306891176741
       0.0017168146758733       0.0000000030694543     307.2506948580444828
       0.0017367801824584       0.0000000031658361     310.7826885474993901
       0.0017567452905771       0.0000000032622280     314.3146117602952359
       0.0017767100002453       0.0000000033586300     317.8464644992448598
       0.0017966743114789       0.0000000034550421     321.3782467671619543
       0.0018166382242937       0.0000000035514644     324.9099585668570853
       0.0018366017387057       0.0000000036478968     328.4415999011418990
       0.0018565648547308       0.0000000037443393     331.9731707728270749
       0.0018765275723848       0.0000000038407920     335.5046711847306824
       0.0018964898916837       0.0000000039372548     339.0361011396543631
       0.0019164518126434       0.0000000040337277     342.5674606404139695
       0.0019364133352796       0.0000000041302107     346.0987496898235349
       0.0019563744596084       0.0000000042267038     349.6299682906911244
       0.0019763351856457       0.0000000043232071     353.1611164458232679
       0.0019962929097831       0.0000000043314785     353.4637586866126640
       0.0019980033808675       0.0000000043319543     353.4461030777189308
       0.0019979035803891       0.0000000043324235     353.4284474676287573
       0.0019978037728685       0.0000000043331129     353.4019640502887682
       0.0019976540615654       0.0000000043341159     353.3622389192922810
       0.0019974294945623       0.0000000043355544     353.3026512112292039
       0.0019970926439504       0.0000000043375758     353.2132696221074184
       0.0019965873677939       0.0000000043403366     353.0791971752938139
       0.0019958294530362       0.0000000043439627     352.8780883547896110
       0.0019946925797478       0.0000000043484808     352.5764247670330747
       0.0019929872672803       0.0000000043537291     352.1239285392728107
       0.0019904292929822       0.0000000043592807     351.4451822061309940
       0.0019865923191117       0.0000000043644482     350.4270580674281064
       0.0019808368306063       0.0000000043684604     348.8998611597263562
       0.0019722035359019       0.0000000043708208     346.6090413118090510
       0.0019592534541028       0.0000000043717544     343.1727561828404873
       0.0019398293181872       0.0000000043720090     339.6414013402043111
       0.0019198678638151       0.0000000043720782     336.1099760650647568
       0.0018999060111577       0.0000000043720971     332.5784803410716108
       0.0018799437601719       0.0000000043721023     329.0469141619066704
       0.0018599811108346       0.0000000043721037     325.5152775238261711
       0.0018400180631280       0.0000000043721041     321.9835704237686969
       0.0018200546170355       0.0000000043721042     318.4517928588536506
       0.0018000907725412       0.0000000043721042     314.9199448262487522
       0.0017801265296291       0.0000000043721042     311.3880263231381491
       0.0017601618882833       0.0000000043721042     307.8560373467060458
       0.0017401968484879       0.0000000043721042     304.3239778941411942
       0.0017202314102270       0.0000000043721042     300.7918479626297312
       0.0017002655734847       0.0000000043721042     297.2596475493567709
       0.0016802993382451       0.0000000043721042     293.7273766515104398
       0.0016603327044923       0.0000000043721042     290.1950352662769888
       0.0016403656722104       0.0000000043721042     286.6626233908431232
       0.0016203982413835       0.0000000043721042     283.1301410223956054
       0.0016004304119957       0.0000000043721042     279.5975881581194358
       0.0015804621840311       0.0000000043721042     276.0649647951988186
       0.0015604935574737       0.0000000043721042     272.5322709308221079
       0.0015405245323078       0.0000000043721042     268.9995065621728827
       0.0015205551085173       0.0000000043721042     265.4666716864355180
       0.0015005852860864       0.0000000043721042     261.9337663007982542
       0.0014806150649991       0.0000000043721042     258.4007904024446702
       0.0014606444452396       0.0000000043721042     254.8677439885586580
       0.0014406734267919       0.0000000043721042     251.3346270563242228
       0.0014207020096401       0.0000000043721042     247.8014396029287809
       0.0014007301937683       0.0000000043721042     244.2681816255554281
       0.0013807579791606       0.0000000043721042     240.7348531213847878
       0.0013607853658011       0.0000000043721042     237.2014540876060380
       0.0013408123536739       0.0000000043721042     233.6679845213993474
       0.0013208389427630       0.0000000043721042     230.1344444199493466
       0.0013008651330526       0.0000000043721042     226.6008337804398138
       0.0012808909245266       0.0000000043721042     223.0671526000539018
       0.0012609163171692       0.0000000043721042     219.5334008759738538
       0.0012409413109645       0.0000000043721042     215.9995786053837890
       0.0012209659058966       0.0000000043721042     212.4656857854655527
       0.0012009901019495       0.0000000043721042     208.9317224134022979
       0.0011810138991073       0.0000000043721042     205.3976884863762677
       0.0011610372973540       0.0000000043721042     201.8635840015696488
       0.0011410602966738       0.0000000043721042     198.3294089561632063
       0.0011210828970508       0.0000000043721042     194.7951633473408606
       0.0011011050984689       0.0000000043721042     191.2608471722830643
       0.0010811269009123       0.0000000043721042     187.7264604281725440
       0.0010611483043650       0.0000000043721042     184.1920031121897807
       0.0010411693088112       0.0000000043721042     180.6574752215163642
       0.0010211899142348       0.0000000043721042     177.1228767533333723
       0.0010012101206200       0.0000000043721042     173.5882077048207748
       0.0009812299279508       0.0000000043721042     170.0534680731595643
       0.0009612493362113       0.0000000043721042     166.5186578555320125
       0.0009412683453855       0.0000000043721042     162.9837770491162985
       0.0009212869554576       0.0000000043721042     159.4488256510927329
       0.0009013051664115       0.0000000043721042     155.9138036586438147
       0.0008813229782313       0.0000000043721042     152.3787110689472968
       0.0008613403909012       0.0000000043721042     148.8435478791819833
       0.0008413574044051       0.0000000043721042     145.3083140865300038
       0.0008213740187271       0.0000000043721042     141.7730096881686848
       0.0008013902338513       0.0000000043721042     138.2376346812777115
       0.0007814060497617       0.0000000043721042     134.7021890630366272
       0.0007614214664424       0.0000000043721042     131.1666728306242646
       0.0007414364838775       0.0000000043721042     127.6310859812188028
       0.0007214511020510       0.0000000043721042     124.0954285119996428
       0.0007014653209469       0.0000000043721042     120.5597004201431730
       0.0006814791405493       0.0000000043721042     117.0239017028292636
       0.0006614925608423       0.0000000043721042     113.4880323572360794
       0.0006415055818099       0.0000000043721042     109.9520923805401935
       0.0006215182034361       0.0000000043721042     106.4160817699199413
       0.0006015304257051       0.0000000043721042     102.8800005225531038
       0.0005815422486008       0.0000000043721042      99.3438486356164674
       0.0005615536721073       0.0000000043721042      95.8076261062876569
       0.0005415646962086       0.0000000043721042      92.2713329317438706
       0.0005215753208889       0.0000000043721042      88.7349691091606729
       0.0005015855461321       0.0000000043721042      85.1985346357161006
       0.0004815953719222       0.0000000043721042      81.6620295085856753
       0.0004616047982434       0.0000000043721042      78.1254537249462260
       0.0004416138250797       0.0000000043721042      74.5888072819737147
       0.0004216224524150       0.0000000043721042      71.0520901768440751
       0.0004016306802335       0.0000000043721042      67.5153024067334258
       0.0003816385085192       0.0000000043721042      63.9784439688173734
       0.0003616459372561       0.0000000043721042      60.4415148602708712
       0.0003416529664283       0.0000000043721042      56.9045150782696183
       0.0003216595960197       0.0000000043721042      53.3674446199903656
       0.0003016658260145       0.0000000043721040      49.8303034826193709
       0.0002816716563965       0.0000000043721029      46.2930916633979308
       0.0002616770871490       0.0000000043720962      42.7558091599093615
       0.0002416821182519       0.0000000043720563      39.2184559717062271
       0.0002216867496668       0.0000000043718309      35.6810321091140068
       0.0002016909812643       0.0000000043706417      32.1435376365173653
       0.0001816948125889       0.0000000043652780      28.6059728282469230
       0.0001616982428665       0.0000000043483718      25.0683383203930319
       0.0001417012725848       0.0000000043152467      21.5306345085616222
       0.0001217039032516       0.0000000042696992      17.9928610625725725
       0.0001017061352280       0.0000000042176261      14.4550174706460695
       0.0000817079680821       0.0000000041626991      10.9171034185009397
       0.0000617094014805       0.0000000041066532       7.3791187446825699
       0.0000417104351864       0.0000000040501403       3.8410633935020471
       0.0000217110691235       0.0000000039934435       0.3029373381800828
       0.0000017139023182       0.0000000039885830      -0.0003095284212051
