microstructure element_id phi1 Phi phi2
0 1  161.5804  91.4234  166.5290  
0 2  166.8459  98.6461  180.7705  
0 3  161.1071  115.4206  157.0741  
0 4  166.7874  126.0301  135.7709  
0 5  146.8892  87.7777  177.3568  
0 6  171.8197  133.0517  168.1219  
0 7  209.8401  107.6462  165.9945  
0 8  166.2517  58.6468  180.5665  
0 9  196.4254  91.9368  157.0340  
0 10  182.9139  73.9201  171.3768  
0 11  180.3642  108.5022  171.8289  
0 12  153.8300  51.5215  153.9561  
0 13  215.8871  97.4899  227.3502  
0 14  209.4860  124.5690  201.7631  
0 15  182.6120  63.8447  176.1312  
0 16  136.7089  89.3665  182.1135  
0 17  159.0840  65.1247  140.0343  
0 18  187.4093  59.6065  159.3608  
0 19  186.9716  110.5608  152.8056  
0 20  192.5786  46.9218  192.7172  
0 21  192.3683  74.1877  175.0432  
0 22  136.0362  105.7153  135.7881  
0 23  131.6680  179.9998  89.0376  
0 24  96.8001  179.9998  60.8779  
0 25  67.0704  179.9998  97.9729  
0 26  116.0440  179.9998  91.1461  
0 27  66.6046  179.9998  107.4697  
0 28  98.1918  179.9998  122.0280  
0 29  72.0976  179.9998  42.4952  
0 30  122.1936  179.9998  95.1167  
0 31  51.6837  179.9998  94.8755  
0 32  78.1715  179.9998  55.9501  
0 33  120.7927  179.9998  66.9364  
0 34  296.9927  120.3532  52.9026  
0 35  301.9390  88.1948  56.8550  
0 36  229.6570  82.7082  101.2760  
0 37  231.2996  116.3018  41.4528  
0 38  237.6658  111.0295  76.8388  
0 39  263.4426  123.4191  50.0315  
0 40  250.1224  45.8369  74.9320  
0 41  259.7733  132.9027  63.0282  
0 42  264.3140  123.7904  86.4633  
0 43  243.7706  45.3003  77.5309  
0 44  302.3785  73.4509  52.2533  
0 45  283.3654  116.2291  121.9466  
0 46  295.7110  108.5216  118.0402  
0 47  270.7059  73.4446  123.2621  
0 48  272.9388  124.6957  130.5393  
