3.500009e-04 9.406250e-04 4.221875e-03
5.983510e-03 1.332262e-02 4.252441e-03
2.014223e-02 1.332642e-02 4.346957e-03
2.106055e-03 1.229921e-02 1.226443e-02
1.155304e-02 1.304423e-02 1.235994e-02
2.311155e-02 1.473401e-02 1.652864e-02
2.692586e-02 7.829311e-03 9.439655e-03
5.180418e-03 1.466987e-02 2.082618e-02
1.741600e-02 5.772000e-03 1.639400e-02
1.565219e-02 1.619353e-02 2.360940e-02
2.658357e-02 1.545181e-02 1.642473e-02
2.649936e-02 2.396674e-02 1.873326e-02
5.555556e-03 4.096297e-03 2.058333e-02
1.682299e-02 1.378285e-02 2.133723e-02
1.332669e-03 1.034120e-02 2.529020e-02
1.819205e-02 4.736931e-03 2.697784e-02
