3.305084e-03 1.178744e-02 2.766880e-03
8.909723e-03 1.403119e-02 7.377081e-03
1.972327e-02 1.390670e-02 4.252694e-03
2.711503e-02 1.982210e-02 2.747053e-03
2.013529e-02 6.255080e-03 4.207487e-03
2.308703e-02 1.403516e-02 1.271756e-02
1.468547e-02 1.620962e-02 6.126981e-03
2.505846e-02 2.367382e-02 6.987931e-03
1.288548e-03 8.457486e-03 1.034240e-02
5.250001e-03 5.250000e-03 1.015000e-02
1.327316e-02 1.404258e-02 1.603075e-02
7.660385e-04 1.629811e-02 1.203868e-02
4.159496e-03 1.239685e-02 1.595894e-02
2.628476e-02 2.228441e-02 1.842309e-02
1.025182e-02 2.500273e-02 1.727409e-02
2.200765e-02 1.468711e-02 2.338581e-02
3.761464e-03 1.405488e-02 2.356791e-02
1.218219e-02 1.473465e-02 2.369195e-02
9.264905e-03 1.298029e-02 2.347019e-02
1.156935e-02 9.302261e-03 2.419397e-02
7.785724e-04 1.693571e-02 2.562143e-02
1.256202e-03 1.298256e-02 2.702054e-02
2.450001e-03 2.450000e-03 2.756250e-02
