4.615354e-03 1.230785e-02 5.752389e-03
1.446672e-02 1.283353e-02 4.871895e-03
2.453650e-02 1.354471e-02 2.696540e-03
1.464497e-02 2.410377e-03 2.656918e-03
2.275000e-02 1.855000e-02 3.850000e-03
2.218706e-02 1.441008e-02 1.086254e-02
8.584290e-03 1.415070e-02 1.470915e-02
5.520208e-03 1.403808e-02 1.142487e-02
2.684958e-02 1.711160e-02 1.186603e-02
2.688033e-02 1.457623e-02 1.656148e-02
5.866784e-03 1.658706e-02 1.564394e-02
2.031501e-02 1.290019e-02 2.096173e-02
2.937806e-03 1.387493e-02 2.280488e-02
1.140145e-02 1.531381e-02 2.362371e-02
2.482267e-02 1.916846e-02 2.382295e-02
1.216281e-02 2.248345e-02 2.043327e-02
1.248499e-02 6.980969e-03 2.630130e-02
2.695898e-02 1.688077e-02 2.590000e-02
1.449900e-02 1.976446e-02 2.707088e-02
1.565790e-02 2.609342e-02 2.720790e-02
2.707639e-02 1.367917e-02 2.716389e-02
