      -0.0000000000215919       0.0000000000000000      -0.0000015706522616
      -0.0000001999930348       0.0000000000000000      -0.0145485718301008
      -0.0000003499895044       0.0000000000000000      -0.0254599595256105
      -0.0000005749840354       0.0000000000000000      -0.0418270445451608
      -0.0000009124757557       0.0000000000000000      -0.0663776578134108
      -0.0000014187131991       0.0000000000000000      -0.1032035194332824
      -0.0000021780689491       0.0000000000000000      -0.1584421659749217
      -0.0000033171015199       0.0000000000000000      -0.2412998061635419
      -0.0000050256479379       0.0000000000000000      -0.3655855309420361
      -0.0000075884620717       0.0000000000000000      -0.5520124702339769
      -0.0000114326709407       0.0000000000000000      -0.8316491753996792
      -0.0000171989565301       0.0000000000000000      -1.2510959000307620
      -0.0000258483225774       0.0000000000000000      -1.8802472359036126
      -0.0000388222313934       0.0000000000000000      -2.8239320487936928
      -0.0000582827790357       0.0000000000000000      -4.2393643415253948
      -0.0000782813754789       0.0000000000000000      -5.6938093081039058
      -0.0000982796099458       0.0000000000000000      -7.1481339886580875
      -0.0001182774444328       0.0000000000000000      -8.6023383913909228
      -0.0001382748789405       0.0000000000000000     -10.0564225239587124
      -0.0001582719134703       0.0000000000000000     -11.5103863938375657
      -0.0001782685480231       0.0000000000000000     -12.9642300083848863
      -0.0001982647825992       0.0000000000000000     -14.4179533749476114
      -0.0002182606171983       0.0000000000000000     -15.8715565008748563
      -0.0002382560518203       0.0000000000000000     -17.3250393935544800
      -0.0002582510864651       0.0000000000000000     -18.7784020603682009
      -0.0002782457211325       0.0000000000000000     -20.2316445087005512
      -0.0002982399558226       0.0000000000000000     -21.6847667459576705
      -0.0003182337905354       0.0000000000000000     -23.1377687795241407
      -0.0003382272252710       0.0000000000000000     -24.5906506167572196
      -0.0003582202600293       0.0000000000000000     -26.0434122650698292
      -0.0003782128948102       0.0000000000000000     -27.4960537318162679
      -0.0003982051296139       0.0000000000000000     -28.9485750243922091
      -0.0004181969644403       0.0000000000000000     -30.4009761501694982
      -0.0004381883992893       0.0000000000000000     -31.8532571165350831
      -0.0004581794341610       0.0000000000000000     -33.3054179308707319
      -0.0004781700690552       0.0000000000000000     -34.7574586005368573
      -0.0004981603039721       0.0000000000000000     -36.2093791329247807
      -0.0005181501389117       0.0000000000000000     -37.6611795354169772
      -0.0005381395738738       0.0000000000000000     -39.1128598153696458
      -0.0005581286088586       0.0000000000000000     -40.5644199801790748
      -0.0005781172438659       0.0000000000000000     -42.0158600372031614
      -0.0005981054788958       0.0000000000000000     -43.4671799938313157
      -0.0006180933139482       0.0000000000000000     -44.9183798574167454
      -0.0006380807490232       0.0000000000000000     -46.3694596353541826
      -0.0006580677841207       0.0000000000000000     -47.8204193350057594
      -0.0006780544192407       0.0000000000000000     -49.2712589637407135
      -0.0006980406543832       0.0000000000000000     -50.7219785289253622
      -0.0007180264895483       0.0000000000000000     -52.1725780379483552
      -0.0007380119247358       0.0000000000000000     -53.6230574981621118
      -0.0007579969599458       0.0000000000000000     -55.0734169169414756
      -0.0007779815951782       0.0000000000000000     -56.5236563016465041
      -0.0007979658304331       0.0000000000000000     -57.9737756596589477
      -0.0008179496657105       0.0000000000000000     -59.4237749983376489
      -0.0008379331010102      -0.0000000000000003     -60.8736543250298325
      -0.0008579161363324      -0.0000000000000017     -62.3234136470345916
      -0.0008778987716770      -0.0000000000000096     -63.7730529713327243
      -0.0008978810070441      -0.0000000000000523     -65.2225723032222362
      -0.0009178628424339      -0.0000000000002745     -66.6719716395688522
      -0.0009378442778480      -0.0000000000013888     -68.1212509360729115
      -0.0009578253132936      -0.0000000000067918     -69.5704099531268128
      -0.0009778059488033      -0.0000000000321371     -71.0194475611129548
      -0.0009977861845119      -0.0000000001472022     -72.4683586991956332
      -0.0010177660208684      -0.0000000006517009     -73.9171216137020934
      -0.0010377454587539      -0.0000000027767601     -75.3656470005715136
      -0.0010577244989263      -0.0000000112829492     -76.8135897549691578
      -0.0010777031417590      -0.0000000422734247     -78.2597823940162129
      -0.0010976813864246      -0.0000001341053483     -79.7014544810314618
      -0.0011176592287166      -0.0000003297116645     -81.1354990178516573
      -0.0011376366646817      -0.0000006304881472     -82.5618244949138926
      -0.0011576136961489      -0.0000010024736836     -83.9828848645891668
      -0.0011775903271273      -0.0000014123305150     -85.4011035600702115
      -0.0011975665594323      -0.0000018401232929     -86.8178903791012715
      -0.0012175423929450      -0.0000022757515720     -88.2340124195145421
      -0.0012375178269900      -0.0000027149170856     -89.6497678615891971
      -0.0012574928613066      -0.0000031556268594     -91.0652989817140508
      -0.0012774674961002      -0.0000035969924736     -92.4806919940999705
      -0.0012974417312702      -0.0000040388020459     -93.8959169037765804
      -0.0013174155667158      -0.0000044806047062     -95.3110282258719081
      -0.0013373890023697      -0.0000049223762297     -96.7260282439881252
      -0.0013573620381213      -0.0000053641143743     -98.1409180402353911
      -0.0013773346739314      -0.0000058058243124     -99.5556965838579657
      -0.0013973069097911      -0.0000062475025767    -100.9703641100353053
      -0.0014172787456844      -0.0000066891480096    -102.3849204379978204
      -0.0014372501816686      -0.0000071307599163    -103.7993657597689463
      -0.0014572212178112      -0.0000075723365955    -105.2137003025431170
      -0.0014771918542221      -0.0000080138850915    -106.6279237630257057
      -0.0014971620909600      -0.0000084554115122    -108.0420362239543408
      -0.0015171319278656      -0.0000088969243980    -109.4560367568415415
      -0.0015371013646811      -0.0000093384264079    -110.8699252955319992
      -0.0015570704012843      -0.0000097799288599    -112.2837013762048031
      -0.0015770390377500      -0.0000102214675560    -113.6973633903841687
      -0.0015970072742237      -0.0000106631373698    -115.1109070031559867
      -0.0016169751108758      -0.0000111051723487    -116.5243214902969129
      -0.0016369425479205      -0.0000115481303830    -117.9375812701589865
      -0.0016569095855665      -0.0000119933042512    -119.3506270887118177
      -0.0016768762240014      -0.0000124435649582    -120.7633274390334464
      -0.0016968424633522      -0.0000129047820070    -122.1754188146501861
      -0.0017168083034292      -0.0000133871965465    -123.5864330363216794
      -0.0017367737435025      -0.0000139041481194    -124.9957639513255288
      -0.0017567387823845      -0.0000144658865193    -126.4029473131115395
      -0.0017767034192047      -0.0000150731074747    -127.8079459437263949
      -0.0017966676541571      -0.0000157175576294    -129.2111523089958496
      -0.0018166314881912      -0.0000163881181479    -130.6130685491095846
      -0.0018365949221939      -0.0000170751501759    -132.0141142656486011
      -0.0018565579565051      -0.0000177717408672    -133.4146309808402009
      -0.0018765205912916      -0.0000184738723891    -134.8147936532000699
      -0.0018964828263967      -0.0000191791198956    -136.2147090137705163
      -0.0019164446616639      -0.0000198860807185    -137.6144394090983383
      -0.0019364060969535      -0.0000205939679389    -139.0140377899645046
      -0.0019563671323722      -0.0000213025222930    -140.4134868346705503
      -0.0019763277678131      -0.0000220113069661    -141.8128122750305238
      -0.0019962880034444      -0.0000227201431904    -143.2120252382208605
      -0.0020162478392919      -0.0000234289626607    -144.6111298882183576
      -0.0020362072753556      -0.0000241377379477    -146.0101278710965289
      -0.0020561663115808      -0.0000248464576508    -147.4090198417166846
      -0.0020761249479282      -0.0000255551167218    -148.8078060807561087
      -0.0020960831843493      -0.0000262637128378    -150.2064867047907057
      -0.0021160410208266      -0.0000269722447954    -151.6050617767336064
      -0.0021359984573462      -0.0000276807119851    -153.0035313292030708
      -0.0021559554939016      -0.0000283891140889    -154.4018953843314534
      -0.0021759121304784      -0.0000290974509728    -155.8001539475095854
      -0.0021958683670809      -0.0000298057225105    -157.1983070292542379
      -0.0022158242037057      -0.0000305139286401    -158.5963546381397578
      -0.0022357796403513      -0.0000312220693403    -159.9942967790822763
      -0.0022557346770172      -0.0000319301445952    -161.3921334575564401
      -0.0022756893137031      -0.0000326381543982    -162.7898646785548635
      -0.0022956435504087      -0.0000333460987471    -164.1874904468432987
      -0.0023155973871338      -0.0000340539776420    -165.5850107686523529
      -0.0023355508238788      -0.0000347617910983    -166.9824256487523257
      -0.0023555038606430      -0.0000354695391339    -168.3797350897405352
      -0.0023754564974269      -0.0000361772217495    -169.7769390971862435
      -0.0023954087342306      -0.0000368848389560    -171.1740376798126704
      -0.0024153605710534      -0.0000375923908034    -172.5710308736780405
      -0.0024353120078963      -0.0000382998775959    -173.9679197422802872
      -0.0024552630447610      -0.0000390073093610    -175.3647026117544954
      -0.0024752136816470      -0.0000397146807985    -176.7613797755245741
      -0.0024951639185563      -0.0000404219893195    -178.1579513812361881
      -0.0025151137554919      -0.0000411292336729    -179.5544174959156578
      -0.0025350631924586      -0.0000418364132403    -180.9507781441717498
      -0.0025550122294636      -0.0000425435277194    -182.3470333230542906
      -0.0025749608665152      -0.0000432505769589    -183.7431830102315473
      -0.0025949091036212      -0.0000439575608890    -185.1392271672395680
      -0.0026148569407848      -0.0000446644794812    -186.5351657483103622
      -0.0026348043780031      -0.0000453713327336    -187.9309986960168715
      -0.0026547514152695      -0.0000460781206482    -189.3267259477859454
      -0.0026746980525800      -0.0000467848432353    -190.7223474202915554
      -0.0026946442899350      -0.0000474915005124    -192.1178629883504243
      -0.0027145901273360      -0.0000481980925090    -193.5132724541779510
      -0.0027345355647756      -0.0000489046192686    -194.9085755144243990
      -0.0027544806022496      -0.0000496110808566    -196.3037716779822404
      -0.0027744252397504      -0.0000503174773789    -197.6988601446939526
      -0.0027943694772787      -0.0000510238090082    -199.0938395814954447
      -0.0028143133148405      -0.0000517300760288    -200.4887077638744586
      -0.0028342567524617      -0.0000524362789130    -201.8834609728294538
      -0.0028541997901692      -0.0000531424184408    -203.2780930773391503
      -0.0028741424279931      -0.0000538484958828    -204.6725941006530434
      -0.0028940846659337      -0.0000545545133052    -206.0669481025582002
      -0.0029140265039840      -0.0000552604739740    -207.4611301731085007
      -0.0029339679421225      -0.0000559663829257    -208.8551027437028722
      -0.0029539089803176      -0.0000566722476187    -210.2488121686795353
      -0.0029738496185202      -0.0000573780784563    -211.6421879429764203
      -0.0029937898566545      -0.0000580838887625    -213.0351481293376423
      -0.0029955001169672      -0.0000581443814845    -213.1545310590547331
      -0.0029954005415545      -0.0000581478705178    -213.1471245086909221
      -0.0029953008413596      -0.0000581513202518    -213.1397210372859377
      -0.0029951512948149      -0.0000581564084479    -213.1286209930227926
      -0.0029949269750306      -0.0000581638528344    -213.1119829888654635
      -0.0029945904952782      -0.0000581746171536    -213.0870516915535688
      -0.0029940857754047      -0.0000581899214752    -213.0497083609171511
      -0.0029933286950513      -0.0000582111682754    -212.9938016000692471
      -0.0029921930733517      -0.0000582397070780    -212.9101571146117067
      -0.0029904896382526      -0.0000582763670996    -212.7850800551265991
      -0.0029879344799560      -0.0000583207343698    -212.5981334036323744
      -0.0029841017299458      -0.0000583703522156    -212.3187708803016847
      -0.0029783525768981      -0.0000584202768976    -211.9012498736769032
      -0.0029697287846529      -0.0000584637258094    -211.2768937050941531
      -0.0029567929557889      -0.0000584945051875    -210.3424268933839016
      -0.0029373888971510      -0.0000585105669655    -208.9421298219639311
      -0.0029174475651652      -0.0000585164901309    -207.5038706595636882
      -0.0028975057959601      -0.0000585186981954    -206.0658041170363504
      -0.0028775636270368      -0.0000585195401574    -204.6277585126258032
      -0.0028576210582936      -0.0000585198642741    -203.1896348082011343
      -0.0028376780896092      -0.0000585199892005    -201.7514109015388897
      -0.0028177347209443      -0.0000585200371468    -200.3130769308137928
      -0.0027977909522961      -0.0000585200554050    -198.8746283504933956
      -0.0027778467836707      -0.0000585200622881    -197.4360629265546265
      -0.0027579022150725      -0.0000585200648532    -195.9973795141049209
      -0.0027379572465014      -0.0000585200657972    -194.5585775046247932
      -0.0027180118779552      -0.0000585200661401    -193.1196565649005663
      -0.0026980661094315      -0.0000585200662629    -191.6806165076515356
      -0.0026781199409290      -0.0000585200663063    -190.2414572249165303
      -0.0026581733724476      -0.0000585200663214    -188.8021786526641108
      -0.0026382264039873      -0.0000585200663266    -187.3627807514284882
      -0.0026182790355484      -0.0000585200663283    -185.9232634956563857
      -0.0025983312671309      -0.0000585200663289    -184.4836268676846771
      -0.0025783830987350      -0.0000585200663291    -183.0438708543551911
      -0.0025584345303606      -0.0000585200663292    -181.6039954450298239
      -0.0025384855620075      -0.0000585200663292    -180.1640006305644874
      -0.0025185361936759      -0.0000585200663292    -178.7238864026028580
      -0.0024985864253657      -0.0000585200663292    -177.2836527532537048
      -0.0024786362570768      -0.0000585200663292    -175.8432996748719290
      -0.0024586856888095      -0.0000585200663292    -174.4028271599785000
      -0.0024387347205636      -0.0000585200663292    -172.9622352011694204
      -0.0024187833523392      -0.0000585200663292    -171.5215237910549888
      -0.0023988315841362      -0.0000585200663292    -170.0806929222946735
      -0.0023788794159548      -0.0000585200663292    -168.6397425875706517
      -0.0023589268477949      -0.0000585200663292    -167.1986727795405159
      -0.0023389738796565      -0.0000585200663292    -165.7574834908904791
      -0.0023190205115396      -0.0000585200663292    -164.3161747142917761
      -0.0022990667434443      -0.0000585200663292    -162.8747464424379530
      -0.0022791125753706      -0.0000585200663292    -161.4331986679988233
      -0.0022591580073184      -0.0000585200663292    -159.9915313836541486
      -0.0022392030392878      -0.0000585200663292    -158.5497445820884934
      -0.0022192476712788      -0.0000585200663292    -157.1078382559772422
      -0.0021992919032914      -0.0000585200663292    -155.6658123979854622
      -0.0021793357353255      -0.0000585200663292    -154.2236670008021520
      -0.0021593791673814      -0.0000585200663292    -152.7814020571025821
      -0.0021394221994589      -0.0000585200663292    -151.3390175595646951
      -0.0021194648315580      -0.0000585200663292    -149.8965135008537288
      -0.0020995070636788      -0.0000585200663292    -148.4538898736501835
      -0.0020795488958212      -0.0000585200663292    -147.0111466706348722
      -0.0020595903279854      -0.0000585200663292    -145.5682838844643072
      -0.0020396313601712      -0.0000585200663292    -144.1253015078194721
      -0.0020196719923788      -0.0000585200663292    -142.6821995333829989
      -0.0019997122246081      -0.0000585200663292    -141.2389779538098082
      -0.0019797520568591      -0.0000585200663292    -139.7956367617684919
      -0.0019597914891319      -0.0000585200663292    -138.3521759499397490
      -0.0019398305214265      -0.0000585200663292    -136.9085955109923418
      -0.0019198691537427      -0.0000585200663292    -135.4648954375831238
      -0.0018999073860808      -0.0000585200663292    -134.0210757223857172
      -0.0018799452184407      -0.0000585200663292    -132.5771363580851698
      -0.0018599826508224      -0.0000585200663292    -131.1330773373232432
      -0.0018400196832259      -0.0000585200663292    -129.6888986527728207
      -0.0018200563156513      -0.0000585200663292    -128.2446002970957863
      -0.0018000925480985      -0.0000585200663292    -126.8001822629649382
      -0.0017801283805675      -0.0000585200663292    -125.3556445430391904
      -0.0017601638130584      -0.0000585200663292    -123.9109871299780394
      -0.0017401988455712      -0.0000585200663292    -122.4662100164521519
      -0.0017202334781059      -0.0000585200663292    -121.0213131951244208
      -0.0017002677106624      -0.0000585200663292    -119.5762966586434146
      -0.0016803015432409      -0.0000585200663292    -118.1311603996863084
      -0.0016603349758413      -0.0000585200663292    -116.6859044108940964
      -0.0016403680084637      -0.0000585200663292    -115.2405286849370469
      -0.0016204006411080      -0.0000585200663292    -113.7950332144775842
      -0.0016004328737742      -0.0000585200663292    -112.3494179921657405
      -0.0015804647064625      -0.0000585200663292    -110.9036830106618936
      -0.0015604961391727      -0.0000585200663292    -109.4578282626199979
      -0.0015405271719049      -0.0000585200663292    -108.0118537406992090
      -0.0015205578046592      -0.0000585200663292    -106.5657594375588246
      -0.0015005880374354      -0.0000585200663292    -105.1195453458413027
      -0.0014806178702337      -0.0000585200663292    -103.6732114582034825
      -0.0014606473030540      -0.0000585200663292    -102.2267577673054433
      -0.0014406763358964      -0.0000585200663292    -100.7801842658047491
      -0.0014207049687608      -0.0000585200663292     -99.3334909463360134
      -0.0014007332016474      -0.0000585200663292     -97.8866778015590455
      -0.0013807610345560      -0.0000585200663292     -96.4397448241311679
      -0.0013607884674867      -0.0000585200663292     -94.9926920066992011
      -0.0013408155004396      -0.0000585200663292     -93.5455193419011977
      -0.0013208421334145      -0.0000585200663292     -92.0982268223991980
      -0.0013008683664117      -0.0000585200663292     -90.6508144408373511
      -0.0012808941994310      -0.0000585200663292     -89.2032821898641117
      -0.0012609196324724      -0.0000585200663292     -87.7556300621155003
      -0.0012409446655359      -0.0000585200663292     -86.3078580502490667
      -0.0012209692986218      -0.0000585200663292     -84.8599661469171025
      -0.0012009935317297      -0.0000585200663292     -83.4119543447415452
      -0.0011810173648599      -0.0000585200663292     -81.9638226363824032
      -0.0011610407980124      -0.0000585200663292     -80.5155710144838395
      -0.0011410638311870      -0.0000585200663292     -79.0671994716797570
      -0.0011210864643839      -0.0000585200663292     -77.6187080006219077
      -0.0011011086976031      -0.0000585200663292     -76.1700965939409542
      -0.0010811305308445      -0.0000585200663291     -74.7213652442996761
      -0.0010611519641082      -0.0000585200663284     -73.2725139443588631
      -0.0010411729973940      -0.0000585200663248     -71.8235426869467233
      -0.0010211936307014      -0.0000585200663062     -70.3744514656372644
      -0.0010012138640277      -0.0000585200662131     -68.9252402776146624
      -0.0009812336973601      -0.0000585200657642     -67.4759091371168296
      -0.0009612531306436      -0.0000585200636938     -66.0264581337723087
      -0.0009412721636754      -0.0000585200548850     -64.5768876514464125
      -0.0009212907959827      -0.0000585200230602     -63.1271989219303151
      -0.0009013090272901      -0.0000585199287834     -61.6773948770479237
      -0.0008813268579371      -0.0000585196644667     -60.2274833935221565
      -0.0008613442879562      -0.0000585188527699     -58.7774919330267451
      -0.0008413613170543      -0.0000585160629442     -57.3275243910199350
      -0.0008213779449311      -0.0000585058891083     -55.8779731652678251
      -0.0008013941708939      -0.0000584704697903     -54.4301354560782116
      -0.0007814099955168      -0.0000583695443516     -52.9869249003841531
      -0.0007614254232565      -0.0000581626453077     -51.5512797213437111
      -0.0007414404576010      -0.0000578531046080     -50.1229541043080715
      -0.0007214550965469      -0.0000574759373351     -48.6994153693179896
      -0.0007014693364957      -0.0000570631909094     -47.2783330568389530
      -0.0006814831754405      -0.0000566336076799     -45.8583754712425815
      -0.0006614966128026      -0.0000561966027515     -44.4388290064294793
      -0.0006415096487464      -0.0000557562194701     -43.0194114372470082
      -0.0006215222836676      -0.0000553143320904     -41.5999884041134038
      -0.0006015345179209      -0.0000548717704321     -40.1804782196831809
      -0.0005815463519620      -0.0000544287200962     -38.7609112135153566
      -0.0005615577860287      -0.0000539856056633     -37.3412359910889791
      -0.0005415688204233      -0.0000535424440256     -35.9214506986601307
      -0.0005215794553108      -0.0000530992296271     -34.5015555182643183
      -0.0005015896904090      -0.0000526559604173     -33.0815505703659980
      -0.0004815995252800      -0.0000522126409580     -31.6614355338326696
      -0.0004616089597831      -0.0000517692774495     -30.2412099919764472
      -0.0004416179940344      -0.0000513258743467     -28.8208736598816166
      -0.0004216266281314      -0.0000508824342365     -27.4004263510868675
      -0.0004016348621804      -0.0000504389582994     -25.9798679875869887
      -0.0003816426962173      -0.0000499954471317     -24.5591985256737786
      -0.0003616501302607      -0.0000495519010183     -23.1384179410203430
      -0.0003416571643147      -0.0000491083200906     -21.7175262154578164
      -0.0003216637983953      -0.0000486647043768     -20.2965233482904672
      -0.0003016700324900      -0.0000482210539473     -18.8754093262053146
      -0.0002816758666048      -0.0000477773688089     -17.4541841426505862
      -0.0002616813007410      -0.0000473336489607     -16.0328477916653789
      -0.0002416863348982      -0.0000468898943997     -14.6114002678389792
      -0.0002216909690769      -0.0000464461051250     -13.1898415653410996
      -0.0002016952032771      -0.0000460022811348     -11.7681716786083754
      -0.0001816990374989      -0.0000455584224274     -10.3463906017533507
      -0.0001617024717419      -0.0000451145289976      -8.9244983292600963
      -0.0001417055060057      -0.0000446706008350      -7.5024948559021194
      -0.0001217081402892      -0.0000442266379134      -6.0803801772892507
      -0.0001017103745892      -0.0000437826401608      -4.6581542915253396
      -0.0000817122088965      -0.0000433386073782      -3.2358172039324882
      -0.0000617136431870      -0.0000428945390327      -1.8133689372267261
      -0.0000417146774030      -0.0000424504337819      -0.3908095586031511
      -0.0000217153114392      -0.0000420062887613       1.0318607848997232
      -0.0000017155451833      -0.0000415620995330       2.4546418578795186
       0.0000182846213048      -0.0000411178623733       3.8775334670855672
       0.0000382851877687      -0.0000406735771653       5.3005356080921304
       0.0000582861539740      -0.0000402292470262       6.7236484621459871
       0.0000782875199145      -0.0000397848756223       8.1468722288409747
       0.0000982892856615      -0.0000393404657464       9.5702069404994763
       0.0001182914512622      -0.0000388960201189      10.9936523087933526
       0.0001382940167853      -0.0000384515438746      12.4172092518103803
       0.0001582969822513      -0.0000380070344157      13.8408776078700697
       0.0001783003476793      -0.0000375624904774      15.2646578592871798
       0.0001983041130838      -0.0000371179063807      16.6885489636659656
       0.0002183082785118      -0.0000366732838293      18.1125511383280902
       0.0002383128439866      -0.0000362286205027      19.5366642571146016
       0.0002583178095705      -0.0000357839111838      20.9608877639841040
       0.0002783231753023      -0.0000353391495230      22.3852218053296212
       0.0002983289411830      -0.0000348943185758      23.8096655419380845
       0.0003183351072180      -0.0000344493873930      25.2342175125151691
       0.0003383416734666      -0.0000340042882505      26.6588745459457286
       0.0003583486399888      -0.0000335588676480      28.0836294670161770
       0.0003783560068026      -0.0000331127711089      29.5084657541313575
       0.0003983637739590      -0.0000326651761930      30.9333450774753658
       0.0004183719416076      -0.0000322142121930      32.3581802448877767
       0.0004383805099241      -0.0000317558379414      33.7827831419541056
       0.0004583894789488      -0.0000312822222868      35.2067957795685444
       0.0004783988482949      -0.0000307810499414      36.6296445360816278
       0.0004984086170203      -0.0000302390829028      38.0507164887686429
       0.0005184187840596      -0.0000296497932548      39.4696973560938957
       0.0005384293489252      -0.0000290173261802      40.8868009134988313
       0.0005584403121601      -0.0000283521521690      42.3025084164751348
       0.0005784516744864      -0.0000276652637538      43.7173251630557615
       0.0005984634365454      -0.0000269651043870      45.1316296113656037
       0.0006184755988524      -0.0000262573170056      46.5457003553752315
       0.0006384881616967      -0.0000255451171990      47.9596804974253814
       0.0006585011251044      -0.0000248304086878      49.3736557727946916
       0.0006785144889463      -0.0000241142785583      50.7876756027271981
       0.0006985282530556      -0.0000233973306757      52.2017843741200380
       0.0007185424173279      -0.0000226797341314      53.6159621397133321
       0.0007385569816318      -0.0000219618516228      55.0302324751709051
       0.0007585719459582      -0.0000212438134114      56.4446036616069406
       0.0007785873103219      -0.0000205256679339      57.8590787444586852
       0.0007986030747271      -0.0000198074346026      59.2736588984243511
       0.0008186192391622      -0.0000190891221110      60.6883446092861405
       0.0008386358035932      -0.0000183707342006      62.1031360912106578
       0.0008586527679400      -0.0000176522711456      63.5180333818352807
       0.0008786701321166      -0.0000169337306191      64.9330364017266106
       0.0008986878960880      -0.0000162151091865      66.3481450209234822
       0.0009187060599175      -0.0000154964046958      67.7633591443543111
       0.0009387246237686      -0.0000147776180317      69.1786788245049138
       0.0009587435877457      -0.0000140587523119      70.5941042008663686
       0.0009787629518766      -0.0000133398112805      72.0096354258420490
       0.0009987827161343      -0.0000126207982407      73.4252726369049640
       0.0010188028804949      -0.0000119017156016      74.8410159487128226
       0.0010388234449007      -0.0000111825648157      76.2568654235676746
       0.0010588444093271      -0.0000104633467957      77.6728211027888022
       0.0010788657737574      -0.0000097440620920      79.0888830133487204
       0.0010988875381811      -0.0000090247110277      80.5050511730781864
       0.0011189097025988      -0.0000083052937883      81.9213256003693147
       0.0011389322669872      -0.0000075858104184      83.3377062920865797
       0.0011589552313622      -0.0000068662610403      84.7541932601830581
       0.0011789785957189      -0.0000061466457005      86.1707865120624632
       0.0011990023600556      -0.0000054269644161      87.5874860534380701
       0.0012190265243714      -0.0000047072171927      89.0042918893674511
       0.0012390510886661      -0.0000039874040308      90.4212040246455047
       0.0012590760529395      -0.0000032675249292      91.8382224639590135
       0.0012791014171914      -0.0000025475798860      93.2553472119321754
       0.0012991271814219      -0.0000018275688988      94.6725782732023475
       0.0013191533456311      -0.0000011074919652      96.0899156523765186
       0.0013391799098187      -0.0000003873490826      97.5073593540647039
       0.0013592068739849       0.0000003328597514      98.9249093828867103
       0.0013792342381296       0.0000010531345394     100.3425657434546139
       0.0013992620022529       0.0000017734752840     101.7603284403678856
       0.0014192901663546       0.0000024938819876     103.1781974782451954
       0.0014393187304349       0.0000032143546527     104.5961728616969566
       0.0014593476944936       0.0000039348932820     106.0142545953393665
       0.0014793770585308       0.0000046554978780     107.4324426837746245
       0.0014994068225465       0.0000053761684432     108.8507371316270422
       0.0015194369865406       0.0000060969049800     110.2691379435035515
       0.0015394675505132       0.0000068177074912     111.6876451240177488
       0.0015594985144641       0.0000075385759791     113.1062586777790813
       0.0015795298783936       0.0000082595104464     114.5249786094051956
       0.0015995616423014       0.0000089805108956     115.9438049235123742
       0.0016195938061876       0.0000097015773292     117.3627376247031577
       0.0016396263700522       0.0000104227097497     118.7817767176029236
       0.0016596593338952       0.0000111439081597     120.2009222068213035
       0.0016796926977166       0.0000118651725618     121.6201740969756742
       0.0016997264615161       0.0000125865029584     123.0395323924471427
       0.0017197606252942       0.0000133078993499     124.4589970981896130
       0.0017397951890506       0.0000140293617400     125.8785682187756265
       0.0017598301527854       0.0000147508901318     127.2982457587778242
       0.0017798655164984       0.0000154724845280     128.7180297228073869
       0.0017999012801897       0.0000161941449313     130.1379201154656471
       0.0018199374438593       0.0000169158713443     131.5579169413658462
       0.0018399740075072       0.0000176376637696     132.9780202051292122
       0.0018600109711334       0.0000183595222097     134.3982299113603176
       0.0018800483347378       0.0000190814466673     135.8185460641387579
       0.0019000860983205       0.0000198034371399     137.2389686688949553
       0.0019201242618814       0.0000205254936327     138.6594977300859455
       0.0019401628254206       0.0000212476161494     140.0801332522429163
       0.0019602017889379       0.0000219698046931     141.5008752393983400
       0.0019802411524337       0.0000226920592620     142.9217236965701545
       0.0020002809159077       0.0000234143798587     144.3426786285415915
       0.0020203210793600       0.0000241367664884     145.7637400395359748
       0.0020403616427910       0.0000248592191549     147.1849079336392379
       0.0020604026062008       0.0000255817378615     148.6061823145999199
       0.0020804439695902       0.0000263043226111     150.0275631855051586
       0.0021004857329600       0.0000270269734072     151.4490505482545188
       0.0021205278963122       0.0000277496902531     152.8706444026647375
       0.0021405704596496       0.0000284724731532     154.2923447451187826
       0.0021606134229771       0.0000291953221127     155.7141515667220801
       0.0021806567863008       0.0000299182371385     157.1360648513716001
       0.0022007005496276       0.0000306412182396     158.5580845732058037
       0.0022207447129615       0.0000313642654081     159.9802107049397364
       0.0022407892762996       0.0000320873786463     161.4024432237920621
       0.0022608342396311       0.0000328105579728     162.8247821177418189
       0.0022808796029410       0.0000335338034033     164.2472273903611892
       0.0023009253662186       0.0000342571149375     165.6697790589446129
       0.0023209715294618       0.0000349804925719     167.0924371422284764
       0.0023410180926787       0.0000357039362947     168.5152016526947705
       0.0023610650558773       0.0000364274461082     169.9380725860101222
       0.0023811124190726       0.0000371510219505     171.3610499308324790
       0.0024011601822721       0.0000378746637954     172.7841335851411202
       0.0024212083454754       0.0000385983709286     174.2073225576377524
       0.0024412569086724       0.0000393221339666     175.6306184573134601
       0.0024613058718538       0.0000400459581837     177.0540209753789611
       0.0024813552350118       0.0000407698461034     178.4775299502372548
       0.0025014049981488       0.0000414937989669     179.9011452923313072
       0.0025214551612539       0.0000422178173848     181.3248669665546231
       0.0025415057243262       0.0000429419016592     182.7486949594370458
       0.0025615566873607       0.0000436660519401     184.1726292775951208
       0.0025816080503549       0.0000443902683087     185.5966699354246714
       0.0026016598133071       0.0000451145508053     187.0208169570109646
       0.0026217119762245       0.0000458388994565     188.4450703394399511
       0.0026417645391183       0.0000465633142755     189.8694300499295196
       0.0026618175020080       0.0000472877952850     191.2938959973130579
       0.0026818708649124       0.0000480123425046     192.7184680128915772
       0.0027019246278492       0.0000487369559676     194.1431458211081633
       0.0027219787908365       0.0000494616357365     195.5679289940553645
       0.0027420333538795       0.0000501863819029     196.9928168926410876
       0.0027620883169722       0.0000509111946065     198.4178085533068554
       0.0027821436800957       0.0000516360740563     199.8429024801197329
       0.0028021994432268       0.0000523610205758     201.2680962785493364
       0.0028222556063529       0.0000530860346936     202.6933860274582457
       0.0028423121694703       0.0000538111172360     204.1187653076391939
       0.0028623691325926       0.0000545362695601     205.5442236742523505
       0.0028824264957435       0.0000552614938542     206.9697444139733307
       0.0029024842589404       0.0000559867935791     208.3953014870158711
       0.0029225424221959       0.0000567121740542     209.8208558235141084
       0.0029426009854956       0.0000574376431071     211.2463521082684963
       0.0029626599487893       0.0000581632115525     212.6717184805866339
       0.0029827193119872       0.0000588888930634     214.0968727340140845
       0.0030027790749744       0.0000596147029569     215.5217371167751708
       0.0030044996341795       0.0000596769114326     215.6438589824426515
       0.0030043994606220       0.0000596804983462     215.6362605491120803
       0.0030042991605250       0.0000596840438031     215.6286654338524329
       0.0030041487141949       0.0000596892708906     215.6172784723832763
       0.0030039230448010       0.0000596969135674     215.6002111670321710
       0.0030035845408135       0.0000597079543027     215.5746382571092283
       0.0030030767850107       0.0000597236306771     215.5363372954434453
       0.0030023151517237       0.0000597453531150     215.4790035687450427
       0.0030011727027806       0.0000597744549956     215.3932371396702479
       0.0029994590316666       0.0000598117066569     215.2650096352528521
       0.0029968885302651       0.0000598565765455     215.0733912334310105
       0.0029930327901818       0.0000599064361733     214.7871040415656694
       0.0029872492073789       0.0000599561622182     214.3593143676584987
       0.0029785738951145       0.0000599988911855     213.7197098908782493
       0.0029655610666873       0.0000600285863052     212.7625659785208256
       0.0029460421398750       0.0000600436302370     211.3285109625056464
       0.0029259835461497       0.0000600490047658     209.8558306372463562
       0.0029059253145843       0.0000600509432106     208.3835957232959970
       0.0028858674833035       0.0000600516574274     206.9116282679444794
       0.0028658100521784       0.0000600519228145     205.4398266654613394
       0.0028457530210682       0.0000600520214565     203.9681674346716989
       0.0028256963899331       0.0000600520579326     202.4966402166410546
       0.0028056401587695       0.0000600520713044     201.0252399545939568
       0.0027855843275840       0.0000600520761532     199.5539640714391112
       0.0027655288963809       0.0000600520778898     198.0828111988965929
       0.0027454738651599       0.0000600520785036     196.6117805869113226
       0.0027254192339181       0.0000600520787175     195.1408718143823080
       0.0027053650026531       0.0000600520787909     193.6700846403798550
       0.0026853111713635       0.0000600520788157     192.1994189246389624
       0.0026652577400492       0.0000600520788240     190.7288745838687305
       0.0026452047087103       0.0000600520788267     189.2584515672278940
       0.0026251520773470       0.0000600520788276     187.7881498424521851
       0.0026050998459594       0.0000600520788279     186.3179693879419858
       0.0025850480145475       0.0000600520788280     184.8479101881786733
       0.0025649965831113       0.0000600520788280     183.3779722311444118
       0.0025449455516507       0.0000600520788280     181.9081555068050022
       0.0025248949201657       0.0000600520788280     180.4384600062492723
       0.0025048446886563       0.0000600520788280     178.9688857211978927
       0.0024847948571225       0.0000600520788280     177.4994326437404766
       0.0024647454255644       0.0000600520788280     176.0301007661470294
       0.0024446963939819       0.0000600520788280     174.5608900808162218
       0.0024246477623752       0.0000600520788280     173.0918005801913466
       0.0024045995307441       0.0000600520788280     171.6228322567706357
       0.0023845516990887       0.0000600520788280     170.1539851030547368
       0.0023645042674090       0.0000600520788280     168.6852591115675182
       0.0023444572357050       0.0000600520788280     167.2166542748353777
       0.0023244106039768       0.0000600520788280     165.7481705853760445
       0.0023043643722242       0.0000600520788280     164.2798080357326285
       0.0022843185404475       0.0000600520788280     162.8115666184255872
       0.0022642731086465       0.0000600520788280     161.3434463259937104
       0.0022442280768213       0.0000600520788280     159.8754471509803352
       0.0022241834449719       0.0000600520788280     158.4075690859063457
       0.0022041392130983       0.0000600520788280     156.9398121233132883
       0.0021840953812005       0.0000600520788280     155.4721762557387308
       0.0021640519492785       0.0000600520788280     154.0046614757161478
       0.0021440089173323       0.0000600520788280     152.5372677757866597
       0.0021239662853621       0.0000600520788280     151.0699951484886867
       0.0021039240533676       0.0000600520788280     149.6028435863608195
       0.0020838822213491       0.0000600520788280     148.1358130819418193
       0.0020638407893064       0.0000600520788280     146.6689036277710727
       0.0020437997572396       0.0000600520788280     145.2021152163962370
       0.0020237591251487       0.0000600520788280     143.7354478403565565
       0.0020037188930338       0.0000600520788280     142.2689014921909632
       0.0019836790608948       0.0000600520788280     140.8024761644416571
       0.0019636396287317       0.0000600520788280     139.3361718496583990
       0.0019436005965446       0.0000600520788280     137.8699885403825931
       0.0019235619643334       0.0000600520788280     136.4039262291598220
       0.0019035237320982       0.0000600520788280     134.9379849085356682
       0.0018834858998391       0.0000600520788280     133.4721645710593805
       0.0018634484675559       0.0000600520788280     132.0064652092738982
       0.0018434114352487       0.0000600520788280     130.5408868157264521
       0.0018233748029175       0.0000600520788280     129.0754293829728283
       0.0018033385705624       0.0000600520788280     127.6100929035611102
       0.0017833027381834       0.0000600520788280     126.1448773700327877
       0.0017632673057803       0.0000600520788280     124.6797827749402927
       0.0017432322733534       0.0000600520788280     123.2148091108461614
       0.0017231976409026       0.0000600520788280     121.7499563702933614
       0.0017031634084278       0.0000600520788280     120.2852245458320084
       0.0016831295759292       0.0000600520788280     118.8206136300187978
       0.0016630961434067       0.0000600520788280     117.3561236154152567
       0.0016430631108603       0.0000600520788280     115.8917544945634717
       0.0016230304782900       0.0000600520788280     114.4275062600225965
       0.0016029982456959       0.0000600520788280     112.9633789043541299
       0.0015829664130780       0.0000600520788280     111.4993724201107455
       0.0015629349804363       0.0000600520788280     110.0354867998485702
       0.0015429039477707       0.0000600520788280     108.5717220361260331
       0.0015228733150813       0.0000600520788280     107.1080781214981386
       0.0015028430823682       0.0000600520788280     105.6445550485361906
       0.0014828132496313       0.0000600520788280     104.1811528097905182
       0.0014627838168706       0.0000600520788280     102.7178713978261726
       0.0014427547840862       0.0000600520788280     101.2547108051957849
       0.0014227261512780       0.0000600520788280      99.7916710244718104
       0.0014026979184461       0.0000600520788280      98.3287520482165860
       0.0013826700855905       0.0000600520788280      96.8659538689802844
       0.0013626426527112       0.0000600520788280      95.4032764793426082
       0.0013426156198082       0.0000600520788280      93.9407198718574961
       0.0013225889868815       0.0000600520788280      92.4782840391041390
       0.0013025627539311       0.0000600520788280      91.0159689736300095
       0.0012825369209571       0.0000600520788280      89.5537746680174251
       0.0012625114879595       0.0000600520788280      88.0917011148226266
       0.0012424864549382       0.0000600520788280      86.6297483066192058
       0.0012224618218933       0.0000600520788280      85.1679162359731521
       0.0012024375888247       0.0000600520788280      83.7062048954613687
       0.0011824137557326       0.0000600520788280      82.2446142776457236
       0.0011623903226170       0.0000600520788280      80.7831443751021538
       0.0011423672894777       0.0000600520788280      79.3217951803929395
       0.0011223446563148       0.0000600520788279      77.8605666861025725
       0.0011023224231284       0.0000600520788275      76.3994588848240852
       0.0010823005899184       0.0000600520788255      74.9384717692412181
       0.0010622791566844       0.0000600520788149      73.4776053324554113
       0.0010422581234247       0.0000600520787604      72.0168595697815306
       0.0010222374901309       0.0000600520784915      70.5562344870401432
       0.0010022172567659       0.0000600520772198      69.0957301379473563
       0.0009821974231816       0.0000600520716071      67.6353467736258551
       0.0009621779889662       0.0000600520502231      66.1750852680716974
       0.0009421589537112       0.0000600519851028      64.7149477347139737
       0.0009221403177161       0.0000600518086279      63.2549391811598696
       0.0009021220811818       0.0000600512911986      61.7950764544955220
       0.0008821042437070       0.0000600495623756      60.3354232522071001
       0.0008620868049662       0.0000600432670567      58.8762248281033465
       0.0008420697644565       0.0000600204176533      57.4183574332524600
       0.0008220531218633       0.0000599485214984      55.9642000344241168
       0.0008020368803975       0.0000597808153592      54.5171504010168348
       0.0007820210449883       0.0000595025719750      53.0782930439954299
       0.0007620056154810       0.0000591426802050      51.6455263956551178
       0.0007419905881654       0.0000587372975450      50.2161762933554172
       0.0007219759602397       0.0000583098022705      48.7885827824793452
       0.0007019617307780       0.0000578725602593      47.3617907246557763
       0.0006819478996986       0.0000574308725385      45.9354318415309066
       0.0006619344674036       0.0000569872409909      44.5093275235950614
       0.0006419214343102       0.0000565427862714      43.0833686685841784
       0.0006219088008297       0.0000560977740882      41.6575924209654218
       0.0006018965672944       0.0000556527614139      40.2319311454098667
       0.0005818847339710       0.0000552077713834      38.8063822436446202
       0.0005618733011060       0.0000547627990425      37.3809458678627067
       0.0005418622685014       0.0000543178410487      35.9556222190514063
       0.0005218516356949       0.0000538729010145      34.5304110350467539
       0.0005018414024717       0.0000534279852588      33.1053118848573149
       0.0004818315689223       0.0000529830986648      31.6803244471358383
       0.0004618221351713       0.0000525382440948      30.2554485322988853
       0.0004418131013029       0.0000520934230204      28.8306840346348636
       0.0004218044673745       0.0000516486361080      27.4060309060652187
       0.0004017962334072       0.0000512038836774      25.9814891199675984
       0.0003817883994070       0.0000507591658768      24.5570586566226510
       0.0003617809653898       0.0000503144827388      23.1327395157326841
       0.0003417739313432       0.0000498698343411      21.7085316831810893
       0.0003217672972734       0.0000494252206918      20.2844351524708415
       0.0003017610631819       0.0000489806417914      18.8604499174674203
       0.0002817552290685       0.0000485360976374      17.4365759725602736
       0.0002617497949334       0.0000480915882276      16.0128133120526712
       0.0002417447607768       0.0000476471135596      14.5891619301389959
       0.0002217401265981       0.0000472026736286      13.1656218214104737
       0.0002017358923974       0.0000467582684273      11.7421929804381673
       0.0001817320581738       0.0000463138979364      10.3188754024505300
       0.0001617286239248       0.0000458695621027       8.8956690845306081
       0.0001417255896438       0.0000454252607785       7.4725740285557292
       0.0001217229553122       0.0000449809935587       6.0495902510616331
       0.0001017207208849       0.0000445367594089       4.6267178021699742
       0.0000817188862704       0.0000440925559782       3.2039568019218549
       0.0000617174513448       0.0000436483791782       1.7813074650089533
       0.0000417164161014       0.0000432042247101       0.3587700163992724
       0.0000217157807608       0.0000427600912634      -1.0636554812142565
       0.0000017155455780       0.0000423159812238      -2.4859691637423396
       0.0000000001197193       0.0000422779189953      -2.6078667060720306
