      -0.0000000000141615       0.0000000000000000      -0.0090159488027299
      -0.0000001000141665       0.0000000000000000      -0.0353817276545927
      -0.0000002000212623       0.0000000000000000      -0.0619180280366438
      -0.0000003500319247       0.0000000000000000      -0.1017224860686667
      -0.0000005750479605       0.0000000000000000      -0.1614291898993242
      -0.0000009125721090       0.0000000000000000      -0.2509892834062282
      -0.0000014188585454       0.0000000000000000      -0.3853295086287786
      -0.0000021782886803       0.0000000000000000      -0.5868400376277575
      -0.0000033174349636       0.0000000000000000      -0.8891062612489303
      -0.0000050261568207       0.0000000000000000      -1.3425065644601848
      -0.0000075892450784       0.0000000000000000      -2.0226091967924833
      -0.0000114338897776       0.0000000000000000      -3.0427680447399323
      -0.0000172008845296       0.0000000000000000      -4.5730173405537311
      -0.0000258514389908       0.0000000000000000      -6.8684160884796643
      -0.0000388274109349       0.0000000000000000     -10.3115700213384915
      -0.0000582903825151       0.0000000000000000     -13.8499839143942811
      -0.0000782917478519       0.0000000000000000     -17.3884685402621955
      -0.0000982935131049       0.0000000000000000     -20.9270239017709052
      -0.0001182956782902       0.0000000000000000     -24.4656500017488270
      -0.0001382982434235       0.0000000000000000     -28.0043468430250577
      -0.0001583012085211       0.0000000000000000     -31.5431144284282574
      -0.0001783045735988       0.0000000000000000     -35.0819527607876580
      -0.0001983083386726       0.0000000000000000     -38.6208618429324559
      -0.0002183125037585       0.0000000000000000     -42.1598416776922349
      -0.0002383170688726       0.0000000000000000     -45.6988922678966603
      -0.0002583220340307       0.0000000000000000     -49.2380136163752908
      -0.0002783273992490       0.0000000000000000     -52.7772057259586376
      -0.0002983331645434       0.0000000000000000     -56.3164685994758827
      -0.0003183393299298       0.0000000000000000     -59.8558022397577929
      -0.0003383458954243       0.0000000000000000     -63.3952066496357105
      -0.0003583528610429       0.0000000000000000     -66.9346818319388603
      -0.0003783602268016       0.0000000000000000     -70.4742277894990821
      -0.0003983679927164       0.0000000000000000     -74.0138445251465384
      -0.0004183761588033       0.0000000000000000     -77.5535320417136234
      -0.0004383847250782       0.0000000000000000     -81.0932903420301869
      -0.0004583936915572       0.0000000000000000     -84.6331194289291915
      -0.0004784030582563       0.0000000000000000     -88.1730193052405298
      -0.0004984128251915       0.0000000000000000     -91.7129899737975336
      -0.0005184229923787       0.0000000000000000     -95.2530314374320142
      -0.0005384335598341       0.0000000000000000     -98.7931436989752427
      -0.0005584445275736       0.0000000000000000    -102.3333267612605795
      -0.0005784558956132       0.0000000000000000    -105.8735806271201625
      -0.0005984676639689       0.0000000000000000    -109.4139052993858741
      -0.0006184798326567       0.0000000000000000    -112.9543007808924386
      -0.0006384924016927       0.0000000000000000    -116.4947670744709285
      -0.0006585053710929       0.0000000000000000    -120.0353041829565512
      -0.0006785187408732       0.0000000000000000    -123.5759121091806776
      -0.0006985325110497       0.0000000000000000    -127.1165908559777762
      -0.0007185466816383       0.0000000000000000    -130.6573404261810367
      -0.0007385612526552       0.0000000000000000    -134.1981608226256242
      -0.0007585762241163       0.0000000000000000    -137.7390520481412466
      -0.0007785915960377      -0.0000000000000003    -141.2800141055490144
      -0.0007986073684356      -0.0000000000000017    -144.8210469975981027
      -0.0008186235413267      -0.0000000000000103    -148.3621507266041135
      -0.0008386401147324      -0.0000000000000608    -151.9033252924357669
      -0.0008586570886960      -0.0000000000003413    -155.4445706817793962
      -0.0008786744633676      -0.0000000000017916    -158.9858868169107780
      -0.0008986922392510      -0.0000000000080838    -162.5272733858008678
      -0.0009187104170524      -0.0000000000267531    -166.0687297451146662
      -0.0009387289960943      -0.0000000000614629    -169.6102555835764463
      -0.0009587479749434      -0.0000000001077891    -173.1518512815088116
      -0.0009787673533692      -0.0000000001600293    -176.6935173386370082
      -0.0009987871318531      -0.0000000002148609    -180.2352540338717120
      -0.0010188073106912      -0.0000000002707092    -183.7770615123890252
      -0.0010388278900959      -0.0000000003269796    -187.3189398252061153
      -0.0010588488701390      -0.0000000003834156    -190.8608889967566427
      -0.0010788702508632      -0.0000000004399135    -194.4029090386734708
      -0.0010988920322957      -0.0000000004964323    -197.9449999573271555
      -0.0011189142144569      -0.0000000005529560    -201.4871617570133253
      -0.0011389367973653      -0.0000000006094797    -205.0293944407792424
      -0.0011589597810364      -0.0000000006660002    -208.5716980119601658
      -0.0011789831654880      -0.0000000007225203    -212.1140724731475018
      -0.0011990069507370      -0.0000000007790494    -215.6565178266492637
      -0.0012190311368035      -0.0000000008356187    -219.1990340734345466
      -0.0012390557237157      -0.0000000008923281    -222.7416212103852615
      -0.0012590807115260      -0.0000000009494810    -226.2842792222245123
      -0.0012791061003473      -0.0000000010079241    -229.8270080612292361
      -0.0012991318903874      -0.0000000010695989    -233.3698076155672823
      -0.0013191580818457      -0.0000000011374637    -236.9126777119473957
      -0.0013391846745634      -0.0000000012135151    -240.4556182350551126
      -0.0013592116680788      -0.0000000012970455    -243.9986292283868465
      -0.0013792390620989      -0.0000000013857129    -247.5417108382902995
      -0.0013992668566931      -0.0000000014773643    -251.0848631937621747
      -0.0014192950520100      -0.0000000015705808    -254.6280863799996439
      -0.0014393236481632      -0.0000000016645612    -258.1713804499588605
      -0.0014593526452533      -0.0000000017589191    -261.7147454284718151
      -0.0014793820433283      -0.0000000018534565    -265.2581813298860993
      -0.0014994118424145      -0.0000000019480751    -268.8016881650914911
      -0.0015194420425612      -0.0000000020427486    -272.3452659341766662
      -0.0015394726437614      -0.0000000021374249    -275.8889146446400105
      -0.0015595036460429      -0.0000000022320934    -279.4326343002477984
      -0.0015795350494238      -0.0000000023267523    -282.9764249040294430
      -0.0015995668539206      -0.0000000024214010    -286.5202864588649732
      -0.0016195990595496      -0.0000000025160395    -290.0642189675983218
      -0.0016396316663268      -0.0000000026106678    -293.6082224330742179
      -0.0016596646742683      -0.0000000027052859    -297.1522968581339796
      -0.0016796980833901      -0.0000000027998938    -300.6964422456209718
      -0.0016997318937083      -0.0000000028944914    -304.2406585983751484
      -0.0017197661052389      -0.0000000029890789    -307.7849459192345876
      -0.0017398007179981      -0.0000000030836561    -311.3293042110494184
      -0.0017598357320018      -0.0000000031782231    -314.8737334766586287
      -0.0017798711472662      -0.0000000032727799    -318.4182337189003533
      -0.0017999069638073      -0.0000000033673265    -321.9628049406222203
      -0.0018199431816412      -0.0000000034618628    -325.5074471446669122
      -0.0018399798007840      -0.0000000035563890    -329.0521603338743262
      -0.0018600168212517      -0.0000000036509049    -332.5969445110901574
      -0.0018800542430604      -0.0000000037454106    -336.1417996791555538
      -0.0019000920662262      -0.0000000038399061    -339.6867258409180295
      -0.0019201302907651      -0.0000000039343913    -343.2317229992145826
      -0.0019401689166932      -0.0000000040288663    -346.7767911568961949
      -0.0019602079440266      -0.0000000041233311    -350.3219303167982730
      -0.0019802473727814      -0.0000000042177857    -353.8671404817753796
      -0.0020002872029736      -0.0000000043122301    -357.4124216546651951
      -0.0020203274346194      -0.0000000044066642    -360.9577738383117094
      -0.0020403680677347      -0.0000000045010881    -364.5031970355617545
      -0.0020604091023357      -0.0000000045955018    -368.0486912492593206
      -0.0020804505384385      -0.0000000046899052    -371.5942564822506711
      -0.0021004923760592      -0.0000000047842985    -375.1398927373796823
      -0.0021205346152138      -0.0000000048786815    -378.6856000174931296
      -0.0021405772559183      -0.0000000049730542    -382.2313783254338091
      -0.0021606202981890      -0.0000000050674168    -385.7772276640492919
      -0.0021806637420419      -0.0000000051617691    -389.3231480361851027
      -0.0022007075874930      -0.0000000052561112    -392.8691394446891536
      -0.0022207518345585      -0.0000000053504430    -396.4152018924044114
      -0.0022407964832544      -0.0000000054447647    -399.9613353821807777
      -0.0022608415335968      -0.0000000055390761    -403.5075399168579224
      -0.0022808869856019      -0.0000000056333772    -407.0538154992898967
      -0.0023009328392857      -0.0000000057276681    -410.6001621323227937
      -0.0023209790946643      -0.0000000058219488    -414.1465798187977043
      -0.0023410257517538      -0.0000000059162193    -417.6930685615714083
      -0.0023610728105703      -0.0000000060104795    -421.2396283634787437
      -0.0023811202711299      -0.0000000061047295    -424.7862592273794462
      -0.0024011681334487      -0.0000000061989693    -428.3329611561135835
      -0.0024212163975428      -0.0000000062931988    -431.8797341525315687
      -0.0024412650634282      -0.0000000063874181    -435.4265782194850090
      -0.0024613141311211      -0.0000000064816272    -438.9734933598152224
      -0.0024813636006369      -0.0000000065758260    -442.5204795766213692
      -0.0025014134719936      -0.0000000066700163    -446.0675368723505585
      -0.0025214637452057      -0.0000000067641971    -449.6146652499547258
      -0.0025415144202896      -0.0000000068583680    -453.1618647123127062
      -0.0025615654972615      -0.0000000069525288    -456.7091352622775844
      -0.0025816169761375      -0.0000000070466795    -460.2564769027150078
      -0.0026016688569336      -0.0000000071408199    -463.8038896364753327
      -0.0026217211396661      -0.0000000072349501    -467.3513734664036292
      -0.0026417738243510      -0.0000000073290701    -470.8989283953526410
      -0.0026618269110044      -0.0000000074231799    -474.4465544261704508
      -0.0026818803996424      -0.0000000075172794    -477.9942515617066192
      -0.0027019342902812      -0.0000000076113686    -481.5420198048095699
      -0.0027219885829369      -0.0000000077054476    -485.0898591583235202
      -0.0027420432776255      -0.0000000077995164    -488.6377696250920053
      -0.0027620983743632      -0.0000000078935749    -492.1857512079526487
      -0.0027821538731661      -0.0000000079876232    -495.7338039097311366
      -0.0028022097740503      -0.0000000080816613    -499.2819277332400247
      -0.0028222660770320      -0.0000000081756890    -502.8301226812661753
      -0.0028423227821272      -0.0000000082697066    -506.3783887565444957
      -0.0028623798893520      -0.0000000083637138    -509.9267259617510604
      -0.0028824373987227      -0.0000000084577108    -513.4751342994248944
      -0.0029024953102553      -0.0000000085516976    -517.0236137719186900
      -0.0029225536239658      -0.0000000086456739    -520.5721643812727280
      -0.0029426123398705      -0.0000000087396400    -524.1207861290263281
      -0.0029626714579855      -0.0000000088335956    -527.6694790159746162
      -0.0029827309783269      -0.0000000089275407    -531.2182430418270087
      -0.0030027882932235      -0.0000000089355923    -531.5224016810135481
      -0.0030045073371504      -0.0000000089360557    -531.5046575840310652
      -0.0030044070363611      -0.0000000089365127    -531.4869134894071294
      -0.0030043067285330      -0.0000000089371846    -531.4602973517697819
      -0.0030041562668062      -0.0000000089381629    -531.4203731550603607
      -0.0030039305742528      -0.0000000089395673    -531.3604868816288445
      -0.0030035920355064      -0.0000000089415441    -531.2706575192454466
      -0.0030030842275785      -0.0000000089442496    -531.1359135810155294
      -0.0030023225161298      -0.0000000089478134    -530.9337979032434305
      -0.0030011799499760      -0.0000000089522716    -530.6306248858682011
      -0.0029994661030894      -0.0000000089574779    -530.1758664438012829
      -0.0029968953381304      -0.0000000089630252    -529.4937311385729117
      -0.0029930392029307      -0.0000000089682418    -528.4705333386204984
      -0.0029872550278994      -0.0000000089723543    -526.9357479981215420
      -0.0029785788281863      -0.0000000089748315    -524.6335951528712940
      -0.0029655646696518      -0.0000000089758490    -521.1804222553937507
      -0.0029460450528977      -0.0000000089761382    -517.6318524483612009
      -0.0029259862679195      -0.0000000089762202    -514.0833537987018644
      -0.0029059278851774      -0.0000000089762436    -510.5349262888968269
      -0.0028858699046278      -0.0000000089762503    -506.9865699119924898
      -0.0028658123262474      -0.0000000089762523    -503.4382846638869182
      -0.0028457551500180      -0.0000000089762528    -499.8900705413518608
      -0.0028256983759231      -0.0000000089762529    -496.3419275413158971
      -0.0028056420039461      -0.0000000089762530    -492.7938556608704062
      -0.0027855860340711      -0.0000000089762530    -489.2458548971349046
      -0.0027655304662817      -0.0000000089762530    -485.6979252472468147
      -0.0027454753005621      -0.0000000089762530    -482.1500667083466283
      -0.0027254205368959      -0.0000000089762530    -478.6022792775783614
      -0.0027053661752671      -0.0000000089762530    -475.0545629520912598
      -0.0026853122156596      -0.0000000089762530    -471.5069177290286007
      -0.0026652586580572      -0.0000000089762530    -467.9593436055450866
      -0.0026452055024440      -0.0000000089762530    -464.4118405787823463
      -0.0026251527488037      -0.0000000089762530    -460.8644086458993456
      -0.0026051003971202      -0.0000000089762530    -457.3170478040345301
      -0.0025850484473775      -0.0000000089762530    -453.7697580503482868
      -0.0025649968995594      -0.0000000089762530    -450.2225393819866213
      -0.0025449457536498      -0.0000000089762530    -446.6753917961000298
      -0.0025248950096327      -0.0000000089762530    -443.1283152898396338
      -0.0025048446674919      -0.0000000089762530    -439.5813098603561571
      -0.0024847947272113      -0.0000000089762530    -436.0343755048023695
      -0.0024647451887748      -0.0000000089762530    -432.4875122203250157
      -0.0024446960521664      -0.0000000089762530    -428.9407200040806174
      -0.0024246473173699      -0.0000000089762530    -425.3939988532184202
      -0.0024045989843692      -0.0000000089762530    -421.8473487648880109
      -0.0023845510531482      -0.0000000089762530    -418.3007697362456838
      -0.0023645035236908      -0.0000000089762530    -414.7542617644429583
      -0.0023444563959810      -0.0000000089762530    -411.2078248466276591
      -0.0023244096700026      -0.0000000089762530    -407.6614589799521582
      -0.0023043633457395      -0.0000000089762530    -404.1151641615773542
      -0.0022843174231757      -0.0000000089762530    -400.5689403886476612
      -0.0022642719022951      -0.0000000089762530    -397.0227876583215334
      -0.0022442267830815      -0.0000000089762530    -393.4767059677490693
      -0.0022241820655189      -0.0000000089762530    -389.9306953140808218
      -0.0022041377495912      -0.0000000089762530    -386.3847556944787698
      -0.0021840938352824      -0.0000000089762530    -382.8388871060865881
      -0.0021640503225762      -0.0000000089762530    -379.2930895460649481
      -0.0021440072114566      -0.0000000089762530    -375.7473630115654259
      -0.0021239645019076      -0.0000000089762530    -372.2017074997428949
      -0.0021039221939131      -0.0000000089762530    -368.6561230077510345
      -0.0020838802874569      -0.0000000089762530    -365.1106095327451158
      -0.0020638387825230      -0.0000000089762530    -361.5651670718764876
      -0.0020437976790954      -0.0000000089762530    -358.0197956223049118
      -0.0020237569771579      -0.0000000089762530    -354.4744951811805436
      -0.0020037166766944      -0.0000000089762530    -350.9292657456628604
      -0.0019836767776889      -0.0000000089762530    -347.3841073129062238
      -0.0019636372801253      -0.0000000089762530    -343.8390198800646544
      -0.0019435981839876      -0.0000000089762530    -340.2940034442945603
      -0.0019235594892596      -0.0000000089762530    -336.7490580027551346
      -0.0019035211959253      -0.0000000089762530    -333.2041835525943156
      -0.0018834833039685      -0.0000000089762530    -329.6593800909739116
      -0.0018634458133733      -0.0000000089762530    -326.1146476150481703
      -0.0018434087241236      -0.0000000089762530    -322.5699861219787863
      -0.0018233720362032      -0.0000000089762530    -319.0253956089164831
      -0.0018033357495962      -0.0000000089762530    -315.4808760730205677
      -0.0017832998642864      -0.0000000089762530    -311.9364275114484713
      -0.0017632643802578      -0.0000000089762530    -308.3920499213552944
      -0.0017432292974944      -0.0000000089762530    -304.8477432999008556
      -0.0017231946159799      -0.0000000089762530    -301.3035076442419609
      -0.0017031603356985      -0.0000000089762530    -297.7593429515343360
      -0.0016831264566340      -0.0000000089762530    -294.2152492189401300
      -0.0016630929787703      -0.0000000089762530    -290.6712264436125110
      -0.0016430599020915      -0.0000000089762530    -287.1272746227141397
      -0.0016230272265813      -0.0000000089762530    -283.5833937534000029
      -0.0016029949522239      -0.0000000089762530    -280.0395838328332729
      -0.0015829630790031      -0.0000000089762530    -276.4958448581650714
      -0.0015629316069028      -0.0000000089762530    -272.9521768265610149
      -0.0015429005359071      -0.0000000089762530    -269.4085797351779661
      -0.0015228698659998      -0.0000000089762530    -265.8650535811761983
      -0.0015028395971649      -0.0000000089762530    -262.3215983617131428
      -0.0014828097293863      -0.0000000089762530    -258.7782140739500392
      -0.0014627802626480      -0.0000000089762530    -255.2349007150454838
      -0.0014427511969340      -0.0000000089762530    -251.6916582821618533
      -0.0014227225322281      -0.0000000089762530    -248.1484867724557546
      -0.0014026942685144      -0.0000000089762530    -244.6053861830887683
      -0.0013826664057767      -0.0000000089762530    -241.0623565112229869
      -0.0013626389439991      -0.0000000089762530    -237.5193977540176320
      -0.0013426118831655      -0.0000000089762530    -233.9765099086345970
      -0.0013225852232598      -0.0000000089762530    -230.4336929722343257
      -0.0013025589642661      -0.0000000089762530    -226.8909469419773473
      -0.0012825331061681      -0.0000000089762529    -223.3482718150341384
      -0.0012625076489499      -0.0000000089762522    -219.8056675886035123
      -0.0012424825925950      -0.0000000089762481    -216.2631342600985818
      -0.0012224579370847      -0.0000000089762237    -212.7206718281213398
      -0.0012024336823895      -0.0000000089760854    -209.1782802978450491
      -0.0011824098284231      -0.0000000089753455    -205.6359597082084463
      -0.0011623863748676      -0.0000000089718243    -202.0937102433596522
      -0.0011423633209827      -0.0000000089592816    -198.5515324354074096
      -0.0011223406666921      -0.0000000089311325    -195.0094268452016024
      -0.0011023184134347      -0.0000000088889243    -191.4673933376923571
      -0.0010822965619852      -0.0000000088386122    -187.9254314000429531
      -0.0010622751120437      -0.0000000087845927    -184.3835406524171674
      -0.0010422540631867      -0.0000000087290312    -180.8417209090850690
      -0.0010222334151895      -0.0000000086728648    -177.2999720842146303
      -0.0010022131679246      -0.0000000086164504    -173.7582941453447347
      -0.0009821933213495      -0.0000000085599351    -170.2166870727313039
      -0.0009621738753984      -0.0000000085033462    -166.6751508703227387
      -0.0009421548300941      -0.0000000084467590    -163.1336855235784924
      -0.0009221361853933      -0.0000000083901661    -159.5922910309066935
      -0.0009021179412831      -0.0000000083335681    -156.0509673893163267
      -0.0008821000977470      -0.0000000082769651    -152.5097145959888394
      -0.0008620826547690      -0.0000000082203569    -148.9685326480852723
      -0.0008420656123331      -0.0000000081637437    -145.4274215427731178
      -0.0008220489704233      -0.0000000081071254    -141.8863812772169410
      -0.0008020327290235      -0.0000000080505020    -138.3454118485819606
      -0.0007820168881178      -0.0000000079938735    -134.8045132540346174
      -0.0007620014476901      -0.0000000079372400    -131.2636854907412101
      -0.0007419864077244      -0.0000000078806013    -127.7229285558676111
      -0.0007219717682046      -0.0000000078239576    -124.1822424465793944
      -0.0007019575291149      -0.0000000077673088    -120.6416271600431145
      -0.0006819436904390      -0.0000000077106549    -117.1010826934256102
      -0.0006619302521611      -0.0000000076539959    -113.5606090438946154
      -0.0006419172142652      -0.0000000075973318    -110.0202062086160737
      -0.0006219045767347      -0.0000000075406627    -106.4798741849023145
      -0.0006018923395548      -0.0000000074839893    -102.9396129696765456
      -0.0005818805027086      -0.0000000074273112     -99.3994225601780528
      -0.0005618690661805      -0.0000000073706281     -95.8593029534715697
      -0.0005418580299536      -0.0000000073139392     -92.3192541469546910
      -0.0005218473940129      -0.0000000072572451     -88.7792761377134525
      -0.0005018371583420      -0.0000000072005454     -85.2393689229216278
      -0.0004818273229245      -0.0000000071438393     -81.6995324998959376
      -0.0004618178877446      -0.0000000070871242     -78.1597668658472884
      -0.0004418088527845      -0.0000000070303888     -74.6200720186392630
      -0.0004218002180238      -0.0000000069735975     -71.0804479575866708
      -0.0004017919834325      -0.0000000069166373     -67.5408946866680964
      -0.0003817841489529      -0.0000000068591640     -64.0014122237883782
      -0.0003617767144587      -0.0000000068002242     -60.4620006236156087
      -0.0003417696797256      -0.0000000067376898     -56.9226600102856963
      -0.0003217630445696      -0.0000000066685206     -53.3833905639669766
      -0.0003017568092108      -0.0000000065909773     -49.8441923860454210
      -0.0002817509741299      -0.0000000065061023     -46.3050654126282808
      -0.0002617455395767      -0.0000000064163384     -42.7660094910572397
      -0.0002417405054578      -0.0000000063237857     -39.2270244942297808
      -0.0002217358716198      -0.0000000062297803     -35.6881103408623659
      -0.0002017316379509      -0.0000000061350615     -32.1492669816312002
      -0.0001817278043569      -0.0000000060399830     -28.6104943933002858
      -0.0001617243707920      -0.0000000059447247     -25.0717925624790254
      -0.0001417213372326      -0.0000000058493747     -21.5331614782683900
      -0.0001217187036265      -0.0000000057539511     -17.9946011418497918
      -0.0001017164699848      -0.0000000056585061     -14.4561115453837363
      -0.0000817146362785      -0.0000000055630486     -10.9176926852556058
      -0.0000617132024899      -0.0000000054675806      -7.3793445584616277
      -0.0000417121686027      -0.0000000053721024      -3.8410671621430739
      -0.0000217115346008      -0.0000000052766139      -0.3028604934662280
      -0.0000017113004681      -0.0000000051811153       3.2352754503974488
       0.0000182885338113      -0.0000000050856065       6.7733406722755030
       0.0000382879682534      -0.0000000049900875      10.3113351749950990
       0.0000582870028742      -0.0000000048945584      13.8492589613832191
       0.0000782856376897      -0.0000000047990190      17.3871120342666146
       0.0000982838727158      -0.0000000047034695      20.9248943964718244
       0.0001182817079686      -0.0000000046079099      24.4626060508256984
       0.0001382791434639      -0.0000000045123400      28.0002470001539194
       0.0001582761792179      -0.0000000044167600      31.5378172472829448
       0.0001782728152464      -0.0000000043211699      35.0753167950386526
       0.0001982690515654      -0.0000000042255695      38.6127456462470562
       0.0002182648881910      -0.0000000041299590      42.1501038037332236
       0.0002382603251390      -0.0000000040343383      45.6873912703228271
       0.0002582553624254      -0.0000000039387075      49.2246080488416382
       0.0002782500000663      -0.0000000038430664      52.7617541421140359
       0.0002982442380776      -0.0000000037474153      56.2988295529651666
       0.0003182380764752      -0.0000000036517539      59.8358342842197146
       0.0003382315152752      -0.0000000035560824      63.3727683387027980
       0.0003582245544935      -0.0000000034604007      66.9096317192377796
       0.0003782171941460      -0.0000000033647089      70.4464244286503742
       0.0003982094342487      -0.0000000032690069      73.9831464697633692
       0.0004182012748176      -0.0000000031732947      77.5197978454011292
       0.0004381927158687      -0.0000000030775724      81.0563785583873653
       0.0004581837574178      -0.0000000029818399      84.5928886115453906
       0.0004781743994811      -0.0000000028860972      88.1293280076994563
       0.0004981646420744      -0.0000000027903444      91.6656967496720654
       0.0005181544852136      -0.0000000026945814      95.2019948402862042
       0.0005381439289148      -0.0000000025988083      98.7382222823653706
       0.0005581329731939      -0.0000000025030250     102.2743790787311298
       0.0005781216180669      -0.0000000024072315     105.8104652322082728
       0.0005981098635497      -0.0000000023114279     109.3464807456167591
       0.0006180977096583      -0.0000000022156141     112.8824256217795039
       0.0006380851564086      -0.0000000021197902     116.4182998635190955
       0.0006580722038165      -0.0000000020239561     119.9541034736579803
       0.0006780588518981      -0.0000000019281119     123.4898364550159613
       0.0006980451006693      -0.0000000018322575     127.0254988104158684
       0.0007180309501460      -0.0000000017363929     130.5610905426788690
       0.0007380164003442      -0.0000000016405182     134.0966116546264004
       0.0007580014512797      -0.0000000015446334     137.6320621490780809
       0.0007779861029687      -0.0000000014487383     141.1674420288579483
       0.0007979703554270      -0.0000000013528332     144.7027512967831058
       0.0008179542086705      -0.0000000012569179     148.2379899556765963
       0.0008379376627153      -0.0000000011609924     151.7731580083571998
       0.0008579207175771      -0.0000000010650568     155.3082554576463110
       0.0008779033732721      -0.0000000009691110     158.8432823063623403
       0.0008978856298161      -0.0000000008731550     162.3782385573278191
       0.0009178674872251      -0.0000000007771890     165.9131242133591400
       0.0009378489455150      -0.0000000006812127     169.4479392772769870
       0.0009578300047017      -0.0000000005852264     172.9826837519029255
       0.0009778106648012      -0.0000000004892298     176.5173576400536319
       0.0009977909258294      -0.0000000003932232     180.0519609445476590
       0.0010177707878023      -0.0000000002972064     183.5864936682072823
       0.0010377502507358      -0.0000000002011794     187.1209558138469617
       0.0010577293146457      -0.0000000001051423     190.6553473842864150
       0.0010777079795482      -0.0000000000090950     194.1896683823470653
       0.0010976862454590       0.0000000000869624     197.7239188108426333
       0.0011176641123941       0.0000000001830299     201.2580986725940591
       0.0011376415803695       0.0000000002791076     204.7922079704189287
       0.0011576186494011       0.0000000003751955     208.3262467071334925
       0.0011775953195047       0.0000000004712934     211.8602148855558767
       0.0011975715906964       0.0000000005674016     215.3941125085031842
       0.0012175474629920       0.0000000006635198     218.9279395787930014
       0.0012375229364075       0.0000000007596482     222.4616960992420331
       0.0012574980109588       0.0000000008557868     225.9953820726681784
       0.0012774726866618       0.0000000009519354     229.5289975018854136
       0.0012974469635325       0.0000000010480943     233.0625423897137694
       0.0013174208415868       0.0000000011442632     236.5960167389657727
       0.0013373943208405       0.0000000012404423     240.1294205524621077
       0.0013573674013096       0.0000000013366316     243.6627538330143068
       0.0013773400830100       0.0000000014328310     247.1960165834386771
       0.0013973123659577       0.0000000015290405     250.7292088065537996
       0.0014172842501686       0.0000000016252601     254.2623305051728835
       0.0014372557356585       0.0000000017214899     257.7953816821116106
       0.0014572268224434       0.0000000018177298     261.3283623401847535
       0.0014771975105392       0.0000000019139799     264.8612724822087330
       0.0014971677999618       0.0000000020102401     268.3941121109958203
       0.0015171376907271       0.0000000021065104     271.9268812293639712
       0.0015371071828510       0.0000000022027909     275.4595798401265370
       0.0015570762763495       0.0000000022990814     278.9922079460949362
       0.0015770449712385       0.0000000023953822     282.5247655500856467
       0.0015970132675338       0.0000000024916930     286.0572526549137820
       0.0016169811652513       0.0000000025880140     289.5896692633914995
       0.0016369486644071       0.0000000026843451     293.1220153783314117
       0.0016569157650169       0.0000000027806864     296.6542910025485753
       0.0016768824670966       0.0000000028770378     300.1864961388562278
       0.0016968487706623       0.0000000029733993     303.7186307900661859
       0.0017168146757297       0.0000000030697709     307.2506949589932219
       0.0017367801823148       0.0000000031661527     310.7826886484480156
       0.0017567452904335       0.0000000032625445     314.3146118612457371
       0.0017767100001017       0.0000000033589466     317.8464646001954179
       0.0017966743113353       0.0000000034553587     321.3782468681133082
       0.0018166382241501       0.0000000035517810     324.9099586678087235
       0.0018366017385621       0.0000000036482134     328.4416000020928550
       0.0018565648545872       0.0000000037446559     331.9731708737818963
       0.0018765275722412       0.0000000038411085     335.5046712856813542
       0.0018964898915401       0.0000000039375713     339.0361012406060581
       0.0019164518124997       0.0000000040340442     342.5674607413670856
       0.0019364133351360       0.0000000041305272     346.0987497907769921
       0.0019563744594648       0.0000000042270203     349.6299683916436720
       0.0019763351855020       0.0000000043235236     353.1611165467770093
       0.0019962955132635       0.0000000044200370     356.6921942589936521
       0.0020162554427652       0.0000000045165605     360.2232015310971178
       0.0020362149740230       0.0000000046130941     363.7541383659038274
       0.0020561741070528       0.0000000047096378     367.2850047662204815
       0.0020761328418704       0.0000000048061917     370.8158007348549745
       0.0020960911784917       0.0000000049027556     374.3465262746165649
       0.0021160491169327       0.0000000049993297     377.8771813883217874
       0.0021360066572091       0.0000000050959139     381.4077660787729087
       0.0021559637993370       0.0000000051925083     384.9382803487836782
       0.0021759205433321       0.0000000052891127     388.4687242011621606
       0.0021958768892103       0.0000000053857273     391.9990976387162505
       0.0022158328369875       0.0000000054823519     395.5294006642537283
       0.0022357883866797       0.0000000055789867     399.0596332805853876
       0.0022557435383026       0.0000000056756316     402.5897954905163942
       0.0022756982918721       0.0000000057722866     406.1198872968578826
       0.0022956526474042       0.0000000058689518     409.6499087024174059
       0.0023156066049146       0.0000000059656270     413.1798597100039387
       0.0023355601644193       0.0000000060623123     416.7097403224255459
       0.0023555133259342       0.0000000061590078     420.2395505424835846
       0.0023754660894750       0.0000000062557134     423.7692903729908380
       0.0023954184550578       0.0000000063524291     427.2989598167539498
       0.0024153704226982       0.0000000064491548     430.8285588765809848
       0.0024353219924123       0.0000000065458907     434.3580875552753469
       0.0024552731642159       0.0000000066426368     437.8875458556458966
       0.0024752239381255       0.0000000067393929     441.4169337802470636
       0.0024951743141551       0.0000000068361574     444.9462513322994823
       0.0025151242923222       0.0000000069329313     448.4754985144975308
       0.0025350738726423       0.0000000070297150     452.0046753296193742
       0.0025550230551311       0.0000000071265086     455.5337817804576730
       0.0025749718398047       0.0000000072233123     459.0628178698120792
       0.0025949202266788       0.0000000073201261     462.5917836004885544
       0.0026148682157692       0.0000000074169499     466.1206789752882287
       0.0026348158070919       0.0000000075137839     469.6495039970121752
       0.0026547630006627       0.0000000076106279     473.1782586684722105
       0.0026747097964974       0.0000000077074821     476.7069429924667361
       0.0026946561946120       0.0000000078043464     480.2355569718017705
       0.0027146021950222       0.0000000079012207     483.7641006092708835
       0.0027345477977439       0.0000000079981052     487.2925739076746368
       0.0027544930027930       0.0000000080949998     490.8209768698063158
       0.0027744378101852       0.0000000081919044     494.3493094984507366
       0.0027943822199366       0.0000000082888192     497.8775717963800389
       0.0028143262320628       0.0000000083857440     501.4057637663333935
       0.0028342698465798       0.0000000084826790     504.9338854110218904
       0.0028542130635035       0.0000000085796240     508.4619367330934665
       0.0028741558828495       0.0000000086765792     511.9899177350887385
       0.0028940983046339       0.0000000087735443     515.5178284193819991
       0.0029140403288725       0.0000000088705196     519.0456687880769095
       0.0029339819555810       0.0000000089675048     522.5734388428636521
       0.0029539231847754       0.0000000090645001     526.1011385847722295
       0.0029738640164714       0.0000000091615053     529.6287680138906353
       0.0029938018478299       0.0000000091698194     529.9311086803644457
       0.0029955106140065       0.0000000091702977     529.9134706635804832
       0.0029954109129933       0.0000000091707692     529.8958326456672694
       0.0029953112049423       0.0000000091714620     529.8693756165790774
       0.0029951616428430       0.0000000091724698     529.8296900680074941
       0.0029949372996458       0.0000000091739149     529.7701617337073685
       0.0029946007847424       0.0000000091759449     529.6808692054829635
       0.0029940960121487       0.0000000091787164     529.5469303505152538
       0.0029933388527352       0.0000000091823544     529.3460219187807070
       0.0029922031124637       0.0000000091868838     529.0446589160860640
       0.0029904994995245       0.0000000091921399     528.5926135694871846
       0.0029879440745270       0.0000000091976918     527.9145435647818658
       0.0029841109246294       0.0000000092028493     526.8974339315210500
       0.0029783611721371       0.0000000092068419     525.3717588072628359
       0.0029697364815776       0.0000000092091798     523.0832216863738040
       0.0029567993062731       0.0000000092100977     519.6503607620188632
       0.0029373945302185       0.0000000092103460     516.1225249304827685
       0.0029174529716843       0.0000000092104129     512.5946188078634123
       0.0028975110156580       0.0000000092104310     509.0666423774066516
       0.0028775686620968       0.0000000092104359     505.5385956325688994
       0.0028576259109774       0.0000000092104372     502.0104785694524594
       0.0028376827622821       0.0000000092104376     498.4822911849420848
       0.0028177392159945       0.0000000092104377     494.9540334760490055
       0.0027977952720986       0.0000000092104377     491.4257054399184312
       0.0027778509305784       0.0000000092104377     487.8973070737290527
       0.0027579061914182       0.0000000092104377     484.3688383746697355
       0.0027379610546021       0.0000000092104377     480.8402993399164984
       0.0027180155201142       0.0000000092104377     477.3116899666665063
       0.0026980695879387       0.0000000092104377     473.7830102521185722
       0.0026781232580597       0.0000000092104377     470.2542601934558775
       0.0026581765304614       0.0000000092104377     466.7254397878815553
       0.0026382294051279       0.0000000092104377     463.1965490325838459
       0.0026182818820434       0.0000000092104377     459.6675879247641205
       0.0025983339611921       0.0000000092104377     456.1385564616068677
       0.0025783856425579       0.0000000092104377     452.6094546403143113
       0.0025584369261252       0.0000000092104377     449.0802824580745209
       0.0025384878118780       0.0000000092104377     445.5510399120873331
       0.0025185382998005       0.0000000092104377     442.0217269995405331
       0.0024985883898768       0.0000000092104377     438.4923437176307743
       0.0024786380820911       0.0000000092104377     434.9628900635530044
       0.0024586873764274       0.0000000092104377     431.4333660344962027
       0.0024387362728700       0.0000000092104377     427.9037716276558854
       0.0024187847714030       0.0000000092104377     424.3741068402266592
       0.0023988328720104       0.0000000092104377     420.8443716693966508
       0.0023788805746765       0.0000000092104377     417.3145661123629679
       0.0023589278793854       0.0000000092104377     413.7846901663138510
       0.0023389747861211       0.0000000092104377     410.2547438284418604
       0.0023190212948679       0.0000000092104377     406.7247270959451271
       0.0022990674056099       0.0000000092104377     403.1946399660077418
       0.0022791131183311       0.0000000092104377     399.6644824358244250
       0.0022591584330158       0.0000000092104377     396.1342545025898403
       0.0022392033496480       0.0000000092104377     392.6039561634883626
       0.0022192478682118       0.0000000092104377     389.0735874157194871
       0.0021992919886915       0.0000000092104377     385.5431482564662815
       0.0021793357110711       0.0000000092104377     382.0126386829244893
       0.0021593790353347       0.0000000092104377     378.4820586922826919
       0.0021394219614665       0.0000000092104377     374.9514082817313465
       0.0021194644894506       0.0000000092104377     371.4206874484627292
       0.0020995066192711       0.0000000092104377     367.8898961896675246
       0.0020795483509121       0.0000000092104377     364.3590345025308466
       0.0020595896843577       0.0000000092104377     360.8281023842468471
       0.0020396306195921       0.0000000092104377     357.2970998320047897
       0.0020196711565994       0.0000000092104377     353.7660268429914936
       0.0019997112953637       0.0000000092104377     350.2348834143988370
       0.0019797510358691       0.0000000092104377     346.7036695434127296
       0.0019597903780997       0.0000000092104377     343.1723852272298245
       0.0019398293220397       0.0000000092104377     339.6410304630284145
       0.0019198678676731       0.0000000092104377     336.1096052480068579
       0.0018999060149841       0.0000000092104377     332.5781095793465170
       0.0018799437639567       0.0000000092104377     329.0465434542400658
       0.0018599811145751       0.0000000092104377     325.5149068698738688
       0.0018400180668234       0.0000000092104377     321.9831998234337220
       0.0018200546206856       0.0000000092104377     318.4514223121129248
       0.0018000907761460       0.0000000092104377     314.9195743330928963
       0.0017801265331886       0.0000000092104377     311.3876558835653441
       0.0017601618917975       0.0000000092104377     307.8556669607157801
       0.0017401968519568       0.0000000092104377     304.3236075617312508
       0.0017202314136506       0.0000000092104377     300.7914776838023840
       0.0017002655768630       0.0000000092104377     297.2592773241108830
       0.0016802993415781       0.0000000092104377     293.7270064798439648
       0.0016603327077801       0.0000000092104377     290.1946651481905519
       0.0016403656754529       0.0000000092104377     286.6622533263364971
       0.0016203982445808       0.0000000092104377     283.1297710114667439
       0.0016004304151478       0.0000000092104377     279.5972182007672586
       0.0015804621871379       0.0000000092104377     276.0645948914257701
       0.0015604935605354       0.0000000092104377     272.5319010806251754
       0.0015405245353243       0.0000000092104377     268.9991367655517251
       0.0015205551114886       0.0000000092104377     265.4663019433920113
       0.0015005852890125       0.0000000092104377     261.9333966113292718
       0.0014806150678801       0.0000000092104377     258.4004207665508375
       0.0014606444480754       0.0000000092104377     254.8673744062386959
       0.0014406734295826       0.0000000092104377     251.3342575275796378
       0.0014207020123858       0.0000000092104377     247.8010701277568728
       0.0014007301964689       0.0000000092104377     244.2678122039556570
       0.0013807579818161       0.0000000092104377     240.7344837533586031
       0.0013607853684115       0.0000000092104377     237.2010847731504271
       0.0013408123562392       0.0000000092104377     233.6676152605145660
       0.0013208389452833       0.0000000092104376     230.1340752126403117
       0.0013008651355277       0.0000000092104373     226.6004646267312808
       0.0012808909269564       0.0000000092104351     223.0667835001068227
       0.0012609163195520       0.0000000092104215     219.5330318307754567
       0.0012409413132902       0.0000000092103421     215.9992096206612189
       0.0012209659081109       0.0000000092099000     212.4653168927407876
       0.0012009901037887       0.0000000092076546     208.9313537693753915
       0.0011810138996542       0.0000000091985961     205.3973206831778953
       0.0011610372951939       0.0000000091749987     201.8632183025469828
       0.0011410602916152       0.0000000091358191     198.3290467146267417
       0.0011210828901273       0.0000000090867345     194.7948054229868262
       0.0011011050906251       0.0000000090329350     191.2604939712196597
       0.0010811268926320       0.0000000089771481     187.7261121244204389
       0.0010611482958803       0.0000000089205908     184.1916597695702080
       0.0010411693002036       0.0000000088637220     180.6571368656189520
       0.0010211899055512       0.0000000088067334     177.1225433880403273
       0.0010012101118450       0.0000000087496641     173.5878793418567057
       0.0009812299191172       0.0000000086926091     170.0531447093089241
       0.0009612493273162       0.0000000086355582     166.5183394892927140
       0.0009412683364306       0.0000000085785125     162.9834636787563795
       0.0009212869464439       0.0000000085214718     159.4485172749078572
       0.0009013051573401       0.0000000084644362     155.9135002749246439
       0.0008813229691033       0.0000000084074056     152.3784126759854871
       0.0008613403817176       0.0000000083503801     148.8432544752711806
       0.0008413573951669       0.0000000082933597     145.3080256699624613
       0.0008213740094355       0.0000000082363444     141.7727262572375366
       0.0008013902245073       0.0000000081793341     138.2373562342756088
       0.0007814060403664       0.0000000081223289     134.7019155982563063
       0.0007614214569969       0.0000000080653288     131.1664043463592861
       0.0007414364743827       0.0000000080083338     127.6308224757617893
       0.0007214510925080       0.0000000079513438     124.0951699836438848
       0.0007014653113569       0.0000000078943589     120.5594468671845334
       0.0006814791309136       0.0000000078373790     117.0236531234150590
       0.0006614925511613       0.0000000077804034     113.4877887497594884
       0.0006415055720850       0.0000000077234325     109.9518537433237384
       0.0006215181936680       0.0000000076664665     106.4158481013901536
       0.0006015304158954       0.0000000076095063     102.8797718209060008
       0.0005815422387504       0.0000000075525512      99.3436248991423838
       0.0005615536622171       0.0000000074956007      95.8074073333019101
       0.0005415646862798       0.0000000074386540      92.2711191205338821
       0.0005215753109215       0.0000000073817071      88.7347602583656538
       0.0005015855361252       0.0000000073247492      85.1983307446126048
       0.0004815953618703       0.0000000072677436      81.6618305786750938
       0.0004616047881260       0.0000000072105721      78.1252597648814913
       0.0004416138148320       0.0000000071528740      74.5886183222751953
       0.0004216224418562       0.0000000070936504      71.0519063086064335
       0.0004016306689667       0.0000000070306931      67.5151238534310778
       0.0003816384959872       0.0000000069609304      63.9782711395747228
       0.0003616459231660       0.0000000068827344      60.4413482617338786
       0.0003416529509915       0.0000000067972853      56.9043551467300190
       0.0003216595796960       0.0000000067070681      53.3672916385927465
       0.0003016658091764       0.0000000066141635      49.8301576105403043
       0.0002816716392771       0.0000000065198765      46.2929529825825767
       0.0002616770698867       0.0000000064249229      42.7556777067587745
       0.0002416821009134       0.0000000063296445      39.2183317604059383
       0.0002216867323122       0.0000000062342139      35.6809151304891117
       0.0002016909640575       0.0000000061387157      32.1434278072157156
       0.0001816947961049       0.0000000060431730      28.6058697900274694
       0.0001616982284580       0.0000000059476298      25.0682410720823370
       0.0001417012610907       0.0000000058520950      21.5305416497830144
       0.0001217038939852       0.0000000057565699      17.9927715201516385
       0.0001017061271252       0.0000000056610549      14.4549306803336002
       0.0000817079604946       0.0000000055655501      10.9170191274968627
       0.0000617093940775       0.0000000054700554       7.3790368588136639
       0.0000417104278577       0.0000000053745709       3.8409838714568512
       0.0000217110618195       0.0000000052790966       0.3028601625993844
       0.0000017139014440       0.0000000052709142      -0.0003865030279633
